0.000000000	94
0.000034816	94
0.010293420	86
0.010293684	123
0.010562526	86
0.010624703	87
0.020813980	86
0.020846724	90
0.020846804	210
0.020909167	86
0.020954731	87
0.236984078	87
0.247341056	94
0.247378651	94
0.257679393	123
0.257723753	86
0.258848410	87
0.258869272	87
0.269017791	86
0.269042486	2942
0.269068426	86
0.269042704	2942
0.269090048	86
0.269042771	2942
0.269102133	86
0.269042841	2942
0.269111861	2942
0.269123648	86
0.269141245	86
0.279271992	2942
0.279299124	86
0.279272215	2942
0.279326417	86
0.279272285	2942
0.279272352	2942
0.279346199	86
0.279350454	4370
0.279350629	4370
0.279358429	86
0.279350736	4370
0.279368156	86
0.279369181	4370
0.279377021	86
0.279387864	86
0.289571730	2942
0.289598855	86
0.289571957	5798
0.289626157	86
0.289572047	5798
0.289645859	86
0.289648292	7226
0.289660366	86
0.289648467	8654
0.289674352	86
0.289684726	4370
0.289703029	86
0.289684901	10082
0.289719164	86
0.289731239	10082
0.289745481	86
0.289731414	2942
0.289767631	86
0.299893902	5798
0.299894112	2942
0.299894182	12938
0.299937942	4370
0.299952145	98
0.299938085	15794
0.299974559	15794
0.299982979	98
0.299998437	98
0.302517298	20078
0.302545936	98
0.306068138	21206
0.306096963	98
0.310256430	4370
0.310281005	98
0.310256635	10082
0.310304464	98
0.310312214	4370
0.310323497	86
0.310312344	1514
0.310331929	98
0.311116501	10082
0.311142916	98
0.312128816	5798
0.312154186	98
0.314092999	11510
0.314120552	98
0.315481497	8654
0.315511604	98
0.316997276	8654
0.317022593	98
0.319171395	12938
0.319197640	98
0.320528025	4370
0.320552913	98
0.320528250	386
0.320584418	86
0.321359792	8654
0.321386277	86
0.322321972	5798
0.322348102	86
0.322563733	1514
0.322588645	86
0.324088932	8654
0.324115704	86
0.324226924	1514
0.324239951	86
0.324787119	2942
0.324812414	86
0.325281281	2942
0.325306226	86
0.326981179	10082
0.327008303	86
0.327155370	1514
0.327179262	86
0.328690644	8654
0.328717319	86
0.330119943	8654
0.330146476	86
0.332049757	11510
0.332077349	86
0.332233843	1514
0.332258110	86
0.332988278	4370
0.333013485	86
0.334230436	7226
0.334256618	86
0.335443342	7226
0.335469507	86
0.336685246	7226
0.336711621	86
0.337843610	7226
0.337869912	86
0.339077958	7226
0.339103981	86
0.340317484	7226
0.340343649	86
0.341525133	7226
0.341551113	86
0.342739545	7226
0.342765917	86
0.343706812	5798
0.343732350	86
0.344896534	7226
0.344922469	86
0.346105927	7226
0.346131850	86
0.347308264	7226
0.347332091	98
0.348552295	7226
0.348577585	98
0.349763561	7226
0.349789058	98
0.350946670	7226
0.350971210	98
0.351918880	5798
0.351943790	98
0.353123397	7226
0.353148359	98
0.354320438	7226
0.354344660	98
0.355553372	7226
0.355578461	98
0.356763458	7226
0.356792757	98
0.357996969	7226
0.358021494	98
0.358940777	5798
0.358966854	98
0.359161745	1514
0.359188788	86
0.359656592	2942
0.359685802	86
0.360618250	5798
0.360649450	86
0.361316915	4370
0.361348552	86
0.364572159	7226
0.364596223	98
0.365792640	7226
0.365818392	98
0.366980296	7226
0.367005776	98
0.368251977	7226
0.368277252	98
0.369195293	5798
0.369221950	98
0.369856280	4370
0.369882033	98
0.370854086	4370
0.370881051	98
0.371577675	4370
0.371602118	98
0.374821154	1514
0.374844282	106
0.377231852	1514
0.377254999	98
0.377232059	5798
0.377277459	98
0.378547842	5798
0.378572650	98
0.378548062	1514
0.378590805	98
0.379462128	4370
0.379486731	98
0.379462348	1514
0.379505658	98
0.381171201	7226
0.381196946	98
0.381171423	1514
0.381215668	98
0.381868683	4370
0.381893263	98
0.387503592	4370
0.387532805	86
0.387503810	2942
0.387554015	86
0.387503880	5798
0.387568692	86
0.388862260	5798
0.388887920	86
0.388862480	1514
0.388905410	86
0.389775784	4370
0.389800816	86
0.389776004	1514
0.389820496	86
0.391491024	7226
0.391516986	86
0.391491244	1514
0.391536861	86
0.392094004	4370
0.392119299	86
0.397750871	4370
0.397775856	86
0.397751088	4370
0.397797223	86
0.397751158	4370
0.397810475	86
0.399157690	2942
0.399182493	86
0.399157908	4370
0.399203203	86
0.400032622	4370
0.400057514	86
0.401797761	4370
0.401823359	86
0.401797979	4370
0.401844996	86
0.402355752	4370
0.402381142	86
0.402355972	2942
0.402401225	86
0.407944132	4370
0.407970007	86
0.407944349	4370
0.407990734	98
0.409446768	2942
0.409470841	98
0.410319630	4370
0.410344107	98
0.410319850	4370
0.410363104	98
0.412111382	4370
0.412137354	98
0.412111607	4370
0.412157966	98
0.412618475	4370
0.412642078	98
0.412618695	2942
0.412660800	98
0.418193865	4370
0.418218420	98
0.418194082	4370
0.418242220	86
0.419741751	1514
0.419765809	86
0.420617935	2942
0.420654440	86
0.420618157	2942
0.420673792	86
0.422876376	4370
0.422907156	86
0.422876594	4370
0.422927346	86
0.422876664	2942
0.422939526	86
0.428467010	4370
0.428497715	86
0.428467233	2942
0.428519165	86
0.430046917	2942
0.430077084	86
0.430927450	2942
0.430956372	86
0.430927673	2942
0.430976342	86
0.433177771	2942
0.433200589	98
0.433177994	2942
0.433220034	98
0.433178064	2942
0.433232729	98
0.438733784	2942
0.438757961	98
0.438734006	2942
0.438778043	98
0.438734076	2942
0.438792036	98
0.440316677	2942
0.440340367	98
0.441174448	2942
0.441198241	98
0.443496517	2942
0.443520514	98
0.443496741	2942
0.443538919	98
0.443496809	2942
0.443560564	86
0.443496879	1514
0.443570631	86
0.448941812	2942
0.448975989	86
0.448942032	1514
0.448994439	86
0.451459627	2942
0.451482636	98
0.453797267	2942
0.453821787	98
0.453797490	2942
0.453840482	98
0.453797557	2942
0.453853414	98
0.459192588	2942
0.459216155	106
0.461764854	2942
0.461789304	106
0.464114972	2942
0.464142625	98
0.464115195	2942
0.464161694	98
0.469399409	1514
0.469425356	86
0.469399631	2942
0.469448361	86
0.472078749	2942
0.472104002	86
0.474415390	2942
0.474444227	86
0.474415615	2942
0.474477635	86
0.479660109	4370
0.479685394	86
0.482360220	2942
0.482385317	86
0.484734025	2942
0.484757385	86
0.484734230	1514
0.484773992	98
0.489888868	2942
0.489913000	98
0.492667810	2942
0.492692318	98
0.494964668	2942
0.494987688	98
0.494964876	2942
0.495004651	98
0.500116956	1514
0.500142226	98
0.502992048	1514
0.503015788	98
0.505191582	2942
0.505214427	98
0.505191804	2942
0.505233279	98
0.510332912	1514
0.510355974	98
0.515405820	1514
0.515431278	86
0.515406010	2942
0.515450870	86
0.515406080	4370
0.515461153	86
0.520556231	1514
0.520580576	86
0.525631564	4370
0.525655834	86
0.525631781	2942
0.525676846	86
0.525631851	1514
0.525687289	86
0.530785236	2942
0.530811496	86
0.535861597	2942
0.535885639	86
0.535861815	2942
0.535905399	86
0.535861887	2942
0.535915847	86
0.540976328	2942
0.541001170	86
0.546081423	2942
0.546106713	86
0.546081648	2942
0.546128055	86
0.546081716	2942
0.546141215	86
0.551156544	2942
0.551179651	86
0.556323041	2942
0.556347824	86
0.556323269	1514
0.556366036	86
0.561399457	2942
0.561423274	86
0.561399672	2942
0.561442449	86
0.561399742	1514
0.561466002	86
0.566498290	2942
0.566520830	86
0.566498503	1514
0.566535167	86
0.571572363	2942
0.571596941	86
0.571572576	2942
0.571616043	86
0.571572671	2942
0.571638035	86
0.576729491	1514
0.576751378	98
0.581853184	2942
0.581877344	98
0.581853409	2942
0.581896978	106
0.592170129	2942
0.592197479	98
0.592170354	2942
0.592219399	86
0.592170421	1514
0.592232101	86
0.602499457	2942
0.602526009	86
0.602499677	4370
0.602553119	86
0.602499744	1514
0.602571846	86
0.612822199	2942
0.612851567	86
0.612822417	2942
0.612877351	86
0.612822504	2942
0.612822574	1514
0.612895189	86
0.612907831	86
0.623127770	2942
0.623153927	86
0.623127992	2942
0.623180269	86
0.623128060	2942
0.623198259	86
0.623128130	1514
0.623209897	86
0.633443597	1514
0.633470037	86
0.633443842	2942
0.633496462	86
0.633443912	2942
0.633510952	86
0.633443982	2942
0.633523022	86
0.643742893	4370
0.643770045	86
0.643743118	2942
0.643796390	86
0.643743185	2942
0.643814880	86
0.654062965	2942
0.654089720	86
0.654063230	2942
0.654115760	86
0.654063300	2942
0.654129595	86
0.664320616	2942
0.664343994	98
0.664320839	2942
0.664365888	98
0.664320906	2942
0.664379546	98
0.674615174	1514
0.674641721	86
0.674615399	4370
0.674664486	86
0.684935549	4370
0.684971696	86
0.684935769	2942
0.684993061	86
0.695178757	2942
0.695203857	86
0.695178980	2942
0.695225272	86
0.695179047	1514
0.695237104	86
0.705478355	2942
0.705503548	86
0.705478580	2942
0.705525472	86
0.705478648	1514
0.705538140	86
0.715764928	4370
0.715790893	86
0.715765151	2942
0.715812770	86
0.726087886	2942
0.726113086	86
0.726088111	2942
0.726134981	86
0.726088178	2942
0.726147908	86
0.726088248	1514
0.726171355	86
0.736389564	2942
0.736415168	86
0.736389784	2942
0.736437306	86
0.736389854	2942
0.736449838	86
0.736389924	1514
0.736473063	86
0.746695631	2942
0.746720529	86
0.746695851	2942
0.746742676	86
0.746695919	2942
0.746755701	86
0.746695989	1514
0.746779206	86
0.757021044	2942
0.757046084	86
0.757021287	2942
0.757067121	98
0.757021377	1514
0.757080569	98
0.767321714	2942
0.767345979	98
0.767322014	1514
0.767368694	98
0.777603105	1514
0.777629837	86
0.777603327	1514
0.777648922	98
0.777603397	1514
0.777663077	98
0.787926245	1514
0.787952728	86
0.787926453	5798
0.787975287	86
0.798247145	1514
0.798271803	86
0.798247353	2942
0.798293678	86
0.798247420	4370
0.798307495	86
0.808553436	4370
0.808579265	86
0.808553653	2942
0.808600360	86
0.808553723	1514
0.808613333	86
0.818860598	2942
0.818885363	86
0.818860816	2942
0.818906698	86
0.818860886	2942
0.818920118	86
0.829173344	2942
0.829198446	86
0.829173561	2942
0.829220416	86
0.829173631	2942
0.829250021	86
0.839496114	2942
0.839521239	86
0.839496331	2942
0.839496401	2942
0.839496469	2942
0.839573336	86
0.849803567	2942
0.849828902	86
0.849803784	2942
0.849803879	2942
0.849803944	2942
0.849881709	86
0.860118909	2942
0.860143622	86
0.860119127	2942
0.860164217	98
0.860119217	2942
0.860178307	98
0.870437197	4370
0.870461527	98
0.870437415	2942
0.870484714	86
0.880732460	2942
0.880762445	86
0.880732685	1514
0.891021375	2942
0.891051388	86
0.891021601	2942
0.891097692	86
0.901355836	2942
0.901385775	86
0.901356081	2942
0.901356158	2942
0.901442282	86
0.911670446	2942
0.911700483	86
0.911670666	2942
0.911670736	2942
0.911756563	86
0.921977049	2942
0.922002096	86
0.921977291	2942
0.921977381	2942
0.922055560	86
0.932281079	2942
0.932306156	86
0.932281302	2942
0.932281372	2942
0.932358958	86
0.942577204	2942
0.942602119	86
0.942577429	2942
0.942577497	2942
0.942653134	86
0.952879192	2942
0.952904184	86
0.952879412	2942
0.952879482	2942
0.952879549	2942
0.952976064	86
0.963185452	2942
0.963208702	98
0.963185682	2942
0.963229830	98
0.963185750	2942
0.963242810	98
0.963185820	2942
0.963251422	98
0.973502085	1514
0.973528160	86
0.973502305	4370
0.973502375	2942
0.973583752	86
0.983823225	4370
0.983823450	2942
0.983823518	2942
0.983900710	86
0.994190648	2942
0.994190873	2942
0.994190940	2942
0.994191010	1514
0.994268542	86
1.004567028	2942
1.004590340	98
1.004567248	2942
1.004611527	98
1.004567318	1514
1.004624182	98
1.014865858	2942
1.014866083	2942
1.014903293	86
1.025188471	2942
1.025213360	86
1.025188725	2942
1.025188813	1514
1.025266382	86
1.035478636	1514
1.035478856	2942
1.035478926	2942
1.035553363	86
1.045841486	2942
1.045841728	2942
1.045841798	1514
1.045917928	86
1.056210493	2942
1.056210716	2942
1.056210783	1514
1.056285888	86
1.066534006	2942
1.066534228	2942
1.066534296	1514
1.066610543	86
1.076900963	2942
1.076901183	2942
1.076901251	2942
1.076901321	2942
1.077010765	86
1.087280873	2942
1.087281093	2942
1.087281163	2942
1.087347008	86
1.097602048	2942
1.097625028	98
1.097602271	2942
1.097646108	98
1.097602341	2942
1.097659288	98
1.107921376	1514
1.107947791	98
1.107921596	4370
1.107975395	98
1.118240881	1514
1.118264911	98
1.118241104	1514
1.118286908	86
1.118241174	2942
1.118241241	1514
1.118342388	86
1.128537754	2942
1.128610871	86
1.138883741	2942
1.138883971	2942
1.138884039	2942
1.138963061	86
1.149221514	2942
1.149221736	2942
1.149221806	2942
1.149297243	86
1.159586374	2942
1.159586596	2942
1.159586666	2942
1.159661433	86
1.169940746	2942
1.169941019	2942
1.169941089	2942
1.170017861	86
1.180305461	2942
1.180305681	2942
1.180305751	2942
1.180305819	2942
1.180384531	86
1.190680943	2942
1.190681191	2942
1.190681279	2942
1.190681349	2942
1.190758878	86
1.200988734	2942
1.200989051	2942
1.200989171	2942
1.200989284	2942
1.201069681	86
1.211301192	2942
1.211301416	2942
1.211301486	2942
1.211301556	2942
1.211377733	86
1.221670286	2942
1.221670509	2942
1.221670579	2942
1.221670646	2942
1.221710934	2942
1.221749148	86
1.231992542	2942
1.231992764	2942
1.231992832	2942
1.231992902	2942
1.232033611	2942
1.232071046	86
1.242363724	2942
1.242363946	2942
1.242364016	2942
1.242364084	2942
1.242406004	2942
1.242442391	86
1.252733211	2942
1.252733466	2942
1.252733551	2942
1.252733621	2942
1.252774131	2942
1.252811856	86
1.263078059	2942
1.263078281	2942
1.263078351	2942
1.263078419	2942
1.263119086	2942
1.263157741	86
1.273446264	2942
1.273446526	2942
1.273446596	2942
1.273446666	2942
1.273489088	2942
1.273489218	2942
1.273489288	1514
1.273527483	86
1.283794909	2942
1.283795131	2942
1.283795201	2942
1.283795269	2942
1.283836821	2942
1.283836958	2942
1.283855416	98
1.294155271	2942
1.294179661	98
1.294155496	2942
1.294200213	98
1.294155581	2942
1.294155651	2942
1.294219003	2942
1.294219095	2942
1.294857006	98
1.303184383	1514
1.303210363	86
1.304465774	2942
1.304490266	86
1.304465996	1514
1.305063170	2942
1.305087824	86
1.305063432	2942
1.305063520	1514
1.305140499	86
1.313471396	1514
1.314770492	2942
1.314847399	86
1.315312543	2942
1.315312765	2942
1.315312835	2942
1.315312903	1514
1.315389210	86
1.325136391	2942
1.325211231	86
1.325594191	2942
1.325594411	2942
1.325594478	2942
1.325644743	98
1.335494921	2942
1.335519176	98
1.335810629	4370
1.335835087	98
1.345792002	2942
1.345818941	86
1.346060205	2942
1.346082727	98
1.346060425	1514
1.346103322	98
1.356097605	2942
1.356124584	86
1.356267251	2942
1.356291756	86
1.356267473	1514
1.366415280	2942
1.366439600	86
1.366415500	2942
1.366492504	86
1.376714250	2942
1.376737355	98
1.376714468	2942
1.376758767	98
1.376714558	2942
1.376772245	98
1.387034758	2942
1.387061588	86
1.387034980	4370
1.387115890	86
1.397351173	2942
1.397374215	98
1.397351426	2942
1.397395253	98
1.407665721	2942
1.407689836	98
1.407665948	2942
1.407713576	86
1.417939121	2942
1.417964031	86
1.417939366	2942
1.418016306	86
1.428244154	2942
1.428244377	2942
1.428244447	1514
1.428320011	86
1.438609872	2942
1.438610092	1514
1.438610162	2942
1.438687098	86
1.448988359	2942
1.448988611	2942
1.448988684	1514
1.449068346	86
1.459341051	2942
1.459341271	2942
1.459341341	2942
1.459341411	1514
1.459421963	86
1.469713566	2942
1.469713786	2942
1.469747016	98
1.469713856	1514
1.469766906	98
1.480042871	2942
1.480067196	98
1.480043089	2942
1.480043159	1514
1.480097251	98
1.490356151	1514
1.490382314	86
1.490356371	2942
1.490356439	1514
1.490436853	86
1.500678042	4370
1.500678262	2942
1.500757796	86
1.511025412	2942
1.511025632	2942
1.511025699	1514
1.511104441	86
1.521401116	2942
1.521423784	98
1.521401356	1514
1.521444091	98
1.531713364	2942
1.531737349	98
1.531713587	1514
1.531760954	98
1.542027977	1514
1.542054289	86
1.542028219	2942
1.542110009	86
1.552314778	4370
1.552314982	1514
1.552392974	86
1.562663750	2942
1.562663970	2942
1.562740517	86
1.572982908	2942
1.572983125	2942
1.573063547	86
1.583288960	2942
1.583289180	2942
1.583367427	86
1.593650478	2942
1.593650695	2942
1.593650765	2942
1.593729565	86
1.604015535	2942
1.604015753	2942
1.604015823	2942
1.604094070	86
1.614339550	2942
1.614339768	2942
1.614372878	98
1.624612676	2942
1.624636933	98
1.624612896	2942
1.624656913	98
1.634922346	2942
1.634949069	86
1.634922569	2942
1.635004935	86
1.645239771	2942
1.645239976	4370
1.645319401	86
1.655610201	2942
1.655610429	1514
1.655643066	98
1.665922467	2942
1.665946749	98
1.675199467	1514
1.675224112	98
1.676201447	1514
1.676227607	86
1.676201674	1514
1.685513847	1514
1.685537889	86
1.686509330	1514
1.695821857	2942
1.695898287	86
1.706162377	2942
1.706162605	2942
1.706240289	86
1.716527382	2942
1.716527605	2942
1.716604482	86
1.726876047	2942
1.726876275	2942
1.726951742	86
1.737222605	2942
1.737222822	2942
1.737222892	2942
1.737298957	86
1.747582410	2942
1.747582630	2942
1.747582700	2942
1.747658214	86
1.757947880	2942
1.757948100	2942
1.757948167	2942
1.758025274	86
1.768278432	4370
1.768278652	2942
1.768278722	1514
1.768356147	86
1.778627052	2942
1.778627272	2942
1.778627342	2942
1.778703754	86
1.788993545	2942
1.788993777	2942
1.788993847	2942
1.788993915	2942
1.789034482	1514
1.789075246	86
1.799363207	2942
1.799363414	2942
1.799363484	2942
1.799363554	2942
1.799403711	1514
1.799443551	86
1.809721519	2942
1.809721754	2942
1.809721822	2942
1.809721892	2942
1.809762362	1514
1.809802099	86
1.820097881	2942
1.820098101	2942
1.820098169	2942
1.820098239	4370
1.820179081	86
1.830456892	2942
1.830457109	2942
1.830457182	2942
1.830457252	2942
1.830537128	86
1.840808307	2942
1.840831431	98
1.840808511	2942
1.840851871	98
1.840808581	2942
1.840865073	98
1.840808651	2942
1.841501602	98
1.851125129	1514
1.851151326	86
1.851125337	2942
1.851125404	2942
1.851209058	86
1.851728382	2942
1.851806364	86
1.861440554	1514
1.861440777	2942
1.861474137	98
1.871766109	2942
1.871790134	98
1.871766317	2942
1.871810882	98
1.871766385	2942
1.872456802	98
1.882082302	2942
1.882109320	86
1.882082530	1514
1.882698773	2942
1.882723295	86
1.892396653	2942
1.892421045	86
1.892933124	2942
1.892957701	86
1.892933341	2942
1.893011581	86
1.902688325	2942
1.902764995	86
1.903182007	2942
1.903182234	2942
1.903257489	86
1.913051968	2942
1.913130072	86
1.913468962	2942
1.913469192	2942
1.913544339	86
1.923387443	2942
1.923464655	86
1.923684998	2942
1.923685223	2942
1.923762188	86
1.933750138	2942
1.933827800	86
1.933921077	2942
1.933921302	2942
1.933921369	2942
1.933996821	86
1.944115343	2942
1.944115565	2942
1.944115633	2942
1.944115703	2942
1.944195212	86
1.954455228	2942
1.954455450	2942
1.954455518	2942
1.954455588	2942
1.954535017	86
1.964829252	2942
1.964829475	4370
1.964829545	2942
1.964829615	1514
1.964910364	86
1.975159040	2942
1.975159265	2942
1.975159333	2942
1.975159403	2942
1.975239952	86
1.985527215	2942
1.985527438	2942
1.985527508	2942
1.985527578	2942
1.985569475	2942
1.985569617	1514
1.985608512	86
1.995903747	2942
1.995903967	2942
1.995904062	2942
1.995904130	2942
1.995945689	2942
1.995945807	1514
1.995983489	86
2.006275897	2942
2.006276120	2942
2.006276190	2942
2.006276260	2942
2.006318907	2942
2.006319017	1514
2.006358047	86
2.016602210	2942
2.016602430	2942
2.016602500	2942
2.016602570	2942
2.016642999	2942
2.016643152	1514
2.016683012	86
2.026951367	2942
2.026951592	2942
2.026951660	2942
2.026951730	2942
2.026993607	2942
2.026993737	1514
2.027032314	86
2.037310817	2942
2.037311052	2942
2.037311142	2942
2.037311212	2942
2.037354094	2942
2.037354247	2942
2.037354334	1514
2.037393979	86
2.047684720	2942
2.047684942	2942
2.047685010	2942
2.047685082	2942
2.047727037	2942
2.047740654	98
2.047727174	2942
2.047771186	98
2.058033192	2942
2.058057344	98
2.058033425	2942
2.058033495	2942
2.058033562	2942
2.058088262	2942
2.058088354	1514
2.058104466	86
2.058088424	1514
2.068349832	4370
2.068377460	86
2.068350050	2942
2.068350120	2942
2.068350187	2942
2.068435587	86
2.078642765	2942
2.078642985	2942
2.078643080	2942
2.078643148	2942
2.078683412	2942
2.078723562	86
2.088998705	2942
2.088998955	2942
2.088999025	2942
2.088999095	2942
2.089036497	2942
2.089078150	86
2.099340458	4370
2.099340675	2942
2.099340745	2942
2.099340815	2942
2.099380120	1514
2.099421785	86
2.109698052	2942
2.109698278	2942
2.109698345	2942
2.109698415	2942
2.109739997	2942
2.109740125	2942
2.109777327	86
2.120049187	2942
2.120049410	2942
2.120049477	2942
2.120049547	2942
2.120092832	2942
2.120092965	2942
2.120129242	86
2.151143195	1514
2.192979206	86
2.203249657	2942
2.203249880	2942
2.203249947	2942
2.203250017	2942
2.203291877	2942
2.203292022	1514
2.203292092	1514
2.203329156	86
2.213622102	2942
2.213622324	2942
2.213622394	2942
2.213622464	2942
2.213664899	2942
2.213665034	2942
2.213700781	86
2.223992382	2942
2.223992602	2942
2.223992672	2942
2.223992742	2942
2.224034299	2942
2.224034436	2942
2.224070274	86
2.234300385	2942
2.234300607	2942
2.234333962	98
2.234300677	2942
2.234354587	98
2.234300747	2942
2.234365021	98
2.234371701	2942
2.235007007	98
2.244636462	2942
2.244636687	2942
2.244636774	2942
2.244678667	86
2.244636844	1514
2.245271147	2942
2.245295715	86
2.254973705	4370
2.254973927	2942
2.255048619	86
2.255540858	2942
2.255541083	2942
2.255541153	1514
2.255614487	86
2.265337352	2942
2.265337602	2942
2.265412589	86
2.265807556	2942
2.265807781	2942
2.265807851	2942
2.265880363	86
2.275690215	2942
2.275690442	2942
2.275767081	86
2.276055954	2942
2.276056179	2942
2.276056249	2942
2.276131326	86
2.286058777	2942
2.286059004	2942
2.286136816	86
2.286304505	2942
2.286304728	2942
2.286304798	2942
2.286378712	86
2.296343637	2942
2.296343865	2942
2.296418609	86
2.296545998	2942
2.296546221	2942
2.296546291	2942
2.296546361	2942
2.296619665	86
2.306691097	2942
2.306691325	2942
2.306768522	86
2.306772739	2942
2.306796419	98
2.306772967	2942
2.306816359	98
2.306773034	2942
2.306829429	98
2.317003938	2942
2.317004192	2942
2.317004288	2942
2.317043952	98
2.327317095	2942
2.327344227	86
2.327317343	2942
2.327317413	2942
2.327317483	2942
2.327401537	86
2.337599718	2942
2.337599968	2942
2.337600038	2942
2.337600108	2942
2.337639610	1514
2.337679305	86
2.347970231	2942
2.347970453	2942
2.347970521	2942
2.347970591	2942
2.348048247	86
2.358338910	2942
2.358361653	98
2.358339133	2942
2.358382495	98
2.358339203	2942
2.358395238	98
2.358339273	2942
2.359034138	98
2.368626613	1514
2.368652941	86
2.368626836	4370
2.368706878	86
2.369292009	2942
2.369366938	86
2.378936226	4370
2.379013213	86
2.379610919	2942
2.379611144	2942
2.379685688	86
2.389294561	2942
2.389370498	86
2.389927059	2942
2.389927284	2942
2.389927354	1514
2.390001431	86
2.399655303	2942
2.399732143	86
2.410026881	2942
2.410049798	98
2.410027128	2942
2.410071118	98
2.410027198	1514
2.410083743	98
2.420342491	2942
2.420342713	2942
2.420379408	86
2.430659336	2942
2.430683938	86
2.430659556	2942
2.430659644	1514
2.430738896	86
2.440976919	2942
2.440977189	2942
2.440977279	1514
2.441056248	86
2.451265837	2942
2.451266054	2942
2.451266124	1514
2.451342609	86
2.461614422	2942
2.461614644	2942
2.461614712	1514
2.461692114	86
2.471985237	2942
2.471985459	2942
2.471985547	2942
2.471985617	1514
2.472062958	86
2.482352794	2942
2.482353014	2942
2.482353081	2942
2.482353151	1514
2.482432883	86
2.492722409	2942
2.492722629	2942
2.492755849	98
2.492722699	1514
2.492775404	98
2.503018934	2942
2.503042839	98
2.503019154	2942
2.503019222	1514
2.503072834	98
2.513334717	1514
2.513361447	86
2.513334959	2942
2.513335049	1514
2.513418184	86
2.523622500	1514
2.523622722	2942
2.523622792	2942
2.523700734	86
2.533982882	2942
2.533983107	1514
2.534015492	98
2.544258455	2942
2.544282180	98
2.555157994	1514
2.555182519	98
2.565469659	1514
2.565495721	86
2.565469904	2942
2.565548071	86
2.575765627	2942
2.575788139	98
2.575765854	1514
2.575807824	98
2.586075872	2942
2.586099815	98
2.586076122	1514
2.586122802	86
2.596390915	2942
2.596417340	86
2.627154464	1514
2.668979979	86
2.679249550	2942
2.679249792	2942
2.679311594	86
2.727129405	1514
2.768980356	86
2.779248755	2942
2.779248995	2942
2.779308164	86
2.789593977	2942
2.789594205	2942
2.789654137	86
2.799930995	2942
2.799931217	2942
2.799990094	86
2.810257272	2942
2.810313914	86
2.820601525	2942
2.820624535	98
2.820601750	1514
2.820644717	98
2.830897943	2942
2.830924893	86
2.830898170	1514
2.841178423	2942
2.841203043	86
2.851463704	2942
2.851488171	86
2.851463931	2942
2.851541506	86
2.861785834	2942
2.861808944	98
2.872090499	2942
2.872114269	98
2.882396627	2942
2.882423917	86
2.892710382	4370
2.892735499	86
2.903001398	2942
2.903026030	86
2.913299010	2942
2.913321460	98
2.923578461	1514
2.923604651	86
2.923578689	1514
2.933889971	1514
2.933913811	86
2.944204786	2942
2.944227431	98
2.954519927	2942
2.954543867	98
2.964825210	1514
2.964848027	98
2.975091700	1514
2.975118318	86
2.975091928	1514
2.985392741	1514
2.985416705	86
2.995677736	4370
2.995755440	86
3.006046341	4370
3.006123383	86
3.016374378	1514
3.016374606	1514
3.016406991	98
3.026674986	2942
3.026699144	98
3.035164795	1514
3.035191217	86
3.036982557	1514
3.045472670	1514
3.045496372	86
3.055774038	4370
3.055850042	86
3.066136690	4370
3.066212785	86
3.076501878	4370
3.076577297	86
3.086849570	4370
3.086924125	86
3.097177468	2942
3.097177688	2942
3.097177758	1514
3.097254430	86
3.107544440	2942
3.107544668	2942
3.107544735	1514
3.107620812	86
3.117904803	2942
3.117905025	2942
3.117905095	1514
3.117983712	86
3.128225333	2942
3.128225578	2942
3.128225668	1514
3.128302805	86
3.138591730	2942
3.138591953	2942
3.138592023	1514
3.138667900	86
3.148956320	2942
3.148956542	2942
3.148956612	2942
3.148956680	2942
3.149035089	86
3.159317847	2942
3.159318067	2942
3.159318137	2942
3.159318205	2942
3.159396019	86
3.187142226	1514
3.228979412	86
3.239226886	2942
3.239227113	2942
3.239227181	2942
3.239267191	98
3.249546831	2942
3.249572213	98
3.249547058	2942
3.249591983	98
3.249547126	2942
3.250226684	98
3.259149311	1514
3.259173021	98
3.259790962	1514
3.259816516	86
3.259791189	1514
3.260495517	2942
3.260519946	86
3.269446919	1514
3.270748735	2942
3.270773115	86
3.270748957	2942
3.270825392	86
3.281015800	2942
3.281016023	2942
3.281016090	2942
3.281092307	86
3.291336200	2942
3.291336423	2942
3.291412483	86
3.301693100	2942
3.301715775	98
3.311919764	2942
3.311946716	86
3.322224372	2942
3.322248572	86
3.332532825	2942
3.332557247	86
3.332533069	2942
3.332609831	86
3.342813092	2942
3.342813337	2942
3.342813407	1514
3.342890739	86
3.353178020	2942
3.353178245	2942
3.353178312	1514
3.353253584	86
3.363535977	2942
3.363536202	2942
3.363536270	1514
3.363613137	86
3.373905052	2942
3.373905277	2942
3.373905347	2942
3.373905415	1514
3.373985264	86
3.384235372	2942
3.384235595	2942
3.384235682	2942
3.384235752	1514
3.384314234	86
3.394590855	2942
3.394591080	2942
3.394591150	2942
3.394591217	1514
3.394668754	86
3.404957437	2942
3.404957662	1514
3.404957734	2942
3.404957804	2942
3.405036681	86
3.415278080	2942
3.415278302	2942
3.415278372	2942
3.415278442	2942
3.415317962	1514
3.415356762	86
3.425637977	2942
3.425638215	2942
3.425638305	2942
3.425638375	2942
3.425677797	1514
3.425719469	86
3.436008772	2942
3.436008995	2942
3.436009065	2942
3.436049637	98
3.436009135	1514
3.436067939	98
3.446319340	2942
3.446343627	98
3.446319565	2942
3.446319635	2942
3.446988710	98
3.455139063	1514
3.455164013	98
3.456589355	1514
3.456615765	86
3.457250568	2942
3.457274990	86
3.457250793	2942
3.457326170	86
3.465421349	1514
3.466900718	1514
3.466974017	86
3.467529159	2942
3.467529383	2942
3.467605013	86
3.477263583	2942
3.477338132	86
3.477798422	2942
3.477798647	2942
3.477798717	1514
3.477874731	86
3.487625900	2942
3.487700997	86
3.488045655	2942
3.488045882	2942
3.488045952	1514
3.488119877	86
3.497956178	2942
3.498032975	86
3.498335268	2942
3.498335495	2942
3.498335565	1514
3.498412580	86
3.523162663	1514
3.564979627	86
3.575259403	2942
3.575282075	98
3.575259625	2942
3.575301787	106
3.575259695	1514
3.575315012	106
3.585543938	2942
3.585544166	2942
3.585580943	98
3.585544236	1514
3.585600225	98
3.595876376	1514
3.595903428	86
3.595876616	2942
3.595876683	2942
3.595876753	1514
3.595958553	86
3.606194468	1514
3.606194693	2942
3.606194761	2942
3.606194831	2942
3.606272790	86
3.616549008	2942
3.616549226	2942
3.616549296	2942
3.616549366	1514
3.616627513	86
3.626916958	2942
3.626917186	2942
3.626950553	98
3.637241613	2942
3.637265148	106
3.637241858	2942
3.637286023	106
3.647147237	1514
3.647171376	106
3.647483857	1514
3.647510074	98
3.647484079	1514
3.647530346	86
3.647484149	1514
3.657422685	1514
3.657446660	86
3.657710965	1514
3.667706882	2942
3.667781327	86
3.678043683	2942
3.678043925	2942
3.678043993	1514
3.678122415	86
3.688390690	2942
3.688390910	2942
3.688390980	1514
3.688467780	86
3.698757400	2942
3.698757625	2942
3.698757713	1514
3.698833477	86
3.709107380	2942
3.709107600	2942
3.709107670	1514
3.709183987	86
3.719473860	2942
3.719474080	2942
3.719474150	2942
3.719474220	1514
3.719551217	86
3.729793942	2942
3.729794162	2942
3.729794232	2942
3.729794302	1514
3.729874202	86
3.740156410	2942
3.740179562	98
3.740156633	2942
3.740200605	98
3.740156723	1514
3.740214962	98
3.750475213	2942
3.750475435	2942
3.750511682	86
3.760785478	2942
3.760809898	86
3.760785701	2942
3.760785771	1514
3.760861680	86
3.771100513	2942
3.771100736	2942
3.771100806	1514
3.771178825	86
3.781466883	2942
3.781467128	2942
3.781467218	1514
3.781544840	86
3.791830223	2942
3.791830446	2942
3.791830516	1514
3.791907812	86
3.802193778	2942
3.802194003	2942
3.802194070	2942
3.802271077	86
3.812562093	2942
3.812584922	98
3.812562315	2942
3.812605690	98
3.812562385	2942
3.812618750	98
3.822831851	4370
3.823476661	98
4.035148487	1514
4.035175862	86
4.045467670	2942
4.045493449	86
4.045467914	2942
4.045515339	86
4.055783185	2942
4.055807570	86
4.055783407	2942
4.055828655	86
4.066096723	2942
4.066121160	86
4.066096988	2942
4.066142585	86
4.076411018	2942
4.076435563	86
4.076411240	2942
4.076457063	86
4.076411310	2942
4.076470057	86
4.086714161	2942
4.086738555	86
4.086714381	2942
4.086758805	86
4.086714451	2942
4.086773248	86
4.097004074	2942
4.097028544	86
4.097004296	2942
4.097049653	86
4.097004364	2942
4.097062051	86
4.107293684	1514
4.107293909	2942
4.107327776	86
4.107293979	2942
4.107294046	1514
4.107371966	86
4.117617459	2942
4.117617679	2942
4.117617749	2942
4.117617819	2942
4.117696544	86
4.128000346	2942
4.128022706	98
4.128000574	2942
4.128043679	98
4.138312844	2942
4.138336624	98
4.138313069	2942
4.138358804	98
4.148627442	2942
4.148656454	86
4.148627662	2942
4.148627732	1514
4.148693229	86
4.158932300	2942
4.158932522	2942
4.158991427	86
4.169270505	2942
4.169270727	2942
4.169270795	2942
4.169334184	86
4.179596655	2942
4.179596877	2942
4.179596947	2942
4.179658542	86
4.189946845	2942
4.189947085	1514
4.189947155	1514
4.189993365	98
4.200265225	2942
4.200289215	98
4.200265448	2942
4.200308737	98
4.210561201	2942
4.210590600	86
4.210561425	2942
4.210626457	86
4.220884678	2942
4.220884916	2942
4.220885006	1514
4.220945223	86
4.231228676	2942
4.231228936	2942
4.231229008	1514
4.231290288	86
4.241541633	2942
4.241541858	2942
4.241600276	86
4.251888081	2942
4.251910901	98
4.251888304	2942
4.251933423	98
4.262169849	1514
4.262195774	86
4.262170074	2942
4.262251263	86
4.272449769	4370
4.272449977	1514
4.272527051	86
4.282807977	2942
4.282808204	2942
4.282885996	86
4.293173609	2942
4.293173857	2942
4.293251509	86
4.303521199	2942
4.303521424	2942
4.303598746	86
4.313885009	2942
4.313885252	2942
4.313885322	2942
4.313964221	86
4.324248307	2942
4.324248527	2942
4.324248597	2942
4.324326493	86
4.334596744	2942
4.334596966	2942
4.334597036	2942
4.334675281	86
4.344961754	2942
4.344962001	2942
4.344962069	2942
4.345041286	86
4.355310846	2942
4.355333579	98
4.355311066	2942
4.355354781	98
4.355311136	2942
4.355367991	98
4.365627962	2942
4.365628179	2942
4.365664741	86
4.365628249	1514
4.375951382	2942
4.375976139	86
4.375951602	2942
4.376029706	86
4.386262732	2942
4.386262952	2942
4.386339644	86
4.396623689	4370
4.396623912	2942
4.396623982	1514
4.396702389	86
4.406959387	2942
4.406959604	2942
4.406959674	2942
4.407038374	86
4.417326584	2942
4.417326804	2942
4.417326874	2942
4.417403344	86
4.447089834	1514
4.488980517	86
4.499251948	2942
4.499252165	2942
4.499252238	2942
4.499252308	2942
4.499331835	86
4.509628693	2942
4.509651433	98
4.509628910	2942
4.509672595	98
4.509628980	2942
4.509685810	98
4.519948888	2942
4.519949108	2942
4.519985790	86
4.519949178	1514
4.530277541	2942
4.530301916	86
4.530277761	2942
4.530355753	86
4.540598589	2942
4.540598809	2942
4.540598879	2942
4.540676875	86
4.550948678	2942
4.550948898	2942
4.550948968	2942
4.551025365	86
4.561308351	2942
4.561308598	2942
4.561341865	98
4.571622044	2942
4.571646556	98
4.571622261	2942
4.571667021	98
4.581930666	2942
4.581957636	86
4.592162272	2942
4.592186655	86
4.592162492	2942
4.592162562	1514
4.592241949	86
4.602452325	2942
4.602452545	2942
4.602452613	1514
4.602531220	86
4.612815912	2942
4.612816132	2942
4.612816202	1514
4.612894755	86
4.623155303	2942
4.623155510	2942
4.623155580	1514
4.623232390	86
4.633516207	2942
4.633516427	2942
4.633516495	2942
4.633516565	1514
4.633594749	86
4.643881367	2942
4.643881587	2942
4.643881655	2942
4.643881725	1514
4.643960544	86
4.654248432	2942
4.654248652	2942
4.654248722	2942
4.654248792	1514
4.654328514	86
4.683128408	1514
4.724980029	86
4.735256405	2942
4.735256625	2942
4.735256695	2942
4.735256765	2942
4.735336779	86
4.745625585	2942
4.745648305	98
4.745625807	2942
4.745669665	98
4.745625880	2942
4.745683159	98
4.755943530	4370
4.755971012	86
4.755943755	4370
4.756027147	86
4.766233946	2942
4.766234166	2942
4.766234236	2942
4.766234303	1514
4.766313625	86
4.776564746	2942
4.776564973	4370
4.776565041	2942
4.776643125	86
4.786928790	2942
4.786929013	2942
4.786929083	2942
4.786929153	1514
4.787007823	86
4.797290898	2942
4.797291143	2942
4.797291210	2942
4.797291280	1514
4.797369950	86
4.807661028	2942
4.807661253	2942
4.807661323	2942
4.807661393	2942
4.807701307	1514
4.807742880	86
4.818027445	2942
4.818027690	2942
4.818027760	2942
4.818027828	2942
4.818067092	1514
4.818106454	86
4.828397200	2942
4.828397423	2942
4.828397493	2942
4.828397560	2942
4.828437477	1514
4.828476277	86
4.838754280	2942
4.838754527	2942
4.838754615	2942
4.838754685	2942
4.838794260	1514
4.838835137	86
4.849119062	2942
4.849119285	2942
4.849119352	2942
4.849119422	2942
4.849159542	2942
4.849159684	1514
4.849199859	86
4.859450830	2942
4.859451087	2942
4.859451155	2942
4.859491194	98
4.859451225	2942
4.859509547	98
4.859515034	1514
4.859534764	98
4.869789575	2942
4.869789797	2942
4.869789865	2942
4.869789935	1514
4.869833422	98
4.880126158	1514
4.880152752	86
4.880126408	2942
4.880172535	98
4.880126475	2942
4.880184510	98
4.890442108	2942
4.890465853	98
4.899105427	1514
4.899129200	98
4.900747921	1514
4.900773038	86
4.900748141	2942
4.900825268	86
4.911077616	2942
4.911100220	98
4.911077838	1514
4.911120575	98
4.921390179	2942
4.921414336	98
4.921390423	1514
4.921438768	86
4.931683956	2942
4.931708821	86
4.941992309	4370
4.942069306	86
4.952323297	1514
4.952323524	1514
4.952355529	98
4.962627457	2942
4.962650937	98
4.971105291	1514
4.971131530	86
4.972929007	1514
4.981411051	1514
4.981434766	86
4.991721441	4370
4.991800318	86
5.002086496	4370
5.002164636	86
5.012453743	4370
5.012530965	86
5.022814891	4370
5.022892815	86
5.033140966	2942
5.033141523	2942
5.033141596	1514
5.033221905	86
5.043485991	2942
5.043486216	2942
5.043486284	1514
5.043563643	86
5.053853198	2942
5.053853418	4370
5.053932328	86
5.064182918	2942
5.064183126	2942
5.064183196	1514
5.064259993	86
5.074506056	2942
5.074506284	1514
5.074539061	98
5.084827019	2942
5.084851311	98
5.084827241	2942
5.084873241	98
5.095081934	1514
5.095106902	98
5.095082157	1514
5.095128752	86
5.095082227	2942
5.095163276	86
5.105399430	4370
5.105399662	1514
5.105477299	86
5.115737807	2942
5.115738030	2942
5.115738100	1514
5.115818039	86
5.126104945	2942
5.126105167	2942
5.126105237	1514
5.126182994	86
5.136420525	2942
5.136420747	2942
5.136420817	1514
5.136499339	86
5.146756422	2942
5.146756650	1514
5.146789540	98
5.157038381	2942
5.157062370	98
5.157038608	1514
5.157082218	98
5.167118832	1514
5.167142782	98
5.167257831	1514
5.167283784	86
5.167258057	2942
5.167337803	86
5.177403343	1514
5.177479665	2942
5.177526567	86
5.203109774	1514
5.203132016	98
5.213418704	2942
5.213442879	98
5.213418954	2942
5.213463439	98
5.223112172	1514
5.223138671	86
5.223725717	2942
5.223750467	86
5.233410552	1514
5.233942710	2942
5.233967285	86
5.233942938	1514
5.244249451	2942
5.244273921	86
5.254561166	2942
5.254585496	86
5.254561389	2942
5.254638603	86
5.264852716	2942
5.264852944	2942
5.264932029	86
5.275196889	2942
5.275197114	2942
5.275197181	2942
5.275275364	86
5.285548359	2942
5.285548582	2942
5.285548652	2942
5.285626389	86
5.295871924	2942
5.295872167	2942
5.295872237	2942
5.295951026	86
5.306237426	2942
5.306237649	2942
5.306314546	86
5.316603176	2942
5.316625801	98
5.316603399	2942
5.316646969	98
5.326893224	2942
5.326920052	86
5.326893452	2942
5.326974989	86
5.337261357	2942
5.337261624	2942
5.337261694	1514
5.337339746	86
5.347603189	2942
5.347603409	2942
5.347603479	1514
5.347682254	86
5.379096046	1514
5.420979878	86
5.431250508	2942
5.431250728	2942
5.431250798	1514
5.431329843	86
5.441578943	2942
5.441579163	2942
5.441579233	1514
5.441658120	86
5.451944876	2942
5.451945096	2942
5.451945163	1514
5.452023910	86
5.462312148	2942
5.462312373	2942
5.462312440	1514
5.462391362	86
5.472659093	2942
5.472659313	2942
5.472659383	2942
5.472659453	2942
5.472739030	86
5.483031815	2942
5.483032033	2942
5.483032103	2942
5.483032173	2942
5.483112164	86
5.493394970	2942
5.493395203	2942
5.493395273	2942
5.493395340	2942
5.493474922	86
5.503767715	2942
5.503767932	2942
5.503768005	2942
5.503768075	2942
5.503848089	86
5.514108527	2942
5.514108760	2942
5.514108830	2942
5.514149367	98
5.514108897	2942
5.514168302	98
5.524446078	2942
5.524470455	98
5.524446295	2942
5.524446365	1514
5.524446435	2942
5.524504782	86
5.534721443	2942
5.534746133	86
5.534721663	2942
5.534721733	2942
5.534721803	1514
5.534802580	86
5.544998749	2942
5.544998953	2942
5.544999023	2942
5.544999091	2942
5.545080280	86
5.555346754	2942
5.555346974	2942
5.555347044	2942
5.555426000	86
5.565713466	2942
5.565736528	98
5.565713686	2942
5.565757708	98
5.565713756	2942
5.565770571	98
5.576033279	2942
5.576060461	86
5.576033499	4370
5.576115973	86
5.586365251	2942
5.586387901	98
5.586365479	2942
5.586408599	98
5.596676081	2942
5.596700321	98
5.596676309	2942
5.596724041	86
5.606949752	2942
5.606974299	86
5.606949972	2942
5.607028569	86
5.617248645	4370
5.617248867	2942
5.617326552	86
5.627591365	2942
5.627591587	2942
5.627591657	1514
5.627669657	86
5.637958392	2942
5.637958615	2942
5.637958685	1514
5.638036999	86
5.648278447	2942
5.648278665	2942
5.648278735	2942
5.648278805	1514
5.648357857	86
5.658606760	2942
5.658606980	2942
5.658607050	2942
5.658607120	1514
5.658686162	86
5.668983337	2942
5.668983617	2942
5.668983707	2942
5.668983777	1514
5.669064449	86
5.679355220	2942
5.679355440	2942
5.679355530	2942
5.679355600	1514
5.679435954	86
5.689691482	2942
5.689691702	1514
5.689691770	2942
5.689691840	2942
5.689691907	2942
5.689772129	86
5.700041867	2942
5.700042092	2942
5.700076522	98
5.700042160	2942
5.700096382	98
5.700042230	1514
5.700106374	98
5.710351253	2942
5.710351477	2942
5.710351547	2942
5.710393370	86
5.720654923	2942
5.720679723	86
5.720655175	2942
5.720655245	2942
5.720655315	1514
5.720736412	86
5.730970626	2942
5.730970853	2942
5.730970921	2942
5.730970991	1514
5.731050207	86
5.741321863	2942
5.741322086	2942
5.741322156	2942
5.741322226	1514
5.741402325	86
5.751697293	2942
5.751719983	98
5.751697518	4370
5.751741737	98
5.762005328	2942
5.762029533	98
5.762005576	2942
5.762053230	86
5.772318513	2942
5.772343068	86
5.772318743	2942
5.772398208	86
5.782631204	2942
5.782631441	2942
5.782631511	1514
5.782709746	86
5.792982654	2942
5.793006738	98
5.792982886	1514
5.793026931	98
5.803271799	2942
5.803295807	98
5.803272019	1514
5.803317901	98
5.813580959	1514
5.813607322	86
5.813581184	1514
5.823890450	1514
5.823912312	98
5.834196085	2942
5.834219915	98
5.843080023	1514
5.843106175	86
5.844497200	1514
5.853378351	1514
5.853402031	86
5.863685929	4370
5.863764068	86
5.874020631	2942
5.874096928	86
5.884381434	2942
5.884403886	98
5.894670362	1514
5.894696261	86
5.894670587	1514
5.904978737	1514
5.905002389	86
5.915259570	1514
5.915259795	1514
5.915291415	98
5.925576623	2942
5.925600292	98
5.935093709	1514
5.935119791	86
5.935828883	1514
5.945402324	1514
5.945426944	86
5.955694054	4370
5.955771439	86
5.966055119	4370
5.966132811	86
5.976385669	4370
5.976463779	86
5.986751572	4370
5.986830049	86
5.997113154	2942
5.997113377	2942
5.997113447	1514
5.997191968	86
6.027075832	1514
6.068980486	86
6.243080864	1514
6.243100386	98
6.253378137	2942
6.253402764	86
6.253378362	2942
6.253424516	86
6.253378452	1514
6.253437514	86
6.263709499	2942
6.263735974	86
6.263709722	2942
6.263762619	86
6.263709789	1514
6.263780941	86
6.274026410	2942
6.274052964	86
6.274026635	2942
6.274079499	86
6.284346945	2942
6.284373565	86
6.284347165	2942
6.284399409	86
6.284347232	4370
6.284414332	86
6.284347302	1514
6.284425784	86
6.294654488	2942
6.294681330	86
6.294654708	2942
6.294707080	86
6.294654775	2942
6.294724567	86
6.294654845	2942
6.294735865	86
6.304969225	2942
6.304995610	86
6.304969460	2942
6.304969530	2942
6.304969598	2942
6.305030285	86
6.305049177	86
6.315265336	2942
6.315265556	2942
6.315265626	2942
6.315265693	2942
6.315318608	1514
6.315330450	86
6.325618993	2942
6.325619216	2942
6.325619283	2942
6.325619353	2942
6.325682275	86
6.335958293	2942
6.335958511	2942
6.335958581	2942
6.335958648	2942
6.336011723	2942
6.336022298	86
6.336044808	86
6.346267411	2942
6.346267633	2942
6.346267701	2942
6.346267771	2942
6.346319148	2942
6.346330733	86
6.346352763	86
6.356631571	2942
6.356631793	2942
6.356631863	2942
6.356631933	2942
6.356673210	2942
6.356673343	1514
6.356712865	86
6.366962408	2942
6.366962633	2942
6.366962701	2942
6.366962771	2942
6.367004481	2942
6.367004613	1514
6.367042978	86
6.377313038	2942
6.377313263	2942
6.377313331	2942
6.377313401	2942
6.377354961	2942
6.377355126	2942
6.377394128	86
6.387624234	2942
6.387624459	2942
6.387658261	98
6.387624551	2942
6.387676621	98
6.387624619	1514
6.387687336	98
6.387624686	2942
6.387694798	1514
6.388329496	98
6.397967869	2942
6.397994993	86
6.397968094	2942
6.397968164	1514
6.398051496	86
6.398564249	1514
6.398586369	98
6.408262714	2942
6.408286709	98
6.408262947	2942
6.408306974	98
6.408773455	2942
6.409436098	98
6.418569364	2942
6.418596869	86
6.418569592	1514
6.419700101	2942
6.419724321	86
6.428884145	2942
6.428908765	86
6.429981002	2942
6.430005617	86
6.429981227	2942
6.430059121	86
6.439184232	2942
6.439261209	86
6.440240877	2942
6.440241100	2942
6.440317007	86
6.449523340	2942
6.449601045	86
6.450581557	2942
6.450581782	2942
6.450656432	86
6.459889362	2942
6.459966267	86
6.460940027	2942
6.460940250	2942
6.460997937	86
6.470208505	2942
6.470286559	86
6.471241120	4370
6.471241345	2942
6.471316852	86
6.480556313	2942
6.480632777	86
6.481561705	2942
6.481561933	2942
6.481562000	1514
6.481636037	86
6.490917710	2942
6.490994449	86
6.491893716	2942
6.491893938	2942
6.491894008	1514
6.491971315	86
6.502206413	2942
6.502206638	2942
6.502206708	2942
6.502206778	1514
6.502285775	86
6.512558423	2942
6.512558648	2942
6.512558718	2942
6.512558788	2942
6.512599493	2942
6.512639422	86
6.539074851	1514
6.580979515	86
6.591258135	2942
6.591258358	2942
6.591258445	2942
6.591258515	2942
6.591300088	2942
6.591338467	86
6.601619930	2942
6.601620155	2942
6.601620223	2942
6.601620293	2942
6.601661017	2942
6.601700157	86
6.611977035	2942
6.611977258	2942
6.611977328	2942
6.611977398	2942
6.612017762	2942
6.612057735	86
6.622347325	2942
6.622347545	2942
6.622347615	2942
6.622347685	2942
6.622427079	86
6.632704137	2942
6.632727132	98
6.632704360	2942
6.632748805	98
6.632704427	2942
6.632761717	98
6.632704497	2942
6.632772257	2942
6.633392207	98
6.643015710	2942
6.643042832	86
6.643015938	2942
6.643099237	86
6.643600826	2942
6.643601048	2942
6.643677975	86
6.653313038	2942
6.653336048	98
6.653896269	2942
6.653920228	98
6.653896496	2942
6.653940088	98
6.653896566	1514
6.654592791	98
6.663622441	2942
6.664147520	1514
6.664173439	98
6.664806670	1514
6.664833045	86
6.664806892	2942
6.664888529	86
6.674467390	2942
6.674467637	1514
6.674544719	86
6.675058843	2942
6.675059065	1514
6.675135460	86
6.684831717	2942
6.684831960	2942
6.684909759	86
6.685397350	2942
6.685397573	1514
6.685474485	86
6.695183552	2942
6.695183805	2942
6.695260822	86
6.705523170	2942
6.705523392	2942
6.705523460	2942
6.705523530	1514
6.705601454	86
6.715889594	2942
6.715889842	2942
6.715889912	2942
6.715889984	2942
6.715930352	1514
6.715969319	86
6.726263059	2942
6.726263282	2942
6.726263349	2942
6.726263419	2942
6.726302171	1514
6.726343466	86
6.736586839	2942
6.736587084	2942
6.736587154	2942
6.736587222	2942
6.736627407	1514
6.736665154	86
6.746954847	2942
6.746955067	2942
6.746955137	2942
6.746955204	2942
6.747034706	86
6.757279267	2942
6.757301909	98
6.757279507	2942
6.757322617	98
6.757279577	2942
6.757335922	98
6.757279644	2942
6.757968027	98
6.767594180	1514
6.767619927	86
6.767594400	2942
6.767594470	2942
6.767677194	86
6.768183308	2942
6.768259305	86
6.777896163	1514
6.777896405	2942
6.777896475	2942
6.777973849	86
6.778485471	2942
6.778485693	1514
6.778561720	86
6.788259960	2942
6.788260188	2942
6.788336727	86
6.788772841	2942
6.788773066	2942
6.788848146	86
6.798613080	2942
6.798613305	2942
6.798690887	86
6.799092046	2942
6.799092271	2942
6.799167618	86
6.808983035	2942
6.808983312	2942
6.809061927	86
6.809387052	2942
6.809387274	2942
6.809461174	86
6.819323730	2942
6.819323955	2942
6.819401592	86
6.819650100	2942
6.819650325	2942
6.819650395	2942
6.819726227	86
6.829688242	2942
6.829688472	2942
6.829766609	86
6.829893436	2942
6.829893661	2942
6.829893731	2942
6.829970095	86
6.840057882	2942
6.840058109	2942
6.840103704	2942
6.840103859	2942
6.840103929	2942
6.840137862	86
6.850407569	2942
6.850407794	2942
6.850441854	98
6.850407887	2942
6.850463449	98
6.850407957	2942
6.850474007	98
6.860742587	2942
6.860742809	2942
6.860742897	2942
6.860783979	86
6.860742967	1514
6.871052235	2942
6.871076585	86
6.871052460	2942
6.871052530	2942
6.871132457	86
6.881363590	2942
6.881363828	2942
6.881363895	2942
6.881363965	2942
6.881443532	86
6.891736822	2942
6.891759687	98
6.891737045	2942
6.891780777	98
6.891737115	2942
6.891794927	98
6.902055645	2942
6.902055893	2942
6.902092482	86
6.902055983	1514
6.912309758	2942
6.912334321	86
6.912309986	2942
6.912388295	86
6.922582621	2942
6.922582844	2942
6.922582914	2942
6.922661163	86
6.932955756	2942
6.932955979	2942
6.932956049	2942
6.933033298	86
6.943319906	2942
6.943320131	2942
6.943320201	2942
6.943399560	86
6.953649381	2942
6.953649606	2942
6.953649674	2942
6.953649744	2942
6.953731095	86
6.963989941	2942
6.963990164	2942
6.963990234	2942
6.963990304	2942
6.964070808	86
6.974359969	2942
6.974360189	2942
6.974360259	2942
6.974360329	2942
6.974440578	86
6.984725291	2942
6.984725514	2942
6.984725584	2942
6.984725654	2942
6.984805008	86
6.995071763	2942
6.995071986	2942
6.995105801	98
6.995072056	2942
6.995125241	98
6.995072126	2942
6.995136081	98
7.005403266	2942
7.005403489	2942
7.005403559	1514
7.005403629	1514
7.006057606	98
7.016277660	1514
7.016304357	86
7.016277882	2942
7.016277952	2942
7.016278022	2942
7.016364111	86
7.026580100	1514
7.026580323	4370
7.026613910	98
7.026580393	2942
7.026633642	98
7.036923148	1514
7.036947927	98
7.047216738	1514
7.047243198	86
7.047216965	1514
7.057520563	2942
7.057545008	86
7.067836758	2942
7.067859373	98
7.067836986	1514
7.067879263	98
7.078144496	1514
7.078171254	86
7.078144721	2942
7.078224546	86
7.088449057	2942
7.088449299	2942
7.088449389	1514
7.088526301	86
7.098814417	2942
7.098814639	2942
7.098814709	2942
7.098894148	86
7.109181111	2942
7.109181379	2942
7.109181449	2942
7.109260248	86
7.119546311	2942
7.119546536	2942
7.119546604	2942
7.119623808	86
7.129895704	2942
7.129895959	2942
7.129896029	2942
7.129974181	86
7.140262689	2942
7.140262911	1514
7.140262981	2942
7.140263049	1514
7.140306766	98
7.150575834	2942
7.150599916	98
7.150576054	2942
7.150619576	98
7.150576144	2942
7.151255117	98
7.159054065	1514
7.159078600	98
7.160890392	1514
7.160916319	86
7.160890619	1514
7.169363488	1514
7.169385358	98
7.171174477	1514
7.171197612	98
7.179634163	2942
7.179658516	98
7.181473330	1514
7.181497327	98
7.189936589	1514
7.189962431	86
7.189936813	1514
7.191777630	1514
7.191801133	86
7.231033723	1514
7.231055983	98
7.241307426	2942
7.241331151	98
7.259008763	1514
7.259035475	86
7.269306048	4370
7.269330478	86
7.279612643	4370
7.279637686	86
7.289893342	4370
7.289918112	86
7.300205994	4370
7.300230709	86
7.335029525	1514
7.376980265	86
7.387243789	2942
7.387244011	2942
7.387244081	2942
7.387322283	86
7.397608368	2942
7.397608593	2942
7.397608661	2942
7.397686680	86
7.407972936	2942
7.407973158	2942
7.407973226	2942
7.408051803	86
7.418310811	2942
7.418311038	2942
7.418311108	2942
7.418389728	86
7.428680993	2942
7.428681238	2942
7.428681308	2942
7.428681376	2942
7.428760812	86
7.439005463	2942
7.439005696	2942
7.439005766	2942
7.439005836	2942
7.439085110	86
7.449375868	2942
7.449376103	2942
7.449376171	2942
7.449376241	2942
7.449454898	86
7.459754763	2942
7.459777278	98
7.459754995	4370
7.459798623	98
7.459755065	1514
7.459811493	98
7.470073221	2942
7.470073463	2942
7.470110825	86
7.470073553	1514
7.480312644	2942
7.480336949	86
7.480312866	2942
7.480390741	86
7.490613659	2942
7.490636134	98
7.500920369	2942
7.500943707	106
7.511071139	1514
7.511095246	106
7.511071361	1514
7.511117868	98
7.511071429	1514
7.511130825	98
7.521381179	1514
7.521406841	86
7.521381401	4370
7.521460243	86
7.531696612	4370
7.531696854	2942
7.531775169	86
7.542063209	2942
7.542063444	2942
7.542063514	1514
7.542141083	86
7.552411841	2942
7.552412069	2942
7.552412159	1514
7.552489688	86
7.562777731	2942
7.562777959	2942
7.562778029	1514
7.562856383	86
7.573144566	2942
7.573144811	2942
7.573144881	2942
7.573144951	1514
7.573223878	86
7.583509544	2942
7.583509766	2942
7.583509836	2942
7.583509906	1514
7.583589208	86
7.593865501	2942
7.593865723	2942
7.593865793	2942
7.593865863	1514
7.593946395	86
7.604234461	2942
7.604234688	2942
7.604234758	2942
7.604234826	1514
7.604314780	86
7.614603195	2942
7.614603418	2942
7.614603488	2942
7.614603558	1514
7.614682545	86
7.624979440	2942
7.624979690	2942
7.624979758	2942
7.624979828	2942
7.625019990	2942
7.625060602	86
7.635330733	2942
7.635330955	2942
7.635331025	2942
7.635331095	2942
7.635371610	2942
7.635411142	86
7.645701760	2942
7.645701985	2942
7.645702078	2942
7.645702145	2942
7.645743670	2942
7.645783302	86
7.656064130	2942
7.656064353	2942
7.656064423	2942
7.656064493	2942
7.656108165	2942
7.656144432	86
7.666435620	2942
7.666435840	2942
7.666435910	2942
7.666435980	2942
7.666476715	2942
7.666516887	86
7.691039021	1514
7.732980607	86
7.743255886	2942
7.743256111	2942
7.743256198	2942
7.743256268	2942
7.743301973	98
7.743313613	2942
7.743323285	98
7.753587221	2942
7.753611331	98
7.753587441	2942
7.753587511	2942
7.753587581	2942
7.753640040	1514
7.753652328	98
7.763882359	1514
7.763908476	86
7.763882581	2942
7.763929373	98
7.763882649	1514
7.763941766	98
7.774204949	4370
7.774228979	98
7.774205171	1514
7.774251373	98
7.784476207	2942
7.784499277	98
7.784476427	2942
7.784519901	98
7.794786910	1514
7.794813279	86
7.794787132	4370
7.794869984	86
7.805107010	2942
7.805107252	2942
7.805107345	1514
7.805184737	86
7.815471002	2942
7.815471222	2942
7.815471292	2942
7.815549912	86
7.825801577	2942
7.825801820	2942
7.825801910	2942
7.825880192	86
7.836163392	4370
7.836163612	2942
7.836241559	86
7.846532237	2942
7.846554769	98
7.846532460	2942
7.846575959	98
7.856839457	1514
7.856865575	86
7.856839682	4370
7.856921057	86
7.867153268	4370
7.867153490	2942
7.867230887	86
7.877515693	2942
7.877515915	2942
7.877515985	1514
7.877594009	86
7.887846588	2942
7.887870345	98
7.887846815	1514
7.887892645	98
7.898160915	2942
7.898185100	98
7.898161143	1514
7.898207353	98
7.908474338	1514
7.908497605	98
7.918781896	2942
7.918805671	98
7.929086639	1514
7.929112729	86
7.929086886	1514
7.939397484	2942
7.939421694	86
7.949710337	2942
7.949734686	86
7.960017509	2942
7.960039584	98
7.970318355	2942
7.970344990	86
7.980630553	4370
7.980655120	86
7.990910491	4370
7.990935198	86
8.001180001	4370
8.001204413	86
8.011467159	4370
8.011491664	86
8.021780937	2942
8.021803274	98
8.021781159	1514
8.021823287	98
8.032052555	2942
8.032076917	98
8.032052780	1514
8.032098997	98
8.042364240	1514
8.042390198	86
8.042364463	2942
8.042444674	86
8.052682890	4370
8.052683138	1514
8.052760265	86
8.063042590	2942
8.063042810	2942
8.063120057	86
8.073393435	2942
8.073393680	2942
8.073471492	86
8.083757495	2942
8.083757718	2942
8.083834667	86
8.094121563	2942
8.094121815	2942
8.094121885	2942
8.094200362	86
8.104458188	2942
8.104458410	2942
8.104458480	2942
8.104537167	86
8.114825115	2942
8.114825340	2942
8.114825407	2942
8.114903169	86
8.139032922	1514
8.180979500	86
8.191253059	2942
8.191253276	2942
8.191286291	98
8.191253346	2942
8.191304876	98
8.201554091	2942
8.201580949	86
8.201554309	2942
8.201554379	1514
8.201636626	86
8.211871436	2942
8.211871654	2942
8.211871724	2942
8.211949326	86
8.222235004	2942
8.222235224	2942
8.222235294	2942
8.222313524	86
8.232577836	2942
8.232578056	2942
8.232578142	2942
8.232655231	86
8.242939281	2942
8.242939501	2942
8.242939569	2942
8.243016313	86
8.253267126	2942
8.253267376	4370
8.253267446	1514
8.253307454	98
8.263603259	2942
8.263626901	98
8.263603477	2942
8.263645744	98
8.263603547	2942
8.264298686	98
8.273885412	2942
8.273912397	86
8.273885637	1514
8.274513408	2942
8.274537500	86
8.284201610	2942
8.284225945	86
8.284754343	2942
8.284778711	86
8.284754568	2942
8.284832585	86
8.294503040	2942
8.294560242	86
8.295012224	2942
8.295067823	86
8.304843773	2942
8.304843998	2942
8.304903072	86
8.315166058	2942
8.315188848	98
8.315166281	2942
8.315209857	98
8.325477398	2942
8.325505336	86
8.325477626	2942
8.325561105	86
8.335792328	2942
8.335868915	86
8.346157418	2942
8.346157641	2942
8.346157711	1514
8.346236188	86
8.356524796	2942
8.356525048	2942
8.356525136	1514
8.356604480	86
8.366853906	2942
8.366854131	2942
8.366854198	1514
8.366932615	86
8.377221028	2942
8.377221258	2942
8.377221348	1514
8.377298227	86
8.387514601	2942
8.387514821	2942
8.387514889	2942
8.387514959	1514
8.387593636	86
8.397883121	2942
8.397883341	2942
8.397883411	2942
8.397883481	1514
8.397961483	86
8.408230268	2942
8.408230488	2942
8.408230556	2942
8.408230626	1514
8.408308878	86
8.418580523	2942
8.418580743	2942
8.418580813	2942
8.418580883	1514
8.418659778	86
8.428958043	2942
8.428958286	2942
8.428958358	2942
8.428958428	2942
8.428998915	1514
8.429038832	86
8.439337641	2942
8.439360643	98
8.439337858	2942
8.439381980	98
8.439337928	2942
8.439395175	98
8.439337998	1514
8.440046488	98
8.449634256	2942
8.449634483	1514
8.449670291	98
8.450291376	1514
8.450313868	106
8.459916154	2942
8.459940128	106
8.459916381	1514
8.460506147	1514
8.460534589	98
8.460506374	1514
8.460554259	86
8.470220877	2942
8.470245237	86
8.470752215	2942
8.470776765	86
8.480517807	2942
8.480542349	86
8.481009749	2942
8.481034151	86
8.481009976	1514
8.490829435	2942
8.490853954	86
8.491258169	2942
8.491282696	86
8.501136027	2942
8.501160625	86
8.501486607	2942
8.501511112	86
8.501486835	1514
8.511445955	2942
8.511470400	86
8.511738488	2942
8.511763353	86
8.521750878	2942
8.521775645	86
8.521751126	2942
8.521829485	86
8.521947714	2942
8.521947939	1514
8.522023669	86
8.532053906	2942
8.532054129	2942
8.532131590	86
8.542421138	2942
8.542421358	2942
8.542421428	1514
8.542460970	98
8.552751573	2942
8.552775706	98
8.552751793	2942
8.552795235	98
8.563019789	1514
8.563044324	98
8.563020009	2942
8.563065596	98
8.573295744	1514
8.573318967	98
8.573295950	1514
8.573340884	86
8.573296020	2942
8.573399284	86
8.583572282	4370
8.583572500	1514
8.583650025	86
8.593886993	2942
8.593887210	2942
8.593887280	1514
8.593965182	86
8.604253030	2942
8.604253248	2942
8.604253318	1514
8.604331042	86
8.614617267	2942
8.614617487	2942
8.614617555	1514
8.614695704	86
8.624984050	4370
8.624984295	2942
8.625061934	86
8.635330860	2942
8.635331077	2942
8.635331147	2942
8.635331215	1514
8.635410499	86
8.645681340	2942
8.645681580	2942
8.645681650	1514
8.645720527	98
8.655996547	2942
8.656020117	98
8.655996767	2942
8.656039762	98
8.666312093	2942
8.666339320	86
8.666312310	2942
8.666393555	86
8.676626588	2942
8.676626808	2942
8.676626876	1514
8.676705297	86
8.686955273	2942
8.686955493	2942
8.686955563	1514
8.687033695	86
8.697297708	2942
8.697297928	2942
8.697297996	1514
8.697375550	86
8.707660196	2942
8.707660416	2942
8.707660486	1514
8.707739862	86
8.718027788	4370
8.718028008	2942
8.718061738	98
8.728321151	2942
8.728345398	98
8.728321373	2942
8.728364206	98
8.738632636	2942
8.738659423	86
8.738632861	2942
8.738714021	86
8.748953376	2942
8.749027916	86
8.759314856	2942
8.759315079	2942
8.759315149	1514
8.759393201	86
8.769633269	2942
8.769633514	2942
8.769633587	1514
8.769712076	86
8.779953772	2942
8.779953989	2942
8.779954059	1514
8.780032918	86
8.790323421	2942
8.790323641	2942
8.790323711	1514
8.790402143	86
8.800682322	2942
8.800682542	2942
8.800682612	2942
8.800682682	1514
8.800762371	86
8.811026839	2942
8.811027057	2942
8.811027127	2942
8.811027197	1514
8.811106743	86
8.821394041	2942
8.821394249	2942
8.821394316	2942
8.821394389	1514
8.821473088	86
8.831745859	2942
8.831746064	2942
8.831746134	2942
8.831746204	1514
8.831825533	86
8.842111514	2942
8.842111734	2942
8.842111801	2942
8.842111871	1514
8.842190718	86
8.852485348	2942
8.852485566	2942
8.852485636	2942
8.852485706	2942
8.852526083	2942
8.852566665	86
8.862830224	2942
8.862830444	2942
8.862830511	2942
8.862830581	2942
8.862870761	2942
8.862910503	86
8.873199726	4370
8.873199958	2942
8.873200028	2942
8.873200096	2942
8.873240106	1514
8.873279963	86
8.883545411	2942
8.883545618	2942
8.883545686	2942
8.883545756	2942
8.883585858	2942
8.883625898	86
8.893915316	2942
8.893915551	2942
8.893915621	2942
8.893915688	2942
8.893956375	2942
8.893956513	2942
8.893995925	86
8.904261221	2942
8.904261428	2942
8.904261496	2942
8.904261566	2942
8.904303418	2942
8.904303573	2942
8.904343460	86
8.914619001	2942
8.914619218	2942
8.914619306	2942
8.914619376	2942
8.914660168	2942
8.914660303	2942
8.914701632	86
8.924989621	2942
8.924989883	2942
8.924989951	2942
8.924990021	2942
8.925031140	2942
8.925031253	2942
8.925071060	86
8.951006167	1514
8.992979795	86
9.003248616	2942
9.003248833	2942
9.003248903	2942
9.003248973	2942
9.003294513	98
9.003307618	2942
9.003317145	98
9.003307743	2942
9.003339410	98
9.013590526	2942
9.013590731	2942
9.013590801	2942
9.013590871	2942
9.013626728	2942
9.013645123	86
9.023937958	2942
9.023960856	98
9.023938166	2942
9.023981400	98
9.023938253	2942
9.023994590	98
9.023938323	2942
9.024649025	98
9.034234056	1514
9.034260151	86
9.034234264	2942
9.034234331	2942
9.034317041	86
9.034858027	2942
9.034933771	86
9.044551959	4370
9.044552184	2942
9.044630696	86
9.045168654	2942
9.045243106	86
9.054887634	2942
9.054910399	98
9.054887861	2942
9.054931439	98
9.055486570	2942
9.055510597	98
9.065194479	1514
9.065220664	86
9.065194704	2942
9.065275766	86
9.065732605	2942
9.065808107	86
9.075543814	2942
9.075620566	86
9.076042263	2942
9.076064838	98
9.086304181	2942
9.086327418	106
9.095002753	1514
9.095026753	106
9.096581942	1514
9.096608144	98
9.096582172	1514
9.096627709	98
9.105293131	1514
9.105318821	86
9.105293359	1514
9.106895649	2942
9.106920089	86
9.115565074	1514
9.117160758	2942
9.117184898	86
9.117160978	2942
9.117238284	86
9.127473830	2942
9.127474050	2942
9.127474140	1514
9.127551925	86
9.137803973	2942
9.137804280	2942
9.137804348	1514
9.137919385	86
9.148215253	2942
9.148238590	98
9.148215477	1514
9.148259927	98
9.158530660	2942
9.158554615	98
9.158530883	1514
9.158576832	98
9.168841780	1514
9.168868800	86
9.168841998	2942
9.168922915	86
9.179135303	4370
9.179135521	1514
9.179212238	86
9.189495163	2942
9.189495406	2942
9.189572538	86
9.199860916	2942
9.199861136	2942
9.199939025	86
9.210227330	2942
9.210227550	2942
9.210305553	86
9.220591065	2942
9.220591285	2942
9.220591353	2942
9.220669267	86
9.230920246	2942
9.230920476	2942
9.230920548	2942
9.230998433	86
9.241261593	2942
9.241261813	2942
9.241261881	2942
9.241339795	86
9.251618778	2942
9.251619000	2942
9.251619068	2942
9.251695960	86
9.261986958	2942
9.261987175	2942
9.261987245	2942
9.261987313	2942
9.262066577	86
9.272317183	2942
9.272317408	2942
9.272317496	2942
9.272317566	2942
9.272396047	86
9.282685465	2942
9.282685683	2942
9.282685753	2942
9.282685823	2942
9.282766495	86
9.293014996	4370
9.293015203	2942
9.293015273	1514
9.293056460	98
9.303349028	2942
9.303372945	98
9.303349248	2942
9.303393768	98
9.303349318	2942
9.304041883	98
9.313631316	2942
9.313658623	86
9.313631544	2942
9.313715290	86
9.314287606	2942
9.314363666	86
9.323934966	2942
9.323935194	2942
9.324012198	86
9.324605537	2942
9.324605764	1514
9.324681414	86
9.334280576	2942
9.334280799	2942
9.334358146	86
9.334870557	2942
9.334870782	1514
9.334946089	86
9.344633599	2942
9.344633821	2942
9.344710888	86
9.345204247	1514
9.345226392	98
9.354991926	2942
9.355016051	98
9.354992149	2942
9.355036221	98
9.365257762	2942
9.365285069	86
9.365257989	2942
9.365340096	86
9.375575955	4370
9.375576175	2942
9.375654119	86
9.385912575	2942
9.385912792	2942
9.385912862	1514
9.385991414	86
9.396276627	2942
9.396276847	2942
9.396276915	1514
9.396355601	86
9.406628574	2942
9.406628782	2942
9.406628852	1514
9.406707776	86
9.416998289	2942
9.416998534	2942
9.416998624	2942
9.416998694	1514
9.417079224	86
9.427317670	2942
9.427317887	2942
9.427317957	2942
9.427318027	1514
9.427396849	86
9.437656790	2942
9.437657010	2942
9.437657077	2942
9.437657147	1514
9.437737637	86
9.448014377	2942
9.448014582	2942
9.448014652	4370
9.448093479	86
9.458362585	2942
9.458362805	2942
9.458362875	2942
9.458362945	1514
9.458442591	86
9.468739727	2942
9.468762912	98
9.468739944	2942
9.468783629	98
9.468740014	2942
9.468796854	98
9.468740084	2942
9.469446182	98
9.479052577	2942
9.479052782	2942
9.479089762	86
9.479052872	1514
9.520979901	86
9.531250199	2942
9.531250416	2942
9.531250486	2942
9.531250556	2942
9.531331443	86
9.541621086	2942
9.541621311	2942
9.541621384	2942
9.541621454	2942
9.541701708	86
9.574995967	1514
9.616979852	86
9.627251315	2942
9.627251538	2942
9.627251605	2942
9.627251675	2942
9.627331295	86
9.637619325	2942
9.637619550	2942
9.637619618	2942
9.637619688	2942
9.637701785	86
9.647972710	2942
9.647972933	2942
9.647973003	2942
9.647973073	2942
9.648052462	86
9.658349608	2942
9.658372372	98
9.658349830	2942
9.658394047	98
9.658349900	2942
9.658407537	98
9.668669485	2942
9.668669708	1514
9.668669795	1514
9.669312876	98
9.679603684	1514
9.679630423	86
9.679603906	2942
9.679603976	2942
9.679687858	86
9.689874919	4370
9.689875144	2942
9.689875214	1514
9.689954446	86
9.700246614	2942
9.700269171	98
9.710555244	2942
9.710579324	98
9.719001993	1514
9.719025765	98
9.720860262	2942
9.720885332	98
9.729306996	1514
9.729332998	86
9.729307246	1514
9.739612473	2942
9.739637688	86
9.749921624	2942
9.749946461	86
9.749921874	2942
9.749921964	1514
9.750000888	86
9.760224977	2942
9.760225197	2942
9.760225267	1514
9.760304213	86
9.770579629	2942
9.770579852	2942
9.770579922	1514
9.770657838	86
9.798989593	1514
9.840980096	86
9.851244897	2942
9.851245124	2942
9.851245192	2942
9.851245262	1514
9.851324956	86
9.861614804	2942
9.861615029	2942
9.861615099	1514
9.861654614	98
9.871908255	2942
9.871931964	98
9.871908477	2942
9.871952139	98
9.882215835	2942
9.882242320	86
9.892530528	2942
9.892555058	86
9.892530768	2942
9.892530838	1514
9.892609707	86
9.902791036	1514
9.938988528	1514
9.939012578	86
9.949238919	2942
9.949239142	2942
9.949239212	1514
9.949317289	86
9.959606707	2942
9.959606927	2942
9.959607017	1514
9.959684948	86
9.969963299	2942
9.969963524	2942
9.969963594	1514
9.970041568	86
9.980335079	2942
9.980335301	2942
9.980335371	2942
9.980335441	1514
9.980413876	86
9.990688009	2942
9.990688229	2942
9.990688299	2942
9.990688369	1514
9.990767086	86
10.001055724	2942
10.001055969	2942
10.001056039	2942
10.001056109	1514
10.001134938	86
10.038990276	1514
10.080980179	86
10.091247082	2942
10.091247308	2942
10.091247375	2942
10.091247445	4370
10.091325844	86
10.101601437	2942
10.101601657	2942
10.101601727	2942
10.101601797	2942
10.101641292	1514
10.101681344	86
10.111971945	2942
10.111972185	2942
10.111972272	2942
10.111972342	2942
10.112013219	1514
10.112052847	86
10.122337832	2942
10.122338055	2942
10.122338122	2942
10.122338192	2942
10.122378122	1514
10.122417089	86
10.132707694	2942
10.132707914	2942
10.132707984	2942
10.132708054	2942
10.132750067	2942
10.132750209	1514
10.132788161	86
10.143064994	2942
10.143065217	2942
10.143065287	4370
10.143065357	2942
10.143112134	98
10.153378822	2942
10.153403239	98
10.153379090	2942
10.153423369	98
10.153379160	2942
10.153379230	2942
10.154063047	98
10.162988965	1514
10.163012995	98
10.163629578	1514
10.163655608	86
10.163629808	1514
10.164322980	2942
10.164347660	86
10.164323208	2942
10.164401217	86
10.174604481	2942
10.174627726	98
10.174604703	2942
10.174649105	98
10.174604773	2942
10.174662415	98
10.184924566	2942
10.184924789	1514
10.184961011	86
10.184924859	1514
10.195227906	2942
10.195252601	86
10.205502734	2942
10.205527419	86
10.205502962	2942
10.205503029	1514
10.205582649	86
10.215870599	2942
10.215870824	1514
10.215903374	98
10.234986191	1514
10.235010716	98
10.245249081	1514
10.245275584	86
10.255519439	2942
10.255544244	86
10.265783097	4370
10.265860009	86
10.269222480	87
10.269319034	86
10.269376196	87
10.276151585	2942
10.276188744	74
10.279697082	90
10.279697312	377
10.279774421	86
10.279877263	90
10.279889840	411
10.279899923	87
10.282977263	86
10.283000725	74
10.290112591	86
10.290112821	87
10.290112891	86
10.290215755	86
10.300335564	86
