0.000000000	94
0.000034835	94
0.050316865	86
0.050317108	123
0.050395482	86
0.050480506	87
0.100669740	86
0.100707972	90
0.100708110	210
0.100778477	86
0.100825332	87
0.151185314	94
0.151217921	94
0.191722038	86
0.201467660	86
0.201516289	123
0.201531189	86
0.202571499	87
0.202591881	87
0.252796478	86
0.252800828	2942
0.252796705	86
0.252826557	86
0.252801065	2942
0.252848277	86
0.252801132	2942
0.252860717	86
0.252801202	2942
0.252869439	2942
0.252883277	86
0.252899584	86
0.303087823	2942
0.303112295	86
0.303088046	2942
0.303133663	86
0.303088113	2942
0.303146950	86
0.303088183	2942
0.303160323	2942
0.303160435	2942
0.303160505	2942
0.303160575	2942
0.303170145	86
0.303173845	2942
0.303173932	2942
0.303186590	86
0.353411426	2942
0.353437958	86
0.353411658	2942
0.353465150	86
0.353411748	2942
0.353411818	2942
0.353483713	86
0.353487725	2942
0.353487918	2942
0.353495983	86
0.353488033	2942
0.353488143	2942
0.353504485	86
0.353512128	86
0.353514282	2942
0.353524388	86
0.353514432	2942
0.353514528	2942
0.353514645	2942
0.353539657	86
0.353548405	86
0.353546920	2942
0.353557082	86
0.353547077	2942
0.353547190	2086
0.353569662	86
0.353577722	86
0.403724326	2942
0.403750963	86
0.403724531	2942
0.403777316	86
0.403724601	2942
0.403724671	2942
0.403795988	86
0.403805321	2942
0.403808151	86
0.403805486	2942
0.403805601	2942
0.403816771	86
0.403805713	2942
0.403824545	86
0.403832425	86
0.403832563	942
0.403841108	86
0.403832713	2942
0.403832825	2942
0.403832938	2942
0.403856680	86
0.403833063	2942
0.403866173	86
0.403868367	2942
0.403868540	2942
0.403874697	86
0.403868673	2942
0.403868790	2942
0.403884477	86
0.403892235	86
0.403893282	2942
0.403903042	86
0.403893415	2942
0.403893522	2942
0.403893640	2942
0.403920140	86
0.403922547	2942
0.403928867	86
0.403936790	86
0.403993717	2942
0.404009289	86
0.404535310	2942
0.404561260	86
0.405048642	2942
0.405075251	86
0.405510793	2942
0.405537193	86
0.406002520	2942
0.406029519	86
0.406474096	2942
0.406501986	86
0.406966043	2942
0.406992488	86
0.407445742	2942
0.407472639	86
0.407938266	2942
0.407964455	86
0.408387572	2942
0.408414335	86
0.408907929	2942
0.408935751	86
0.409385683	2942
0.409411985	86
0.409875922	2942
0.409902939	86
0.410091585	1514
0.410117205	86
0.454023042	2942
0.454048549	86
0.454023267	2942
0.454069981	86
0.454023337	2942
0.454083686	86
0.454023404	2942
0.454092619	86
0.454099766	2942
0.454107068	86
0.454099849	2942
0.454115238	86
0.454099936	5798
0.454125316	86
0.454132706	4370
0.454140276	86
0.454132808	4370
0.454148566	86
0.454132878	4370
0.454158103	86
0.454164523	4370
0.454172450	86
0.454164623	4370
0.454181046	86
0.454164696	4370
0.454189300	86
0.454196740	1514
0.454203948	86
0.454196833	4370
0.454196905	4370
0.454196993	4370
0.454229998	86
0.454243625	86
0.454903823	4370
0.454919020	86
0.455636260	4370
0.455661455	86
0.456406159	4370
0.456431209	86
0.457131997	4370
0.457157211	86
0.457300920	1514
0.457325640	86
0.458076572	4370
0.458101690	86
0.458768595	4370
0.458793677	86
0.459517964	4370
0.459544079	86
0.460526732	5798
0.460552059	86
0.461492040	5798
0.461517325	86
0.462460406	5798
0.462485758	86
0.462630594	1514
0.462654684	86
0.463637484	5798
0.463662767	86
0.464628622	5798
0.464654354	86
0.465612963	5798
0.465638437	86
0.466578873	5798
0.466604728	86
0.467513906	5798
0.467540126	86
0.468005663	2942
0.468030558	86
0.468976731	5798
0.469001998	86
0.469947276	5798
0.469972761	86
0.470918677	5798
0.470944666	86
0.471884830	5798
0.471910099	86
0.472847495	5798
0.472873410	86
0.473330837	2942
0.473355429	86
0.474332394	5798
0.474358934	86
0.475508888	7226
0.475534633	86
0.476754862	7226
0.476780377	86
0.477474887	4370
0.477500377	86
0.504306060	5798
0.504337539	86
0.504306277	7226
0.504359814	86
0.504370512	7226
0.504379934	86
0.504370649	7226
0.504389514	86
0.504396124	7226
0.504403929	86
0.504396222	5798
0.504413694	86
0.504421616	8654
0.504429756	86
0.504421719	8654
0.504439906	86
0.504964835	8654
0.504995637	86
0.506443207	8654
0.506475044	86
0.507896989	8654
0.507929018	86
0.509352753	8654
0.509384718	86
0.510803658	8654
0.510838950	86
0.511477075	4370
0.511507470	86
0.513223225	10082
0.513255935	86
0.514888478	10082
0.514920755	86
0.516616648	10082
0.516648840	86
0.518310231	10082
0.518342710	86
0.520008931	10082
0.520042703	86
0.521701536	10082
0.521734036	86
0.522391646	4370
0.522423331	86
0.524126579	10082
0.524159238	86
0.525820159	10082
0.525853036	86
0.527472997	10082
0.527505694	86
0.529212284	10082
0.529244786	86
0.530813435	10082
0.530831170	86
0.532603930	10082
0.532637117	86
0.533267547	4370
0.533292649	86
0.534974422	10082
0.535001310	86
0.536675225	10082
0.536702045	86
0.538601184	11510
0.538628411	86
0.540564279	11510
0.540591389	86
0.541567267	5798
0.541593122	86
0.542533425	5798
0.542558682	86
0.543414044	5798
0.543439229	86
0.544233675	4370
0.544258783	86
0.545173223	5798
0.545198776	86
0.546171369	5798
0.546196756	86
0.547093719	5798
0.547119502	86
0.548094165	5798
0.548119302	86
0.549072338	5798
0.549097435	86
0.550029886	5798
0.550055271	86
0.550934642	5798
0.550960521	86
0.551955262	5798
0.551986977	86
0.552124630	1514
0.552141276	86
0.554505583	5798
0.554530883	86
0.554505803	5798
0.554551838	86
0.555090897	5798
0.555116064	86
0.556071459	5798
0.556097297	86
0.557044210	5798
0.557069430	86
0.558013933	5798
0.558039063	86
0.559225637	7226
0.559251561	86
0.560400171	7226
0.560426823	86
0.561672454	7226
0.561698346	86
0.562851870	7226
0.562878058	86
0.564091234	7226
0.564117006	86
0.565306083	7226
0.565331782	86
0.566022632	4370
0.566047672	86
0.567213791	7226
0.567239416	86
0.568457185	7226
0.568483484	86
0.569598604	7226
0.569624639	86
0.570843795	7226
0.570869967	86
0.572085193	7226
0.572111768	86
0.573263802	7226
0.573289447	86
0.574470419	7226
0.574496158	86
0.575689607	7226
0.575715240	86
0.576915168	7226
0.576940906	86
0.577875999	5798
0.577903049	86
0.578837939	5798
0.578865377	86
0.579808357	5798
0.579835872	86
0.580757863	5798
0.580785528	86
0.581722816	5798
0.581750538	86
0.582713494	5798
0.582740504	86
0.583685027	5798
0.583712489	86
0.584634675	5798
0.584661892	86
0.585589463	5798
0.585616615	86
0.586598003	5798
0.586624880	86
0.587551089	5798
0.587578246	86
0.587776880	1514
0.587792210	86
0.588746305	5798
0.588773500	86
0.589722086	5798
0.589749140	86
0.590711328	5798
0.590738408	86
0.591662119	5798
0.591679319	86
0.592611567	5798
0.592628207	86
0.593570120	5798
0.593588448	86
0.594564320	5798
0.594579798	86
0.595538028	5798
0.595554136	86
0.596484491	5798
0.596499669	86
0.597448474	5798
0.597465054	86
0.598445860	5798
0.598461577	86
0.598677061	1514
0.598691668	86
0.599655566	5798
0.599670786	86
0.600624759	5798
0.600640471	86
0.601574410	5798
0.601589782	86
0.602558180	5798
0.602574070	86
0.603525628	5798
0.603541878	86
0.604487229	5798
0.604502293	86
0.605449102	5798
0.605464549	86
0.606440627	5798
0.606456247	86
0.607402870	5798
0.607418655	86
0.608367878	5798
0.608383080	86
0.609324416	5798
0.609339631	86
0.609578139	1514
0.609591879	86
0.610579234	5798
0.610594207	86
0.611549622	5798
0.611565637	86
0.612516535	5798
0.612532343	86
0.613449898	5798
0.613465478	86
0.614429799	5798
0.614444744	86
0.615398439	5798
0.615413572	86
0.616361817	5798
0.616377155	86
0.617336638	5798
0.617351805	86
0.618322473	5798
0.618347666	86
0.619260901	5798
0.619284436	98
0.619494522	1514
0.619517184	98
0.620500032	5798
0.620524700	98
0.621709901	7226
0.621734546	98
0.622922503	7226
0.624058927	98
0.624077691	7226
0.625206838	98
0.625336685	7226
0.626468524	98
0.626500837	7226
0.627623211	98
0.627752725	7226
0.628870852	98
0.628939784	7226
0.630056653	98
0.630176345	7226
0.630410576	1514
0.631293509	98
0.631628917	7226
0.632746029	98
0.632816368	7226
0.633934160	98
0.634054769	7226
0.635169534	98
0.635248980	7226
0.636375670	98
0.636449302	7226
0.637565626	98
0.637684996	7226
0.638801802	98
0.638849959	7226
0.639966934	98
0.640079838	7226
0.641199655	98
0.641324146	7226
0.642439426	98
0.642500385	7226
0.643617567	98
0.643756282	7226
0.644873368	98
0.644919750	7226
0.646036672	98
0.646164771	7226
0.647285303	98
0.647362470	7226
0.648479452	98
0.648558497	7226
0.649676213	98
0.649767435	7226
0.650885222	98
0.650976006	7226
0.652093026	98
0.652196170	7226
0.653313387	98
0.653432429	7226
0.654550136	98
0.654619433	7226
0.655736402	98
0.655825974	7226
0.656943171	98
0.657073615	7226
0.658190629	98
0.658244754	7226
0.659361941	98
0.659463925	7226
0.660581044	98
0.660682636	7226
0.661800303	98
0.661876037	7226
0.662996952	98
0.663100316	7226
0.664239165	98
0.664304107	7226
0.665293713	5798
0.665431417	98
0.666500004	7226
0.667626928	98
0.667695553	7226
0.668822685	98
0.668921972	7226
0.670049168	98
0.670118055	7226
0.671244020	98
0.671347526	7226
0.672474801	98
0.672543988	7226
0.673672132	98
0.673754364	7226
0.674008717	1514
0.674880623	98
0.675200486	7226
0.676318948	98
0.676434127	7226
0.677556181	98
0.677624906	7226
0.678740915	98
0.678814185	7226
0.679928659	98
0.680073988	7226
0.681191480	98
0.681260715	7226
0.681961512	4370
0.681984339	98
0.682233340	1514
0.682253777	86
0.682954592	4370
0.682971900	86
0.683702749	4370
0.683720462	86
0.684668657	5798
0.684701542	86
0.685396332	4370
0.685427454	86
0.685881233	2942
0.685911213	86
0.686358360	2942
0.686388130	86
0.687046473	4370
0.687073765	86
0.688017131	5798
0.688054203	86
0.688788815	4370
0.688819647	86
0.689732916	5798
0.689767608	86
0.690700569	5798
0.690734726	86
0.691455106	4370
0.691485758	86
0.692421949	5798
0.692453401	86
0.693147368	4370
0.693178283	86
0.694108664	5798
0.694140096	86
0.694866318	4370
0.694896981	86
0.695826839	5798
0.695876359	86
0.696556671	4370
0.696605268	86
0.696791100	1514
0.696837164	86
0.697505494	4370
0.697553292	86
0.698249429	4370
0.698297081	86
0.699212400	5798
0.699259749	86
0.699914917	4370
0.699962127	86
0.700911672	5798
0.700960704	86
0.701625112	4370
0.701673227	86
0.702587435	5798
0.702635765	86
0.703337075	4370
0.703385264	86
0.704306933	5798
0.704353772	86
0.704993285	4370
0.705041037	86
0.706001493	5798
0.706048715	86
0.706746945	4370
0.706793719	86
0.707696235	5798
0.707746248	86
0.708424338	4370
0.708471610	86
0.709500095	5798
0.709550195	86
0.710713179	4370
0.710761676	86
0.711955577	5798
0.712005894	86
0.713080889	4370
0.713123999	86
0.714371260	5798
0.714410087	86
0.715577018	8654
0.715619908	86
0.717758468	5798
0.717797570	86
0.718951686	4370
0.718979864	86
0.720204545	5798
0.720250447	86
0.721361784	4370
0.721402521	86
0.722596242	5798
0.722635085	86
0.723806481	4370
0.723846698	86
0.724990515	5798
0.725033932	86
0.727687558	7226
0.727729480	86
0.728915312	7226
0.728957281	86
0.730056743	7226
0.730103508	86
0.731360044	7226
0.731400571	86
0.732144168	11510
0.732187998	86
0.733159224	4370
0.733198468	86
0.733908493	4370
0.733925265	86
0.734879408	4370
0.734892786	86
0.734879548	1514
0.734907926	86
0.735572348	4370
0.735584943	86
0.736075820	4370
0.736088387	86
0.737199014	4370
0.737211624	86
0.738193584	4370
0.738206227	86
0.738193732	4370
0.738220904	86
0.738959676	4370
0.738972434	86
0.739935969	4370
0.739949184	86
0.740886535	4370
0.740899197	86
0.741610360	4370
0.741623092	86
0.743325432	4370
0.743338330	86
0.743325590	4370
0.743352830	86
0.743325677	4370
0.743366137	86
0.744294680	4370
0.744307253	86
0.745079047	4370
0.745091609	86
0.746062135	4370
0.746074652	86
0.746735872	4370
0.746748452	86
0.746949994	4370
0.746964023	86
0.747645601	4370
0.747666551	86
0.748449798	4370
0.748471565	86
0.749422393	4370
0.749440153	86
0.750069668	4370
0.750086226	86
0.751139278	4370
0.751156880	86
0.751139418	4370
0.751172493	86
0.751842011	4370
0.751857508	86
0.752742289	4370
0.752759744	86
0.753544333	4370
0.753560653	86
0.754485456	5798
0.754502124	86
0.755173234	5798
0.755189731	86
0.756227014	5798
0.756242886	86
0.757885624	5798
0.757902331	86
0.758641236	5798
0.758658551	86
0.759699111	5798
0.759716431	86
0.760893000	5798
0.760909642	86
0.762215273	5798
0.762232290	86
0.763274890	5798
0.763292345	86
0.764572193	5798
0.764595161	86
0.765793692	5798
0.765812272	86
0.768026108	5798
0.768043483	86
0.769215079	5798
0.769232252	86
0.770436616	5798
0.770453296	86
0.770436768	1514
0.770466708	86
0.771582040	4370
0.771607315	86
0.772758601	5798
0.772784016	86
0.774086197	4370
0.774111272	86
0.775149516	5798
0.775174149	86
0.777890324	5798
0.777915589	86
0.779197167	5798
0.779222532	86
0.780245652	5798
0.780271289	86
0.780245850	4370
0.780291789	86
0.780305767	1514
0.780325872	86
0.781572860	5798
0.781586380	86
0.782420074	5798
0.782433186	86
0.782420204	5798
0.782448404	86
0.783370190	4370
0.783383534	86
0.784157614	5798
0.784171296	86
0.785109534	5798
0.785123172	86
0.786298403	5798
0.786311766	86
0.787396420	5798
0.787411460	86
0.788381648	5798
0.788395228	86
0.789187587	5798
0.789200940	86
0.790188760	5798
0.790202237	86
0.791114268	5798
0.791128393	86
0.793550756	5798
0.793564771	86
0.793550903	5798
0.793580530	86
0.793588748	5798
0.793601220	86
0.794482691	1514
0.794495401	86
0.795310200	5798
0.795323570	86
0.796312133	5798
0.796325976	86
0.797154647	5798
0.797168134	86
0.797794862	5798
0.797812500	86
0.798701888	5798
0.798715313	86
0.799611827	5798
0.799625637	86
0.801401881	5798
0.801416141	86
0.801402014	5798
0.801431604	86
0.802096624	5798
0.802110181	86
0.803734557	5798
0.803747959	86
0.804670808	5798
0.804684532	86
0.804670945	1514
0.804697100	86
0.805333433	5798
0.805348498	86
0.806474592	5798
0.806487942	86
0.808124885	5798
0.808139435	86
0.808844067	5798
0.808857720	86
0.809898705	5798
0.809926507	86
0.811124171	5798
0.811151418	86
0.812430259	5798
0.812457764	86
0.813446514	5798
0.813473599	86
0.814748112	5798
0.814774957	86
0.816032683	5798
0.816060233	86
0.818291446	5798
0.818318481	86
0.818291669	1514
0.818341196	86
0.819461725	5798
0.819488838	86
0.820620887	5798
0.820647764	86
0.821804683	5798
0.821831951	86
0.822867338	5798
0.822894146	86
0.824309005	4370
0.824335943	86
0.825420082	5798
0.825447149	86
0.828137032	5798
0.828164662	86
0.829443278	5798
0.829471288	86
0.830403701	5798
0.830431298	86
0.830403951	5798
0.830456081	86
0.831746634	5798
0.831773666	86
0.832631387	2942
0.832657247	86
0.832631610	5798
0.832691189	86
0.833553106	5798
0.833608490	86
0.834372797	5798
0.834428324	86
0.835287161	5798
0.835323495	86
0.836485392	5798
0.836518804	86
0.837568104	5798
0.837603441	86
0.838557522	5798
0.838615964	86
0.839415508	5798
0.839474488	86
0.840383324	5798
0.840441208	86
0.841318797	5798
0.841376674	86
0.843756722	5798
0.843756944	7226
0.843794682	5798
0.843822971	86
0.845553461	5798
0.845609551	86
0.846580321	5798
0.846634511	86
0.847383576	5798
0.847438728	86
0.847960076	5798
0.848019518	86
0.848909707	5798
0.848966419	86
0.849799553	5798
0.849858843	86
0.851658869	5798
0.851659099	5798
0.851721064	86
0.852347067	5798
0.852347297	1514
0.852404544	86
0.853938035	5798
0.853995580	86
0.854888488	5798
0.854958638	86
0.855489764	5798
0.855553119	86
0.856721020	5798
0.856780775	86
0.858367181	5798
0.858442975	86
0.859048458	5798
0.859123801	86
0.860161965	5798
0.860235250	86
0.861369119	5798
0.861418809	86
0.862637152	5798
0.862704255	86
0.863636043	5798
0.863715787	86
0.864996668	5798
0.864996890	1514
0.865071225	86
0.866307208	5798
0.866380018	86
0.868559169	5798
0.868559397	5798
0.868634739	86
0.869686074	5798
0.869759123	86
0.870862110	5798
0.870926135	86
0.872026924	5798
0.872100726	86
0.873189153	5798
0.873262898	86
0.874507031	4370
0.874579199	86
0.875632363	5798
0.875704200	86
0.878446655	5798
0.878522030	86
0.879676629	5798
0.879751168	86
0.880618380	2942
0.880643289	86
0.880618605	5798
0.880694971	86
0.882020655	5798
0.882095931	86
0.882882633	5798
0.882882853	5798
0.882970955	86
0.883768367	5798
0.883843919	86
0.884596866	5798
0.884673295	86
0.885467547	5798
0.885543229	86
0.886692786	5798
0.886767945	86
0.887774323	5798
0.887849155	86
0.888760118	5798
0.888840362	86
0.889635417	5798
0.889708199	86
0.890593467	1514
0.890617822	86
0.891591185	5798
0.891665400	86
0.894054802	5798
0.894055027	5798
0.894087440	5798
0.894087604	5798
0.894132319	86
0.895850924	5798
0.895926429	86
0.896850782	5798
0.896925557	86
0.897634089	5798
0.897706748	86
0.898222940	5798
0.898311224	86
0.899223260	5798
0.899297744	86
0.900124746	5798
0.900124976	1514
0.900200343	86
0.901980717	5798
0.901980940	5798
0.902055912	86
0.902596808	5798
0.902669432	86
0.904196119	5798
0.904270016	86
0.905181484	5798
0.905255843	86
0.905672376	5798
0.905720878	86
0.907026568	5798
0.907077690	86
0.908631709	5798
0.908707271	86
0.909335581	5798
0.909411166	86
0.910470823	5798
0.910557607	86
0.911670465	5798
0.911670687	1514
0.911744989	86
0.912855051	5798
0.912915628	86
0.913880941	5798
0.913954116	86
0.915286356	5798
0.915351705	86
0.916631594	5798
0.916718352	86
0.918853392	5798
0.918853618	5798
0.918931067	86
0.919982422	5798
0.920058916	86
0.921131521	5798
0.921206695	86
0.922293085	5798
0.922368707	86
0.923510496	5798
0.923587076	86
0.924791012	5798
0.924791145	1514
0.924866556	86
0.925881872	5798
0.925947159	86
0.928734261	5798
0.928797890	86
0.929923255	5798
0.929998452	86
0.930914980	5798
0.930977562	86
0.932284753	5798
0.932353632	86
0.933225876	5798
0.933226028	5798
0.933294130	86
0.934050977	5798
0.934118944	86
0.934891106	5798
0.934971633	86
0.935735350	5798
0.935776542	86
0.936944594	5798
0.936944729	1514
0.936988203	86
0.938106705	5798
0.938148925	86
0.938998409	5798
0.939036259	86
0.939919270	5798
0.939957869	86
0.941910913	5798
0.941953117	86
0.944313263	5798
0.944313383	5798
0.944334563	5798
0.944334690	5798
0.944385695	86
0.946189524	5798
0.946240324	86
0.947159960	5798
0.947229384	86
0.947919079	5798
0.947980966	86
0.948484985	5798
0.948501613	98
0.949539210	5798
0.949553002	98
0.950433269	5798
0.950445953	98
0.952279435	5798
0.952292753	98
0.952279608	5798
0.952881646	5798
0.953412232	98
0.954485082	5798
0.955452655	5798
0.955600421	98
0.955918891	5798
0.957035638	98
0.957311761	5798
0.958427521	98
0.958913857	5798
0.958914012	1514
0.959604802	5798
0.960047453	98
0.960728817	5798
0.961845548	98
0.961922960	5798
0.963049245	98
0.963115737	5798
0.964099048	5798
0.964230811	98
0.965538794	5798
0.966655436	98
0.966925282	5798
0.966925406	5798
0.968042556	98
0.969176395	5798
0.969176530	5798
0.970271020	5798
0.970293235	98
0.971443816	1514
0.972496289	5798
0.972558901	98
0.973783429	5798
0.974900309	98
0.975058020	5798
0.975058155	5798
0.976150305	5798
0.976174225	98
0.979005905	5798
0.980119291	98
0.980208913	5798
0.981212116	5798
0.981324212	98
0.982553946	5798
0.983503961	5798
0.983504032	5798
0.983669153	98
0.984320003	1514
0.985189322	5798
0.985434257	98
0.985943119	5798
0.987058153	98
0.987200162	5798
0.987200297	5798
0.988310377	5798
0.988317197	98
0.989226035	5798
0.989441231	98
0.990204283	5798
0.990959900	98
0.992154664	5798
0.993290988	98
0.994629958	5798
0.994630181	5798
0.994660808	5798
0.994660961	7226
0.995758655	98
0.996462120	5798
0.997477668	5798
0.997591472	98
0.998246712	5798
0.998682556	1514
0.998712701	86
0.998682776	2942
0.998772866	86
0.999810771	4370
0.999837003	86
1.000631370	4370
1.000658142	86
1.002558236	4370
1.002584406	86
1.003669285	5798
1.003669508	1514
1.003726622	86
1.005810580	5798
1.005810802	2942
1.005868207	86
1.007259072	4370
1.007312184	86
1.008643472	2942
1.008719751	86
1.010314827	2942
1.010315052	7226
1.010374644	86
1.012127429	2942
1.012181426	86
1.013314975	4370
1.013386129	86
1.014473997	7226
1.014474287	1514
1.014533615	86
1.016901602	2942
1.016956081	86
1.018311249	7226
1.018311557	1514
1.018372519	86
1.020563688	7226
1.020563910	4370
1.020623237	86
1.022755422	5798
1.022814151	86
1.025090160	4370
1.025144632	86
1.026423093	8654
1.026423315	2942
1.026483962	86
1.030401886	4370
1.030456041	86
1.031562858	7226
1.031619298	86
1.033868766	8654
1.033868999	4370
1.033931871	86
1.035644421	4370
1.035698338	86
1.038513165	8654
1.038513400	4370
1.038573772	86
1.039639065	7226
1.039696392	86
1.041250468	4370
1.041304313	86
1.043487419	4370
1.043541579	86
1.045973586	4370
1.045973809	7226
1.046033206	86
1.047833975	10082
1.047834280	1514
1.047895359	86
1.048983442	4370
1.048983667	4370
1.049040731	86
1.050103066	4370
1.050188975	86
1.050878648	4370
1.050932348	86
1.052843826	4370
1.052898951	86
1.053966771	4370
1.053966993	4370
1.054027155	86
1.056091590	4370
1.056091813	4370
1.056167870	86
1.057591779	4370
1.057666221	86
1.058944705	2942
1.059004232	86
1.060653257	4370
1.060653480	4370
1.060741244	86
1.062461044	4370
1.062535933	86
1.063583159	4370
1.063643658	86
1.064737130	4370
1.064737353	4370
1.064829674	86
1.067223132	2942
1.067296092	86
1.068584675	4370
1.068584897	4370
1.068668767	86
1.070915990	4370
1.070916213	4370
1.070993024	86
1.072997233	4370
1.072997460	4370
1.073069570	86
1.075349838	4370
1.075425065	86
1.076679141	4370
1.076679366	5798
1.076755068	86
1.080717412	4370
1.080789761	86
1.081812249	4370
1.081812476	4370
1.081884246	86
1.084107582	4370
1.084107835	4370
1.084107905	4370
1.084184959	86
1.085841156	4370
1.085931319	86
1.088742820	4370
1.088742957	4370
1.088742998	4370
1.088834316	86
1.089905870	4370
1.089906001	4370
1.089995927	86
1.091575801	4370
1.091648670	86
1.093737017	4370
1.093810744	86
1.096227089	4370
1.096227314	4370
1.096301174	86
1.098114163	4370
1.098114366	4370
1.098114436	4370
1.098201025	86
1.099315304	4370
1.099315522	4370
1.099387492	86
1.100448336	4370
1.100522888	86
1.101211893	4370
1.101284970	86
1.103143944	4370
1.103216271	86
1.104284848	4370
1.104285066	4370
1.104360980	86
1.106382423	4370
1.106382643	4370
1.106457268	86
1.107905115	4370
1.107980222	86
1.109226528	4370
1.109323457	86
1.110963830	4370
1.110964050	4370
1.111018677	86
1.112809217	4370
1.112880571	86
1.113838839	4370
1.113912011	86
1.115014523	4370
1.115014650	4370
1.115113695	86
1.117539392	4370
1.117611772	86
1.118855333	4370
1.118855538	4370
1.118907978	86
1.121275268	4370
1.121275475	4370
1.121360295	86
1.123296111	4370
1.123296241	4370
1.123387738	86
1.125619537	4370
1.125709481	86
1.126977409	4370
1.126977674	4370
1.127058429	86
1.131019347	4370
1.131090614	86
1.132146107	4370
1.132146327	4370
1.132219936	86
1.134420302	4370
1.134420431	4370
1.134420472	4370
1.134510432	86
1.136171445	4370
1.136244764	86
1.139054769	4370
1.139054974	4370
1.139055044	4370
1.139131803	86
1.140175811	4370
1.140176033	4370
1.140247980	86
1.141926546	4370
1.141999510	86
1.144005302	4370
1.144096900	86
1.146465923	4370
1.146466058	4370
1.146555897	86
1.148425569	4370
1.148425789	4370
1.148425859	4370
1.148499935	86
1.149672882	4370
1.149673087	4370
1.149746701	86
1.150718214	4370
1.150781226	86
1.151507764	4370
1.151579791	86
1.153480792	4370
1.153553614	86
1.154644041	4370
1.154644263	4370
1.154717738	86
1.156669881	4370
1.156670104	4370
1.156743603	86
1.158243823	4370
1.158316349	86
1.159505593	4370
1.159583094	86
1.163173202	4370
1.163173422	4370
1.163173492	4370
1.163250153	86
1.164163977	4370
1.164238530	86
1.165308129	4370
1.165308351	4370
1.165383026	86
1.167799518	4370
1.167872753	86
1.169134236	4370
1.169134454	4370
1.169210800	86
1.171569188	4370
1.171569406	4370
1.171627316	86
1.173596355	4370
1.173596485	4370
1.173685563	86
1.175864702	4370
1.175941524	86
1.177329141	4370
1.177329361	4370
1.177403108	86
1.181373422	4370
1.181448437	86
1.182467984	4370
1.182468202	4370
1.182544311	86
1.184735305	4370
1.184735525	4370
1.184735595	4370
1.184812832	86
1.186529575	4370
1.186601467	86
1.189336288	4370
1.189336424	4370
1.189426366	86
1.190453046	4370
1.190476054	98
1.190453269	4370
1.190495914	98
1.192243721	4370
1.192267938	98
1.194308216	4370
1.195445125	98
1.196722621	4370
1.196722760	4370
1.197866328	98
1.198672282	4370
1.198672499	4370
1.198672569	4370
1.199803134	98
1.200000900	4370
1.200001117	4370
1.200948543	4370
1.201128557	98
1.201765697	4370
1.202896159	98
1.203834184	4370
1.204971579	98
1.204991156	4370
1.204991346	4370
1.204991439	4370
1.206136205	98
1.206928140	4370
1.206928360	4370
1.208076969	98
1.208502998	4370
1.209649532	98
1.209810699	4370
1.210950055	98
1.213538074	4370
1.213538282	4370
1.213538352	4370
1.214456008	4370
1.214666468	98
1.215582679	4370
1.215582897	4370
1.216730703	98
1.218154661	4370
1.219283687	98
1.219429919	4370
1.219430129	4370
1.220561391	98
1.221853676	4370
1.221853896	4370
1.222993198	98
1.223896989	4370
1.223897209	4370
1.225028431	98
1.226169023	4370
1.227300689	98
1.227635190	4370
1.227635410	4370
1.228766649	98
1.231677668	4370
1.232756132	4370
1.232756352	4370
1.232806012	98
1.234955039	4370
1.234955331	4370
1.234955454	4370
1.236087153	98
1.236845760	4370
1.237992159	98
1.239631790	4370
1.239632010	4370
1.240666228	4370
1.240696965	86
1.240666450	2942
1.240758097	86
1.242503784	2942
1.242530129	86
1.245685484	2942
1.245711423	86
1.248096366	4370
1.248096589	1514
1.248154626	86
1.250060889	4370
1.250061192	4370
1.250119687	86
1.251344233	4370
1.251344455	4370
1.251344523	1514
1.251403377	86
1.253117880	2942
1.253171662	86
1.255220147	2942
1.255273237	86
1.256392528	4370
1.256392751	4370
1.256452506	86
1.258315697	4370
1.258315920	1514
1.258371919	86
1.259886076	2942
1.259942130	86
1.261191427	2942
1.261257342	86
1.264916727	5798
1.264916947	4370
1.264917014	2942
1.264977909	86
1.266945315	5798
1.267004808	86
1.269571328	2942
1.269624458	86
1.270738362	5798
1.270795103	86
1.273201399	5798
1.273260870	86
1.275240797	5798
1.275298264	86
1.277587395	2942
1.277640724	86
1.278973260	5798
1.278973570	1514
1.279029199	86
1.283047245	2942
1.283099592	86
1.286293629	5798
1.286293899	5798
1.286329959	1514
1.286356469	86
1.288221518	4370
1.288277677	86
1.290879091	2942
1.290879314	2942
1.290879384	2942
1.290879451	2942
1.290929318	2942
1.290957558	86
1.290970527	86
1.292755290	2942
1.292811082	86
1.295880835	2942
1.295951267	86
1.298354323	2942
1.298354454	2942
1.298444094	86
1.300341085	2942
1.300341305	2942
1.300341375	2942
1.300427334	86
1.301681773	2942
1.301681990	2942
1.301682060	2942
1.301682130	2942
1.301756937	86
1.303415153	2942
1.303486387	86
1.305553677	2942
1.305628389	86
1.306720794	2942
1.306721014	2942
1.306721084	2942
1.306796666	86
1.308584025	2942
1.308584248	2942
1.308656875	86
1.310220338	2942
1.310291663	86
1.311444899	1514
1.315262557	2942
1.315262777	2942
1.315262847	2942
1.315262914	2942
1.315301739	2942
1.315338731	86
1.317284515	2942
1.317284735	2942
1.317356724	86
1.319909926	2942
1.319982720	86
1.320980585	2942
1.320980803	2942
1.321056632	86
1.323463872	2942
1.323464092	2942
1.323539290	86
1.325501348	2942
1.325501575	2942
1.325569925	86
1.327822603	2942
1.327895123	86
1.329309917	2942
1.329310135	2942
1.329310205	2942
1.329383499	86
1.333376633	2942
1.333449290	86
1.336567372	2942
1.336567577	2942
1.336567647	2942
1.336567717	4370
1.336641872	86
1.338544663	2942
1.338614968	86
1.341247273	2942
1.341247481	2942
1.341247551	2942
1.341247621	2942
1.341288246	2942
1.341323286	86
1.342984536	2942
1.343059875	86
1.346150992	2942
1.346242265	86
1.348633676	2942
1.348633807	2942
1.348723514	86
1.350639620	2942
1.350639845	2942
1.350639918	2942
1.350714122	86
1.352020418	2942
1.352020638	2942
1.352020708	2942
1.352020775	2942
1.352096277	86
1.353751008	2942
1.353822657	86
1.355912155	2942
1.355983689	86
1.357055456	2942
1.357055676	2942
1.357055746	4370
1.357127813	86
1.358873163	2942
1.358873386	2942
1.358960115	86
1.360534971	2942
1.360607906	86
1.365634674	2942
1.365634894	2942
1.365634964	2942
1.365635034	2942
1.365675641	2942
1.365710759	86
1.367590245	2942
1.367590472	2942
1.367662289	86
1.370262918	2942
1.370263148	2942
1.370335993	86
1.371243021	2942
1.371243246	2942
1.371323122	86
1.373740685	2942
1.373740913	2942
1.373797368	86
1.375756041	2942
1.375756266	2942
1.375813447	86
1.379628638	2942
1.379628860	2942
1.379628928	2942
1.379628998	1514
1.379704147	86
1.383714196	2942
1.383786855	86
1.386900945	2942
1.386901170	2942
1.386901238	2942
1.386901308	2942
1.386941000	2942
1.386983449	86
1.388883161	2942
1.388955240	86
1.391563239	2942
1.391563461	2942
1.391563531	2942
1.391563601	2942
1.391605086	2942
1.391637213	86
1.393309559	2942
1.393382161	86
1.396419183	2942
1.396509408	86
1.398899825	2942
1.398899968	2942
1.398969288	86
1.400951623	2942
1.400951846	2942
1.400951913	2942
1.401025533	86
1.402394365	2942
1.402394590	2942
1.402394663	2942
1.402394733	1514
1.402468957	86
1.404091551	2942
1.404165310	86
1.406262390	2942
1.406334877	86
1.407382609	2942
1.407382834	2942
1.407382904	2942
1.407382972	2942
1.407457961	86
1.409188569	2942
1.409188794	2942
1.409259923	86
1.410844662	2942
1.410918771	86
1.416003807	2942
1.416004029	2942
1.416004099	2942
1.416004169	2942
1.416046356	2942
1.416080996	86
1.417920258	2942
1.417920488	2942
1.417993435	86
1.420628866	2942
1.420629091	2942
1.420702765	86
1.421512562	2942
1.421512784	2942
1.421586947	86
1.424019801	2942
1.424020023	2942
1.424020093	1514
1.424104616	86
1.426060789	2942
1.426061026	2942
1.426135652	86
1.429935151	2942
1.429935376	2942
1.429935443	2942
1.430009860	86
1.434066888	2942
1.434139448	86
1.437235355	2942
1.437235578	2942
1.437235673	2942
1.437235740	2942
1.437276463	2942
1.437313425	86
1.439206231	2942
1.439277580	86
1.441879459	2942
1.441879684	2942
1.441879754	2942
1.441879822	2942
1.441919256	2942
1.441955103	86
1.443590994	2942
1.443663839	86
1.446670714	2942
1.446741426	86
1.449214670	2942
1.449214821	2942
1.449306908	86
1.451210202	2942
1.451210334	4370
1.451210375	2942
1.451299298	86
1.452710585	2942
1.452710808	2942
1.452710878	2942
1.452786315	86
1.454442603	2942
1.454515775	86
1.456575297	2942
1.456647790	86
1.457754254	2942
1.457754477	2942
1.457754547	2942
1.457754617	2942
1.457829434	86
1.459469337	2942
1.459469562	2942
1.459539204	86
1.461200242	2942
1.461274459	86
1.466370069	2942
1.466370292	2942
1.466370362	2942
1.466370432	2942
1.466412394	2942
1.466445439	86
1.468240188	2942
1.468240416	2942
1.468311328	86
1.470982441	2942
1.470982693	4370
1.471058710	86
1.471757670	2942
1.471814942	86
1.474338754	2942
1.474361591	98
1.474338976	2942
1.474381116	98
1.474339046	2942
1.474394136	98
1.476340262	2942
1.476340489	2942
1.477488349	98
1.480257369	2942
1.480257596	2942
1.480257666	2942
1.481404290	98
1.484404913	2942
1.485551547	98
1.487571516	2942
1.487571740	2942
1.487571810	2942
1.487571878	2942
1.487608000	2942
1.488717482	98
1.489559714	2942
1.490706008	98
1.492230342	2942
1.492230564	2942
1.492230659	2942
1.492230727	2942
1.492266284	1514
1.493365016	98
1.493873380	2942
1.495004327	98
1.496899038	2942
1.498034255	98
1.499500094	2942
1.499500316	2942
1.500646073	98
1.501534502	2942
1.501534729	2942
1.501534799	2942
1.501534872	2942
1.502666369	98
1.502987191	2942
1.502987416	2942
1.502987486	2942
1.504134998	98
1.504756958	2942
1.505903068	98
1.506838153	2942
1.507984335	98
1.508092359	2942
1.508092584	2942
1.508092654	2942
1.508092724	2942
1.509239383	98
1.509751937	2942
1.509752162	2942
1.510898251	98
1.511504949	2942
1.512651546	98
1.516687192	2942
1.516687412	2942
1.516687479	4370
1.516687549	2942
1.517818474	98
1.518565148	2942
1.518565373	2942
1.519696123	98
1.521335011	2942
1.521335233	2942
1.521335301	2942
1.521994458	2942
1.522465997	98
1.524614102	2942
1.524614324	2942
1.524652759	86
1.524614392	1514
1.527711455	2942
1.527735499	86
1.527711662	1514
1.531626091	2942
1.531652848	86
1.531626316	2942
1.531685088	86
1.535812628	2942
1.535866236	86
1.538957793	2942
1.538958066	2942
1.538958173	2942
1.538958288	1514
1.539025670	86
1.540976968	1514
1.541002386	86
1.543594502	2942
1.543594722	2942
1.543594789	2942
1.543652049	86
1.545253177	2942
1.545307260	86
1.548297068	1514
1.550893217	4370
1.550961316	86
1.552832843	4370
1.552832974	4370
1.552923927	86
1.554428866	4370
1.554429091	1514
1.554501665	86
1.556176518	1514
1.558269180	2942
1.558341545	86
1.559470352	4370
1.559470577	2942
1.559544686	86
1.561088355	4370
1.561162257	86
1.562878737	1514
1.568080419	4370
1.568080642	1514
1.568154181	86
1.569959711	4370
1.569959933	1514
1.570032548	86
1.572764900	4370
1.572765120	4370
1.572765190	2942
1.572838605	86
1.574953839	2942
1.574954062	2942
1.575028678	86
1.577959078	2942
1.578016311	86
1.581906634	2942
1.581906859	2942
1.581979644	86
1.586151656	2942
1.586151923	2942
1.586229858	86
1.589312988	2942
1.589313213	2942
1.589313281	2942
1.589389140	86
1.591219982	2942
1.591291676	86
1.593890292	2942
1.593890517	2942
1.593890585	2942
1.593962877	86
1.595500781	2942
1.595573205	86
1.601251109	2942
1.601251334	2942
1.601323523	86
1.603127013	2942
1.603127240	2942
1.603127310	2942
1.603208292	86
1.604771211	2942
1.604771433	2942
1.604843968	86
1.608587553	2942
1.608587781	2942
1.608658433	86
1.609826304	4370
1.609826527	2942
1.609899831	86
1.611368976	2942
1.611441870	86
1.618420334	2942
1.618420560	2942
1.618420627	2942
1.618496731	86
1.620299798	2942
1.620300026	2942
1.620370768	86
1.623097638	2942
1.623097861	2942
1.623097931	2942
1.623098001	2942
1.623171928	86
1.625314594	2942
1.625314820	2942
1.625387279	86
1.628229871	2942
1.628283051	86
1.632204577	2942
1.632204802	2942
1.632275902	86
1.636466181	2942
1.636466406	2942
1.636548768	86
1.639630223	2942
1.639630448	2942
1.639630518	2942
1.639706750	86
1.641570787	1514
1.644232505	2942
1.644232730	2942
1.644232797	2942
1.644306454	86
1.645751391	2942
1.645825501	86
1.651588524	2942
1.651588747	2942
1.651659654	86
1.653417088	2942
1.653417314	2942
1.653417384	2942
1.653491890	86
1.655092649	2942
1.655092876	2942
1.655092946	2942
1.655165933	86
1.658907374	2942
1.658907601	2942
1.658979628	86
1.660172682	2942
1.660172907	2942
1.660245286	86
1.661625759	2942
1.661698498	86
1.668767450	2942
1.668767677	2942
1.668767750	2942
1.668841597	86
1.670655251	2942
1.670655473	2942
1.670655543	1514
1.670728990	86
1.673464045	2942
1.673464268	2942
1.673464338	2942
1.673464408	2942
1.673538455	86
1.675634252	2942
1.675634477	2942
1.675705254	86
1.678520524	2942
1.678574476	86
1.682559535	2942
1.682559757	2942
1.682632014	86
1.686738674	2942
1.686738902	2942
1.686815924	86
1.689997008	2942
1.689997263	2942
1.689997333	2942
1.690073630	86
1.694541523	2942
1.694541753	2942
1.694541820	2942
1.694616150	86
1.696002420	2942
1.696074827	86
1.701905414	2942
1.701905637	2942
1.701977766	86
1.703721756	2942
1.703721981	2942
1.703722051	4370
1.703797521	86
1.705461214	2942
1.705461439	2942
1.705461506	2942
1.705534541	86
1.709265614	2942
1.709265844	2942
1.709338805	86
1.710531734	2942
1.710531960	2942
1.710604454	86
1.711880510	2942
1.711950752	86
1.719064450	2942
1.719064675	2942
1.719064743	2942
1.719143524	86
1.721002604	2942
1.721002831	2942
1.721002901	2942
1.721076318	86
1.723818963	2942
1.723819186	2942
1.723819253	2942
1.723819323	2942
1.723895335	86
1.725990150	2942
1.725990375	2942
1.726063102	86
1.728817164	2942
1.728870939	86
1.732897100	4370
1.732969389	86
1.736993468	2942
1.736993693	2942
1.737068662	86
1.740345931	2942
1.740346153	2942
1.740378890	98
1.744829896	2942
1.744853708	98
1.744830118	2942
1.744872395	98
1.744830188	2942
1.746012857	98
1.746277633	2942
1.747408470	98
1.752205007	2942
1.752205235	2942
1.753351682	98
1.754032722	2942
1.754032932	2942
1.754033002	2942
1.754033072	2942
1.755164573	98
1.755809354	2942
1.755809571	2942
1.755809641	2942
1.756957840	98
1.759589626	2942
1.759589854	2942
1.760736068	98
1.760840990	2942
1.760841217	1514
1.761987534	98
1.762134908	2942
1.763272362	98
1.769438537	2942
1.769438755	2942
1.769438825	2942
1.770569904	98
1.771333959	2942
1.771334176	2942
1.771334246	2942
1.772466083	98
1.774186201	2942
1.774186421	2942
1.774186491	2942
1.774186558	2942
1.774223033	2942
1.775317840	98
1.776279143	2942
1.776279370	2942
1.777425412	98
1.779088185	2942
1.780219659	98
1.783216140	2942
1.784362377	98
1.787218936	2942
1.787219159	2942
1.788346973	98
1.790664391	2942
1.790664614	2942
1.791796115	98
1.795111921	2942
1.795140441	86
1.795112144	1514
1.796276285	2942
1.796302073	86
1.797658670	1514
1.803623052	4370
1.803675784	86
1.805436489	2942
1.805436712	2942
1.805436779	1514
1.805494469	86
1.807218071	2942
1.807218304	2942
1.807218371	1514
1.807276633	86
1.810969742	2942
1.811020396	86
1.812264419	2942
1.812264642	1514
1.812319204	86
1.813493826	1514
1.820761423	2942
1.820761645	2942
1.820817450	86
1.822736854	2942
1.822737076	2942
1.822794623	86
1.825608043	2942
1.825608275	2942
1.825666402	86
1.827705350	2942
1.827705573	2942
1.827760197	86
1.830505690	2942
1.830559667	86
1.834646105	2942
1.834701607	86
1.838599491	2942
1.838599714	2942
1.838656748	86
1.842089491	2942
1.842089723	2942
1.842148336	86
1.845431904	2942
1.845486599	86
1.846505561	2942
1.846559324	86
1.853922180	2942
1.853922405	2942
1.853999017	86
1.855710212	2942
1.855710432	2942
1.855710502	2942
1.855783999	86
1.857561991	2942
1.857562211	2942
1.857634826	86
1.861301539	2942
1.861373939	86
1.862600472	2942
1.862600692	2942
1.862673354	86
1.871010859	2942
1.871011089	2942
1.871084248	86
1.873061179	2942
1.873061404	2942
1.873135983	86
1.875954825	2942
1.875955045	2942
1.876027935	86
1.878041358	2942
1.878041578	2942
1.878114090	86
1.880809543	2942
1.880862655	86
1.884963675	2942
1.885036370	86
1.888879207	2942
1.888879432	2942
1.888952339	86
1.892412231	2942
1.892412451	2942
1.892412519	2942
1.892487423	86
1.895747434	2942
1.895820794	86
1.896713063	2942
1.896786844	86
1.904249673	2942
1.904249900	2942
1.904323877	86
1.905944200	2942
1.905944426	2942
1.905944496	2942
1.906019187	86
1.907924146	2942
1.907924366	2942
1.907998906	86
1.911624564	2942
1.911696916	86
1.912942040	2942
1.912942260	2942
1.913016754	86
1.921323664	2942
1.921323889	2942
1.921395016	86
1.923384247	2942
1.923384472	2942
1.923459131	86
1.926315948	2942
1.926316173	1514
1.926388767	86
1.928374078	2942
1.928374301	2942
1.928446303	86
1.931059568	2942
1.931130825	86
1.935258621	2942
1.935329847	86
1.939208697	2942
1.939208919	2942
1.939281906	86
1.942756756	2942
1.942756976	2942
1.942757046	2942
1.942757114	2942
1.942830416	86
1.946106159	2942
1.946179374	86
1.946992063	2942
1.947063028	86
1.954604193	2942
1.954604418	2942
1.954678737	86
1.956211246	2942
1.956211476	2942
1.956211546	2942
1.956286036	86
1.958283766	2942
1.958283989	2942
1.958356538	86
1.961976332	2942
1.962050389	86
1.963261590	2942
1.963261813	2942
1.963336352	86
1.971585010	4370
1.971657879	86
1.973744077	2942
1.973744307	2942
1.973818994	86
1.976651068	2942
1.976651288	2942
1.976724263	86
1.978732298	2942
1.978732518	2942
1.978805120	86
1.981328529	2942
1.981403159	86
1.985612903	2942
1.985685348	86
1.989544335	2942
1.989544557	2942
1.989618089	86
1.993107879	2942
1.993108099	2942
1.993108169	2942
1.993108236	2942
1.993183503	86
1.996444432	2942
1.996516214	86
1.997302246	2942
1.997374453	86
2.004923008	2942
2.004923236	2942
2.004996288	86
2.006483349	2942
2.006483574	2942
2.006483644	2942
2.006556346	86
2.008614574	4370
2.008614794	2942
2.008687963	86
2.012316977	2942
2.012389464	86
2.013620190	2942
2.013620413	2942
2.013693875	86
2.021862910	2942
2.021935167	86
2.024071514	2942
2.024071742	2942
2.024149611	86
2.026974416	2942
2.026974668	2942
2.027045288	86
2.029076791	2942
2.029077011	2942
2.029152997	86
2.031573985	2942
2.031626287	86
2.035965196	2942
2.036039793	86
2.039865017	2942
2.039865240	2942
2.039939584	86
2.043463561	2942
2.043463769	2942
2.043463836	2942
2.043463906	2942
2.043536951	86
2.046762400	2942
2.046835437	86
2.047586329	2942
2.047586557	1514
2.047656891	86
2.055214956	2942
2.055286193	86
2.056724933	2942
2.056747287	98
2.056725153	2942
2.056768655	98
2.056725223	2942
2.056781927	98
2.058931524	2942
2.058931747	2942
2.060077811	98
2.062672842	2942
2.063803896	98
2.063957110	2942
2.063957338	2942
2.065084930	98
2.072085951	2942
2.073232613	98
2.074434624	2942
2.074434847	2942
2.075566779	98
2.077334276	2942
2.077334496	2942
2.078481250	98
2.079377403	2942
2.079377626	2942
2.080505138	98
2.081810553	2942
2.082945990	98
2.086319326	2942
2.087450272	98
2.090193283	2942
2.090193508	2942
2.091325772	98
2.093825601	2942
2.093825821	4370
2.093825891	2942
2.093825961	2942
2.094982365	98
2.097115960	2942
2.097868759	2942
2.098255182	98
2.105546081	2942
2.106693265	98
2.106967161	2942
2.106967381	2942
2.107003181	86
2.106967471	1514
2.110366829	2942
2.110391459	86
2.110367052	1514
2.114088007	1514
2.114114234	86
2.115289548	2942
2.115289771	1514
2.115345383	86
2.123453379	2942
2.123509779	86
2.125854272	2942
2.125909484	86
2.128772715	2942
2.128772938	1514
2.128829840	86
2.130764796	2942
2.130765019	1514
2.130821476	86
2.133205753	1514
2.137735728	2942
2.137789078	86
2.141608142	2942
2.141608365	1514
2.141666155	86
2.145277949	2942
2.145278171	2942
2.145278259	1514
2.145338188	86
2.148526152	2942
2.148584072	86
2.156924974	2942
2.156947334	98
2.157213502	2942
2.157237539	98
2.157213724	2942
2.157257469	98
2.160648994	2942
2.161795594	98
2.164379900	2942
2.165525637	98
2.165589954	2942
2.165590176	2942
2.166720908	98
2.173717065	2942
2.174851669	98
2.176181389	2942
2.177326763	98
2.179071491	2942
2.180220318	98
2.181085901	2942
2.181086124	2942
2.182236098	98
2.188031491	2942
2.189188030	98
2.191880543	2942
2.191880768	2942
2.193026542	98
2.195586409	2942
2.195586631	2942
2.196733438	98
2.198817308	2942
2.199945347	98
2.207184225	2942
2.207450423	2942
2.207479405	86
2.207450645	1514
2.212072037	2942
2.212098531	86
2.215800832	1514
2.216990006	4370
2.217043663	86
2.225104112	1514
2.227586174	2942
2.227659939	86
2.230505503	1514
2.239444876	2942
2.239516058	86
2.243307055	2942
2.243307278	2942
2.243381932	86
2.246987104	2942
2.246987356	2942
2.247060956	86
2.250219680	2942
2.250291732	86
2.257771066	2942
2.257771290	2942
2.257846055	86
2.262383620	2942
2.262456932	86
2.267319229	2942
2.267319456	2942
2.267390506	86
2.277945292	2942
2.277945517	2942
2.278018131	86
2.289800036	2942
2.289872683	86
2.293665100	2942
2.293736635	86
2.297349161	2942
2.297371866	98
2.297349381	2942
2.297391333	98
2.300560085	2942
2.300584035	98
2.300560313	1514
2.301728272	98
2.308123701	2942
2.308123925	2942
2.309270430	98
2.312712860	2942
2.313844564	98
2.317680979	2942
2.317681204	2942
2.318817988	98
2.328264397	2942
2.328264625	2942
2.329411126	98
2.340141799	2942
2.341290835	98
2.344004458	2942
2.345152097	98
2.347659386	2942
2.347659614	2942
2.347695584	86
2.350844543	1514
2.352005203	1514
2.352029080	86
2.359536228	2942
2.359536503	1514
2.359608950	86
2.364121182	1514
2.369090544	1514
2.369161513	86
2.379701069	2942
2.379701297	2942
2.379775601	86
2.391555678	2942
2.391629595	86
2.395426803	2942
2.395502767	86
2.397983879	2942
2.397984102	2942
2.398058151	86
2.402314570	2942
2.402389797	86
2.409892683	2942
2.409966902	86
2.419436229	2942
2.419509556	86
2.430064329	2942
2.430064552	2942
2.430138371	86
2.441915411	2942
2.441989760	86
2.445788410	2942
2.445788630	2942
2.445863132	86
2.448302732	2942
2.448302952	2942
2.448378296	86
2.452656968	2942
2.452732153	86
2.460231576	2942
2.460307700	86
2.469792559	2942
2.469866023	86
2.480382790	2942
2.480383010	2942
2.480460782	86
2.492266008	2942
2.492339095	86
2.496131670	2942
2.496131893	2942
2.496208100	86
2.498664937	2942
2.498665157	2942
2.498739681	86
2.502969583	2942
2.503047763	86
2.510593376	2942
2.510667335	86
2.520127682	2942
2.520201286	86
2.530745447	2942
2.530745669	2942
2.530820849	86
2.542621759	1514
2.546491753	2942
2.546491975	2942
2.546564105	86
2.549007460	2942
2.549007680	2942
2.549083017	86
2.553436003	2942
2.553436223	2942
2.553510197	86
2.560935976	2942
2.561010760	86
2.570486091	2942
2.570561763	86
2.581088407	2942
2.581088635	2942
2.581165582	86
2.596812363	2942
2.596812591	2942
2.596886370	86
2.599357982	2942
2.599358202	2942
2.599432879	86
2.603796600	2942
2.603796820	2942
2.603873349	86
2.611257974	2942
2.611332163	86
2.620847119	2942
2.620920148	86
2.631423727	2942
2.631423950	2942
2.631497619	86
2.647152368	2942
2.647152591	2942
2.647152681	1514
2.647229005	86
2.649717230	2942
2.649717450	2942
2.649791984	86
2.654160603	2942
2.654160823	2942
2.654235582	86
2.661616039	2942
2.661691488	86
2.671181429	2942
2.671256074	86
2.681785492	2942
2.681785715	2942
2.681860522	86
2.697473329	2942
2.697473549	2942
2.697473619	2942
2.697550090	86
2.700070997	2942
2.700071245	2942
2.700146889	86
2.704496735	2942
2.704496988	2942
2.704571577	86
2.711962188	2942
2.712035696	86
2.721545212	2942
2.721615566	86
2.732133275	2942
2.732133500	2942
2.732207167	86
2.747795651	2942
2.747795876	2942
2.747795946	2942
2.747873516	86
2.750425685	1514
2.750425912	2942
2.750499977	86
2.754821223	2942
2.754821445	2942
2.754896962	86
2.762317011	2942
2.762391408	86
2.771885284	2942
2.771959839	86
2.782492560	2942
2.782492782	2942
2.782566802	86
2.798159599	2942
2.798159824	2942
2.798159896	2942
2.798235828	86
2.800774360	2942
2.800774610	2942
2.800849654	86
2.805184678	2942
2.805184906	2942
2.805259677	86
2.812662671	2942
2.812737593	86
2.822246799	2942
2.822320804	86
2.832840592	2942
2.832840820	2942
2.832916267	86
2.848489032	2942
2.848489254	2942
2.848489322	2942
2.848565426	86
2.851118437	2942
2.851118660	4370
2.851195467	86
2.855525463	2942
2.855525715	2942
2.855599645	86
2.862982871	2942
2.863058418	86
2.872595429	2942
2.872668859	86
2.883196107	2942
2.883196333	2942
2.883270604	86
2.898829334	2942
2.898829557	2942
2.898829627	2942
2.898904839	86
2.901483985	2942
2.901484208	2942
2.901484278	2942
2.901560689	86
2.905891763	2942
2.905914200	98
2.913344542	2942
2.913368404	98
2.922882455	2942
2.922906432	98
2.933557752	2942
2.933557980	2942
2.934704289	98
2.949193809	2942
2.949194029	2942
2.949194099	2942
2.950340658	98
2.951845117	4370
2.951845340	2942
2.952991144	98
2.956188663	2942
2.957335398	98
2.963615312	2942
2.963644067	86
2.973193008	1514
3.000604129	2942
3.000630659	86
3.000604376	2942
3.000604464	2942
3.000667201	86
3.000686973	86
3.003244095	2942
3.003244335	2942
3.003244425	1514
3.003305334	86
3.007619186	2942
3.007675075	86
3.013906280	2942
3.013962212	86
3.050873310	2942
3.050873552	2942
3.050873622	2942
3.050963854	86
3.053592925	2942
3.053593150	2942
3.053593220	2942
3.053668332	86
3.057959968	2942
3.058033258	86
3.064217850	2942
3.064218125	1514
3.064292542	86
3.101256527	2942
3.101256772	2942
3.101256842	2942
3.101333481	86
3.103957290	2942
3.103957537	2942
3.103957607	2942
3.104032444	86
3.108303476	2942
3.108379170	86
3.114581580	2942
3.114581810	2942
3.114655810	86
3.151619067	2942
3.151619317	2942
3.151619407	2942
3.151696106	86
3.154318862	2942
3.154319085	2942
3.154319155	2942
3.154392997	86
3.158667688	2942
3.158742055	86
3.164925238	2942
3.164999540	86
3.201985124	2942
3.202007897	98
3.201985372	2942
3.202029376	98
3.201985440	2942
3.202042396	98
3.204664840	2942
3.204665065	2942
3.204665135	2942
3.205811604	98
3.209010496	2942
3.210157835	98
3.215249536	1514
3.216394622	98
3.252277480	2942
3.252304487	86
3.252277730	1514
3.256046188	2942
3.256071515	86
3.256046435	2942
3.256046508	2942
3.256125460	86
3.260433793	2942
3.260508230	86
3.266676871	1514
3.302598385	2942
3.302623353	86
3.306363340	2942
3.306387710	86
3.306363563	2942
3.306363633	2942
3.306438672	86
3.310753584	2942
3.310827803	86
3.352910453	2942
3.352910680	2942
3.352984088	86
3.356659018	2942
3.356659271	2942
3.356659361	2942
3.356735535	86
3.361117656	2942
3.361117883	1514
3.361193438	86
3.403246506	2942
3.403246733	2942
3.403321643	86
3.406990284	2942
3.406990518	2942
3.406990588	2942
3.407066450	86
3.411457384	2942
3.411457636	1514
3.411532306	86
3.453609111	2942
3.453609361	2942
3.453684110	86
3.457358303	2942
3.457358539	2942
3.457358609	2942
3.457434170	86
3.461817786	2942
3.461818019	1514
3.461891908	86
3.503959978	2942
3.503960203	2942
3.504035653	86
3.507725806	2942
3.507726054	2942
3.507726126	2942
3.507801710	86
3.512142216	2942
3.512142464	2942
3.512217866	86
3.554326796	2942
3.554327023	2942
3.554402830	86
3.558092583	2942
3.558092833	2942
3.558092901	2942
3.558168450	86
3.562507076	2942
3.562507324	2942
3.562582638	86
3.604677228	2942
3.604677453	4370
3.604750793	86
3.608452788	2942
3.608453038	2942
3.608453108	2942
3.608530190	86
3.612871589	2942
3.612871836	2942
3.612947266	86
3.654973131	2942
3.654973356	2942
3.655022991	86
3.658758314	2942
3.658758539	2942
3.658758606	2942
3.658834361	86
3.663213867	2942
3.663214137	2942
3.663214207	1514
3.663290661	86
3.705292614	2942
3.705292842	2942
3.705368086	86
3.709124209	2942
3.709124461	2942
3.709124549	2942
3.709201086	86
3.713578416	2942
3.713578664	2942
3.713578734	2942
3.713654141	86
3.755666554	2942
3.755666781	2942
3.755741368	86
3.759459921	2942
3.759460171	2942
3.759460259	2942
3.759536431	86
3.763898592	2942
3.763898839	2942
3.763898909	2942
3.763974119	86
3.806032701	2942
3.806032949	2942
3.806107643	86
3.809827456	2942
3.809827684	2942
3.809827756	2942
3.809902846	86
3.814267962	2942
3.814268189	2942
3.814268259	2942
3.814268329	1514
3.814345044	86
3.856386011	2942
3.856386239	2942
3.856460823	86
3.860179361	2942
3.860179614	2942
3.860179701	2942
3.860257563	86
3.864628989	2942
3.864629239	2942
3.864629327	2942
3.864629397	1514
3.864704509	86
3.906751804	2942
3.906752049	2942
3.906826636	86
3.910546926	2942
3.910547186	2942
3.910547274	2942
3.910623218	86
3.957122474	2942
3.957122696	2942
3.957122766	2942
3.957122836	2942
3.957164951	2942
3.957165086	2942
3.957201638	86
3.960910844	2942
3.960911069	2942
3.960911139	2942
3.960987703	86
4.007452066	2942
4.007452286	2942
4.007452356	2942
4.007452426	2942
4.007495144	2942
4.007495298	2942
4.007529653	86
4.011239526	2942
4.011239749	2942
4.011239819	2942
4.011239889	1514
4.011316156	86
4.057824529	2942
4.057824751	2942
4.057824821	2942
4.057824891	2942
4.057866121	2942
4.057866279	2942
4.057905503	86
4.061608531	2942
4.061608756	2942
4.061608826	2942
4.061608896	1514
4.061683193	86
4.108187346	2942
4.108187569	2942
4.108187639	2942
4.108187709	2942
4.108229438	2942
4.108229598	2942
4.108266926	86
4.111943897	2942
4.111944151	2942
4.111944221	2942
4.111944291	2942
4.112021281	86
4.158557066	4370
4.158557286	2942
4.158557356	2942
4.158557426	2942
4.158598103	2942
4.158636528	86
4.162314194	2942
4.162314446	2942
4.162314519	2942
4.162314591	2942
4.162353391	1514
4.162392123	86
4.208936386	2942
4.208936608	2942
4.208936678	2942
4.208936748	2942
4.208979881	2942
4.208980016	2942
4.209015553	86
4.212667734	2942
4.212667984	2942
4.212668074	2942
4.212668144	2942
4.212706831	1514
4.212745866	86
4.259310236	2942
4.259310456	2942
4.259310526	4370
4.259310596	2942
4.259351743	2942
4.259389623	86
4.262966422	2942
4.262966644	2942
4.262966714	2942
4.262966784	2942
4.263007122	2942
4.263024552	86
4.263046961	86
4.309685076	2942
4.309685298	2942
4.309685368	2942
4.309685438	2942
4.309727073	2942
4.309727223	2942
4.309764543	86
4.313320832	2942
4.313321062	2942
4.313321129	2942
4.313321199	2942
4.313360659	2942
4.313398454	86
4.360015611	2942
4.360015831	2942
4.360015901	2942
4.360015969	2942
4.360061501	98
4.360072943	2942
4.360082783	98
4.363691234	2942
4.363715404	98
4.363691442	2942
4.363691512	2942
4.363691582	2942
4.363746102	2942
4.363746236	1514
4.364858883	98
4.410370096	2942
4.410370316	2942
4.410370386	2942
4.410370454	2942
4.410405823	1514
4.410423958	86
4.410405901	1514
4.413993845	1514
4.414017597	86
4.415124487	2942
4.415124707	2942
4.415124777	1514
4.415200169	86
4.460688351	2942
4.460688571	2942
4.460688641	2942
4.460688709	2942
4.460766913	86
4.464291718	2942
4.464367245	86
4.465488722	2942
4.465488942	2942
4.465489009	1514
4.465489079	2942
4.465566014	86
4.511056449	2942
4.511056656	2942
4.511056726	2942
4.511056794	2942
4.511134886	86
4.514654925	2942
4.514727297	86
4.515849897	2942
4.515850117	2942
4.515850187	2942
4.515850257	1514
4.515927559	86
4.561595442	2942
4.561595650	2942
4.561595720	2942
4.561595790	2942
4.561673557	86
4.564993308	2942
4.565067105	86
4.566213239	2942
4.566213459	2942
4.566213529	2942
4.566213596	2942
4.566290433	86
4.611952930	2942
4.611953147	2942
4.611953217	2942
4.611953287	2942
4.612031194	86
4.615325528	2942
4.615399350	86
4.616562749	2942
4.616562969	2942
4.616563039	2942
4.616563107	2942
4.616637601	86
4.662324797	2942
4.662325002	2942
4.662325072	2942
4.662325142	2942
4.662403087	86
4.665683693	2942
4.665756815	86
4.666918177	2942
4.666918397	2942
4.666918467	2942
4.666918534	2942
4.666996064	86
4.712694015	2942
4.712694222	2942
4.712694290	2942
4.712694360	2942
4.712771824	86
4.716025958	2942
4.716099940	86
4.717283659	2942
4.717283879	2942
4.717283949	2942
4.717284017	4370
4.717360009	86
4.763059372	2942
4.763059590	2942
4.763059660	2942
4.763059730	2942
4.763137709	86
4.766382243	2942
4.766457233	86
4.767650846	2942
4.767651054	2942
4.767651122	2942
4.767651192	2942
4.767692149	1514
4.767728141	86
4.813429240	2942
4.813429460	2942
4.813429530	2942
4.813429600	2942
4.813508454	86
4.816697513	2942
4.816772220	86
4.818013617	2942
4.818013834	2942
4.818045374	98
4.818013904	2942
4.818064833	98
4.818013974	1514
4.818075863	98
4.863807095	2942
4.863807325	2942
4.863807395	4370
4.863807462	2942
4.864954006	98
4.867031274	2942
4.868179018	98
4.868290365	2942
4.868290589	2942
4.868290657	2942
4.868332632	86
4.868290727	1514
4.910971993	86
4.915229169	2942
4.915229392	2942
4.915229459	1514
4.915295929	86
4.918468223	2942
4.918468446	2942
4.918468513	2942
4.918468583	2942
4.918535223	86
4.961258551	1514
4.965583574	2942
4.965583817	2942
4.965643521	86
4.968821616	2942
4.968821836	2942
4.968821904	2942
4.968821974	2942
4.968874598	2942
4.968885715	86
4.968908608	86
5.015923997	2942
5.015924219	2942
5.015985382	86
5.019175549	2942
5.019175771	2942
5.019175839	2942
5.019175909	2942
5.019228061	2942
5.019228233	1514
5.019238458	86
5.019264380	86
5.066274454	2942
5.066274677	2942
5.066349281	86
5.069532381	2942
5.069532601	2942
5.069532671	2942
5.069532741	2942
5.069573971	2942
5.069574113	1514
5.069610635	86
5.116624110	2942
5.116624335	2942
5.116699187	86
5.119863119	2942
5.119863349	2942
5.119863419	2942
5.119863489	2942
5.119904588	2942
5.119904723	2942
5.119941048	86
5.166962792	2942
5.166963020	2942
5.167037812	86
5.170231961	4370
5.170232179	2942
5.170232249	2942
5.170232319	2942
5.170271956	2942
5.170272106	1514
5.170313176	86
5.217327655	2942
5.217327882	2942
5.217404899	86
5.220588419	2942
5.220588651	2942
5.220588719	2942
5.220588789	2942
5.220630438	2942
5.220630541	2942
5.220667461	86
5.267693680	2942
5.267693907	2942
5.267767802	86
5.270919211	2942
5.270919419	2942
5.270919489	2942
5.270919556	2942
5.270959848	2942
5.270961008	2942
5.270961094	2942
5.271000616	86
5.318059590	2942
5.318059817	2942
5.318134614	86
5.321300556	2942
5.321300776	2942
5.321300844	2942
5.321300914	2942
5.321342508	2942
5.321342648	2942
5.321342721	2942
5.321379008	86
5.368410335	2942
5.368410560	2942
5.368486432	86
5.371670131	2942
5.371670349	2942
5.371670439	2942
5.371670509	2942
5.371712491	2942
5.371712653	2942
5.371712726	2942
5.371747403	86
5.418727480	2942
5.418727707	2942
5.418803124	86
5.422046586	2942
5.422046806	2942
5.422046876	4370
5.422046946	2942
5.422089996	2942
5.422090136	2942
5.422090208	1514
5.422125615	86
5.469090548	2942
5.469090765	2942
5.469167059	86
5.472404976	2942
5.472405181	2942
5.472405251	2942
5.472405321	2942
5.472448598	2942
5.472448736	2942
5.472448823	2942
5.472448893	1514
5.472486415	86
5.519435128	2942
5.519435350	2942
5.519510237	86
5.522730746	2942
5.522730966	2942
5.522731036	2942
5.522731104	2942
5.522772561	2942
5.522772689	2942
5.522772763	4370
5.522810461	86
5.569784598	2942
5.569784823	2942
5.569862360	86
5.573109721	2942
5.573109939	2942
5.573110009	2942
5.573110079	2942
5.573153673	2942
5.573153811	2942
5.573153881	2942
5.573153948	2942
5.573188980	86
5.620137678	2942
5.620137903	2942
5.620212567	86
5.623460076	2942
5.623460281	2942
5.623460351	2942
5.623460421	2942
5.623502806	2942
5.623502908	2942
5.623502996	2942
5.623503063	2942
5.623521146	1514
5.623541543	86
5.670501155	2942
5.670501375	2942
5.670578640	86
5.673837366	2942
5.673837571	2942
5.673837641	2942
5.673837711	2942
5.673880538	2942
5.673880661	2942
5.673880748	2942
5.673880818	2942
5.673899440	1514
5.673917090	86
5.714980055	86
5.720866428	2942
5.720866655	2942
5.720942909	86
5.724198246	2942
5.724198466	2942
5.724198556	2942
5.724198623	2942
5.724244903	2942
5.724245061	2942
5.724245131	2942
5.724245198	2942
5.724278623	86
5.765270471	2942
5.765345803	86
5.771187770	2942
5.771188015	2942
5.771264650	86
5.774573226	2942
5.774573443	2942
5.774573513	2942
5.774573583	2942
5.774614553	2942
5.774614693	2942
5.774614763	2942
5.774614833	2942
5.774653898	86
5.815597813	2942
5.815671910	86
5.821555648	2942
5.821555868	2942
5.821631755	86
5.824929486	2942
5.824929706	2942
5.824929776	2942
5.824929846	2942
5.824974533	2942
5.824974668	2942
5.824974735	2942
5.824974805	2942
5.824993413	1514
5.825011013	86
5.865960788	2942
5.865985561	86
5.871914938	2942
5.871939413	86
5.871915158	2942
5.871992102	86
5.875296973	2942
5.875297193	2942
5.875297263	2942
5.875297333	2942
5.875341658	2942
5.875341816	2942
5.875341888	2942
5.875341956	2942
5.875377213	86
5.916260349	2942
5.916260597	2942
5.916337041	86
5.922225783	2942
5.922226031	2942
5.922302738	86
5.925682753	2942
5.925705338	98
5.925682975	2942
5.925724613	98
5.925683045	2942
5.925737505	98
5.925683115	2942
5.925751508	2942
5.925751608	2942
5.925751678	2942
5.926876842	98
5.966625864	2942
5.966626089	2942
5.967773513	98
5.972592618	1514
5.972592843	2942
5.973738000	98
5.975941619	2942
5.975941844	2942
5.975977966	86
5.975941914	1514
5.977139223	2942
5.977163572	86
5.977139448	2942
5.977217417	86
6.018068311	2942
6.018068556	2942
6.018144903	86
6.023971693	2942
6.023971921	1514
6.024045770	86
6.026267324	2942
6.026267549	2942
6.026342721	86
6.027434236	2942
6.027434461	2942
6.027434528	1514
6.027510263	86
6.068419851	2942
6.068420101	2942
6.068495068	86
6.074334306	2942
6.074334553	2942
6.074409593	86
6.076615607	2942
6.076615832	2942
6.076690816	86
6.077787218	2942
6.077787483	2942
6.077787551	1514
6.077863098	86
6.118766421	2942
6.118766646	1514
6.118843121	86
6.124681771	2942
6.124682043	2942
6.124682113	2942
6.124757973	86
6.126953697	2942
6.126953959	2942
6.127030351	86
6.128134313	2942
6.128134536	2942
6.128134606	1514
6.128211555	86
6.169129786	2942
6.169206606	86
6.175023286	2942
6.175023533	2942
6.175023601	2942
6.175100873	86
6.177315419	2942
6.177315644	2942
6.177392156	86
6.178492188	2942
6.178492411	2942
6.178492481	2942
6.178569268	86
6.219465819	2942
6.219542531	86
6.225386541	2942
6.225386776	2942
6.225386846	2942
6.225464390	86
6.227676682	2942
6.227676937	2942
6.227754184	86
6.228810496	2942
6.228810721	2942
6.228810788	2942
6.228884485	86
6.269802856	2942
6.269879636	86
6.275755883	2942
6.275756133	2942
6.275756206	2942
6.275832798	86
6.278035482	2942
6.278035707	2942
6.278110386	86
6.279145629	2942
6.279145876	2942
6.279145946	1514
6.279185856	98
6.320144176	2942
6.320167831	98
6.326123078	2942
6.326147041	98
6.326123306	2942
6.326123376	2942
6.327296305	98
6.328386422	2942
6.328386647	2942
6.329473804	2942
6.329474032	2942
6.329514439	98
6.347671662	1514
6.347696374	98
6.370455657	1514
6.370481979	86
6.370455907	1514
6.376391586	1514
6.376415504	86
6.377579393	1514
6.379805354	4370
6.379805604	2942
6.379805672	2942
6.379805742	1514
6.379884229	86
6.397980692	1514
6.420772310	1514
6.420847994	86
6.426695027	2942
6.426771149	86
6.430174407	2942
6.430174627	2942
6.430174697	2942
6.430174767	2942
6.430253886	86
6.471117087	2942
6.471117312	2942
6.471190787	86
6.477054879	2942
6.477128806	86
6.480535892	2942
6.480536129	2942
6.480536217	2942
6.480536287	2942
6.480615099	86
6.521481485	2942
6.521481735	2942
6.521558422	86
6.527389769	2942
6.527465321	86
6.530880087	2942
6.530880309	2942
6.530880379	2942
6.530880449	2942
6.530973288	86
6.571812560	2942
6.571812790	2942
6.571890159	86
6.577751339	2942
6.577825009	86
6.581263621	2942
6.581263847	2942
6.581263917	2942
6.581263984	2942
6.581338818	86
6.622181940	2942
6.622182192	2942
6.622259572	86
6.628094587	2942
6.628170519	86
6.631629304	2942
6.631629544	2942
6.631629612	2942
6.631629682	2942
6.631669524	1514
6.631707343	86
6.672545652	2942
6.672545900	2942
6.672620769	86
6.678456197	2942
6.678531044	86
6.681980474	2942
6.681980697	2942
6.681980767	2942
6.681980837	2942
6.682020864	1514
6.682059346	86
6.722899135	2942
6.722899385	2942
6.722985522	86
6.728817250	2942
6.728893249	86
6.732344154	2942
6.732344394	2942
6.732344462	2942
6.732344532	2942
6.732385074	2942
6.732424301	86
6.773277177	2942
6.773277425	2942
6.773352437	86
6.779169397	2942
6.779243864	86
6.782681199	2942
6.782681422	2942
6.782681492	2942
6.782681562	2942
6.782720999	2942
6.782759951	86
6.823640242	2942
6.823640467	2942
6.823716307	86
6.829528504	2942
6.829604929	86
6.833033199	2942
6.833033459	2942
6.833033529	2942
6.833033599	2942
6.833074396	2942
6.833074541	1514
6.833113028	86
6.874007265	2942
6.874007512	2942
6.874082289	86
6.879888739	2942
6.879965554	86
6.883395139	2942
6.883395379	2942
6.883395447	2942
6.883395517	2942
6.883436501	2942
6.883436654	1514
6.883473681	86
6.924353562	2942
6.924353815	2942
6.924431302	86
6.930249050	2942
6.930324879	86
6.933748152	2942
6.933748392	2942
6.933748462	2942
6.933748532	2942
6.933790049	2942
6.933790189	2942
6.933828026	86
6.974682465	2942
6.974682715	2942
6.974759229	86
6.980591092	1514
6.984098997	2942
6.984099217	2942
6.984099287	2942
6.984099357	2942
6.984141444	2942
6.984141581	2942
6.984141649	1514
6.984177791	86
7.025049150	2942
7.025049375	2942
7.025125602	86
7.034473524	2942
7.034473787	2942
7.034473857	2942
7.034473924	2942
7.034516404	2942
7.034516536	2942
7.034516624	1514
7.034537911	98
7.075407002	2942
7.075430800	98
7.075407230	2942
7.075451200	98
7.084836147	2942
7.084836367	2942
7.084836437	2942
7.084836504	2942
7.084872869	4370
7.084872989	2942
7.085982678	98
7.103648720	1514
7.103674125	98
7.125699543	1514
7.125725813	86
7.125699805	2942
7.125764367	86
7.136259991	2942
7.136260224	2942
7.136260291	2942
7.136260361	2942
7.136311431	1514
7.136323216	86
7.153958026	1514
7.153983458	86
7.175986598	4370
7.176042738	86
7.186609281	2942
7.186609509	2942
7.186609579	2942
7.186609646	2942
7.186674839	86
7.204254646	2942
7.204310758	86
7.226336096	2942
7.226336341	2942
7.226394238	86
7.236970571	2942
7.236970839	2942
7.236970909	2942
7.236970979	2942
7.237032716	86
7.254584861	2942
7.254641016	86
7.276663831	2942
7.276664076	2942
7.276722363	86
7.287304082	2942
7.287304324	2942
7.287304412	2942
7.287304482	2942
7.287369246	86
7.304922186	2942
7.304978144	86
7.326985792	2942
7.326986039	2942
7.327045701	86
7.337662279	2942
7.337662511	2942
7.337662581	2942
7.337662649	2942
7.337725376	86
7.355209069	2942
7.355264884	86
7.377333934	2942
7.377334179	2942
7.377395026	86
7.388014762	2942
7.388015009	2942
7.388015079	2942
7.388015147	2942
7.388080324	86
7.427682324	2942
7.427704892	98
7.427682569	2942
7.427726059	98
7.427682659	1514
7.427738469	98
7.438368137	2942
7.438368359	2942
7.438368427	2942
7.438368497	2942
7.439515748	98
7.477998852	2942
7.478026414	86
7.477999097	2942
7.478080821	86
7.489805101	2942
7.489805371	2942
7.489805441	2942
7.489882063	86
7.528282780	2942
7.528283027	2942
7.528359339	86
7.540154951	2942
7.540155224	2942
7.540155294	2942
7.540155361	1514
7.540232536	86
7.578651038	2942
7.578651290	2942
7.578728617	86
7.590521804	2942
7.590522062	2942
7.590522131	2942
7.590522201	1514
7.590600458	86
7.629018405	2942
7.629018632	2942
7.629095044	86
7.640893461	2942
7.640893724	4370
7.640893791	2942
7.640971378	86
7.679356565	2942
7.679356812	2942
7.679431450	86
7.691227289	2942
7.691227562	2942
7.691227632	2942
7.691227699	1514
7.691306363	86
7.729676050	2942
7.729676295	2942
7.729752207	86
7.741594831	2942
7.741595097	2942
7.741595167	2942
7.741595234	2942
7.741670791	86
7.780025915	2942
7.780026165	2942
7.780102830	86
7.791906197	2942
7.791906464	2942
7.791906534	2942
7.791906602	2942
7.791984656	86
7.830389815	2942
7.830390063	2942
7.830465237	86
7.842274874	2942
7.842275094	2942
7.842275164	2942
7.842275234	2942
7.842316611	1514
7.842350061	86
7.880756213	2942
7.880756463	2942
7.880833152	86
7.892626992	2942
7.892627294	2942
7.892627384	2942
7.892627454	2942
7.892666934	1514
7.892702136	86
7.931117028	2942
7.931117255	2942
7.931194580	86
7.942962454	2942
7.942962752	2942
7.942962857	2942
7.942962982	2942
7.943014184	2942
7.943042776	86
7.981471650	2942
7.981471875	2942
7.981547562	86
7.993322964	2942
7.993323222	2942
7.993323289	2942
7.993323359	1514
7.993323427	2942
7.993368292	1514
7.993400554	86
8.031834405	2942
8.031834655	2942
8.031911280	86
8.043668754	2942
8.043668977	2942
8.043669047	2942
8.043669114	2942
8.043709582	2942
8.043709732	1514
8.043746951	86
8.082204763	2942
8.082205005	2942
8.082282982	86
8.094041507	2942
8.094041727	2942
8.094041797	2942
8.094041864	2942
8.094083587	2942
8.094083712	1514
8.094121354	86
8.132558110	2942
8.132558358	2942
8.132633247	86
8.144345222	2942
8.144345442	2942
8.144345512	2942
8.144345580	2942
8.144386777	2942
8.144386914	2942
8.144424159	86
8.182899020	2942
8.182899268	2942
8.182988732	86
8.194713542	2942
8.194713787	2942
8.194713860	2942
8.194713930	2942
8.194755434	2942
8.194755574	2942
8.194793732	86
8.233279153	2942
8.233279370	2942
8.233355687	86
8.245086495	2942
8.245086730	2942
8.245086800	2942
8.245086870	2942
8.245127957	2942
8.245128087	2942
8.245128159	1514
8.245166757	86
8.283643765	2942
8.283644010	2942
8.283721912	86
8.295457792	2942
8.295458037	2942
8.295458107	2942
8.295458177	2942
8.295499532	2942
8.295499659	2942
8.295499732	1514
8.295537854	86
8.333986578	2942
8.333986828	2942
8.334063557	86
8.345832494	2942
8.345832742	2942
8.345832812	2942
8.345832887	2942
8.345877194	2942
8.345877359	2942
8.345877432	2942
8.345910951	86
8.384326383	2942
8.384326628	2942
8.384404270	86
8.396211947	2942
8.396212167	2942
8.396212257	2942
8.396212324	2942
8.396254129	2942
8.396254272	2942
8.396254342	2942
8.396291699	86
8.434669600	2942
8.434669846	2942
8.434747157	86
8.446589859	2942
8.446590082	2942
8.446590149	2942
8.446590219	2942
8.446634044	2942
8.446634201	2942
8.446634271	2942
8.446634341	1514
8.446667081	86
8.485036575	2942
8.485036821	2942
8.485111645	86
8.496962772	2942
8.496963004	2942
8.496963074	2942
8.496963142	2942
8.497008394	2942
8.497008544	2942
8.497008614	2942
8.497008681	1514
8.497042953	86
8.535359848	2942
8.535360076	2942
8.535435215	86
8.547296729	2942
8.547296949	4370
8.547297039	2942
8.547297112	2942
8.547339829	2942
8.547339967	2942
8.547340054	2942
8.547340121	1514
8.547378431	86
8.585706266	2942
8.585706513	2942
8.585781705	86
8.597652549	2942
8.597652794	2942
8.597652864	2942
8.597652932	2942
8.597695789	2942
8.597695936	2942
8.597696009	2942
8.597696079	2942
8.597732046	86
8.636057596	2942
8.636057838	2942
8.636133645	86
8.647963962	2942
8.647964182	2942
8.647964252	2942
8.647964322	2942
8.648007347	2942
8.648007482	2942
8.648007554	2942
8.648007627	2942
8.648026102	1514
8.648046284	86
8.686429136	2942
8.686429381	2942
8.686504530	86
8.698346347	2942
8.698346579	2942
8.698346649	2942
8.698346719	2942
8.698390689	2942
8.698390847	2942
8.698390917	2942
8.698390987	2942
8.698409549	2942
8.698424056	86
8.698446364	86
8.736794483	2942
8.736794703	2942
8.736869638	86
8.748720937	2942
8.748721142	2942
8.748721212	2942
8.748721282	2942
8.748765271	2942
8.748765399	2942
8.748765469	2942
8.748765541	2942
8.748784349	2942
8.748801541	86
8.748823329	86
8.787154768	2942
8.787155018	2942
8.787232240	86
8.799073232	2942
8.799073469	2942
8.799073539	2942
8.799073609	2942
8.799118024	2942
8.799118164	2942
8.799118234	2942
8.799118304	2942
8.799137389	2942
8.799137489	1514
8.799155496	86
8.799178218	86
8.837522171	2942
8.837522416	2942
8.837600265	86
8.849461187	2942
8.849461414	2942
8.849461482	2942
8.849461552	2942
8.849505269	2942
8.849505416	2942
8.849505506	2942
8.849505576	2942
8.849524679	2942
8.849524759	1514
8.849541371	86
8.849563753	86
8.887871243	2942
8.887871496	2942
8.887948300	86
8.899823737	2942
8.899823969	2942
8.899824039	2942
8.899824109	2942
8.899868276	2942
8.899868426	2942
8.899868496	2942
8.899868564	2942
8.899888834	2942
8.899888919	2942
8.899903994	86
8.899926656	86
8.938239381	2942
8.938239606	2942
8.938314078	86
8.950203619	2942
8.950203859	2942
8.950203929	2942
8.950203999	2942
8.950247841	2942
8.950247964	2942
8.950248034	2942
8.950248104	2942
8.950267846	2942
8.950267951	2942
8.950285596	86
8.950308288	86
8.988590033	2942
8.988590281	2942
8.988667560	86
9.000582744	2942
9.000582964	2942
9.000583034	2942
9.000583101	2942
9.000625756	2942
9.000625891	2942
9.000625961	2942
9.000626031	2942
9.000647853	2942
9.000647936	2942
9.000648023	1514
9.000663663	86
9.000686528	86
9.038930278	2942
9.038930501	2942
9.039008335	86
9.050951919	2942
9.050952139	2942
9.050952209	2942
9.050952279	2942
9.050996726	2942
9.050996853	2942
9.050996928	2942
9.050996998	2942
9.051016268	2942
9.051016373	2942
9.051016443	1514
9.051033331	86
9.051056873	86
9.089299178	2942
9.089299421	2942
9.089375153	86
9.101350341	2942
9.101350721	2942
9.101350788	2942
9.101350861	2942
9.101411535	2942
9.101411635	2942
9.101411705	2942
9.101411775	2942
9.101429933	2942
9.101430035	2942
9.101430105	2942
9.101477397	86
9.139659688	2942
9.139659911	2942
9.139736275	86
9.151780740	2942
9.151780973	2942
9.151781043	2942
9.151781113	2942
9.151825695	2942
9.151825820	2942
9.151825895	2942
9.151825965	2942
9.151847100	2942
9.151847200	2942
9.151847272	2942
9.151861807	86
9.151884805	86
9.190023333	2942
9.190023578	2942
9.190100175	86
9.202162993	2942
9.202163225	2942
9.202163295	2942
9.202163363	2942
9.202207787	2942
9.202207940	2942
9.202208010	2942
9.202208077	2942
9.202229020	4370
9.202229102	2942
9.202229192	2942
9.202244932	86
9.202268700	86
9.240319859	2942
9.240320081	2942
9.240397328	86
9.252527685	2942
9.252527918	2942
9.252527988	2942
9.252528058	2942
9.252573487	2942
9.252573635	2942
9.252573707	2942
9.252573775	2942
9.252594675	2942
9.252594757	2942
9.252594827	2942
9.252594897	1514
9.252607905	86
9.252631107	86
9.290662971	2942
9.290663194	2942
9.290738291	86
9.302913453	2942
9.302913715	2942
9.302913785	2942
9.302913853	2942
9.302958007	2942
9.302958155	2942
9.302958225	2942
9.302958295	2942
9.302981520	2942
9.302981627	2942
9.302981714	2942
9.302981784	2942
9.302992922	86
9.303017484	86
9.341029504	2942
9.341029751	2942
9.341106028	86
9.353297712	2942
9.353297977	2942
9.353298065	2942
9.353298135	2942
9.353344829	2942
9.353344995	2942
9.353345065	2942
9.353345135	2942
9.353366039	2942
9.353366129	2942
9.353366217	2942
9.353366287	2942
9.353379322	86
9.353402657	86
9.391375496	1514
9.391375739	2942
9.391408781	98
9.403663705	2942
9.403687902	98
9.403663972	2942
9.403706362	98
9.403664062	2942
9.403664132	2942
9.403727562	2942
9.403727654	2942
9.403727724	2942
9.403727794	2942
9.403744227	2942
9.403744317	2942
9.403744387	2942
9.403744457	2942
9.404847891	98
9.441662707	2942
9.442793609	98
9.453976020	2942
9.454001980	86
9.453976270	1514
9.455119267	2942
9.455143874	86
9.455119517	2942
9.455119584	2942
9.455119654	2942
9.455177601	2942
9.455177709	2942
9.455177779	2942
9.455177847	1514
9.455199664	86
9.455222993	86
9.493087967	2942
9.493162216	86
9.504276641	2942
9.504352087	86
9.505437540	2942
9.505437762	2942
9.505437832	2942
9.505437902	2942
9.505482619	2942
9.505482774	2942
9.505482844	2942
9.505482914	2942
9.505517904	86
9.543450449	2942
9.543525411	86
9.554618893	2942
9.554692798	86
9.555778787	2942
9.555779007	2942
9.555779077	2942
9.555779147	2942
9.555822804	2942
9.555822952	2942
9.555823022	2942
9.555823092	2942
9.555842494	1514
9.555857927	86
9.593814359	2942
9.593839781	86
9.604976981	4370
9.605054517	86
9.606150660	2942
9.606150880	2942
9.606150950	2942
9.606151020	2942
9.606197964	2942
9.606198109	2942
9.606198197	2942
9.606198289	2942
9.606233467	86
9.644114197	2942
9.644190974	86
9.655323063	2942
9.655323333	2942
9.655399378	86
9.656513582	2942
9.656513802	2942
9.656513872	2942
9.656513942	2942
9.656555794	2942
9.656555932	2942
9.656556019	2942
9.656556089	2942
9.656595491	86
9.694476979	2942
9.694553476	86
9.705661591	2942
9.705661863	4370
9.705738633	86
9.706830607	2942
9.706830827	2942
9.706830897	2942
9.706830967	2942
9.706873310	2942
9.706873455	2942
9.706873540	2942
9.706873610	2942
9.706911209	86
9.744841409	2942
9.744918641	86
9.756022241	2942
9.756022491	2942
9.756097010	86
9.757209850	2942
9.757210072	2942
9.757210142	2942
9.757210212	2942
9.757253162	2942
9.757253300	2942
9.757253390	2942
9.757253460	2942
9.757273782	1514
9.757291132	86
9.795190125	2942
9.795215084	86
9.806382336	2942
9.806406841	86
9.806382583	2942
9.806460465	86
9.807584610	2942
9.807584832	2942
9.807584902	2942
9.807584972	2942
9.807630062	2942
9.807630184	2942
9.807630252	2942
9.807630322	2942
9.807666127	86
9.845506352	2942
9.845506602	2942
9.845583252	86
9.856690866	2942
9.856691091	2942
9.856768871	86
9.857954302	2942
9.857954524	2942
9.857954594	2942
9.857954662	2942
9.857995379	2942
9.857995524	2942
9.857995612	2942
9.857995682	2942
9.858032659	86
9.895844185	2942
9.895844413	1514
9.895921464	86
9.907031969	2942
9.907032241	2942
9.907108496	86
9.908313019	2942
9.908313242	2942
9.908313312	2942
9.908313382	2942
9.908357684	2942
9.908357834	2942
9.908357902	2942
9.908357972	2942
9.908377017	1514
9.908394736	86
9.946207678	2942
9.946232512	86
9.957396929	2942
9.957421261	86
9.957397156	2942
9.957474701	86
9.958666890	2942
9.958667115	2942
9.958667185	2942
9.958667255	2942
9.958709709	2942
9.958709862	2942
9.958709932	2942
9.958710002	2942
9.958748062	86
9.996502320	2942
9.996502565	2942
9.996579835	86
10.007708272	2942
10.007708517	2942
10.007785059	86
10.009040875	2942
10.009041099	2942
10.009041169	2942
10.009041237	2942
10.009083707	2942
10.009083829	2942
10.009083917	2942
10.009083987	2942
10.009103599	1514
10.009121276	86
10.046843673	2942
10.046869260	86
10.046843918	2942
10.046923110	86
10.058077664	2942
10.058077909	2942
10.058154459	86
10.059414832	2942
10.059415059	2942
10.059415129	2942
10.059415197	2942
10.059457709	2942
10.059457849	2942
10.059457922	2942
10.059457992	2942
10.059496989	86
10.097163568	2942
10.097163813	2942
10.097163903	2942
10.097243275	86
10.108408777	2942
10.108409047	2942
10.108485886	86
10.109785702	2942
10.109785924	2942
10.109785994	2942
10.109786064	2942
10.109827574	2942
10.109827712	2942
10.109827802	2942
10.109827872	2942
10.109867116	86
10.147534948	2942
10.147535173	2942
10.147535263	2942
10.147613893	86
10.158698490	2942
10.158698745	2942
10.158774999	86
10.160145902	2942
10.160146124	2942
10.160146194	2942
10.160146264	4370
10.160191997	2942
10.160192137	2942
10.160192209	2942
10.160192277	1514
10.160226954	86
10.197903173	2942
10.197903421	2942
10.197903491	2942
10.197981688	86
10.209060980	2942
10.209061250	2942
10.209138594	86
10.210521767	2942
10.210521992	2942
10.210522062	2942
10.210522132	2942
10.210563436	2942
10.210563591	2942
10.210563661	2942
10.210563754	2942
10.210583754	1514
10.210604256	86
10.248254961	2942
10.248255208	2942
10.248289445	98
10.253523763	87
10.253619364	98
10.253675921	87
10.259402610	2942
10.259439870	74
10.259402835	1514
10.259460274	74
10.260893489	2942
10.260917054	74
10.260893712	2942
10.260936614	74
10.260893782	2942
10.260949844	74
10.260893852	2942
10.260959866	74
10.260970026	2942
10.260977123	74
10.260970136	2942
10.260985783	74
10.260970206	2942
10.260993831	74
10.260970276	2942
10.261002291	74
10.261008106	2942
10.261014798	74
10.298581741	2942
10.298605343	74
10.298581964	2942
10.298626200	74
10.303881992	1514
10.303883078	86
10.303904847	74
10.303917575	90
10.303917727	374
10.303991009	86
10.304092184	90
10.304104636	412
10.304114771	87
10.354358864	86
10.354359089	87
10.354359184	86
10.354460636	86
10.404588754	86
