0.000000000	94
0.000037193	94
0.050278771	86
0.050279019	123
0.050338003	86
0.050476207	87
0.100616424	86
0.100651309	90
0.100651476	210
0.100780067	86
0.100822349	87
0.151164282	94
0.151192912	94
0.193781546	86
0.201441193	86
0.201441420	123
0.201493178	86
0.202550780	87
0.202569332	87
0.252774676	86
0.252780788	2942
0.252774921	86
0.252811763	86
0.252781011	2942
0.252832803	86
0.252781078	2942
0.252845318	86
0.252781146	2942
0.252853458	86
0.252858425	2942
0.252865128	86
0.303117589	2942
0.303148021	86
0.303117819	2942
0.303169111	86
0.303117889	2942
0.303180681	86
0.303117956	2942
0.303189051	86
0.303197106	2942
0.303203803	86
0.303197198	2942
0.303211893	86
0.303197286	2942
0.303219798	86
0.303197356	2942
0.303227663	86
0.303232548	2942
0.303238995	86
0.303232648	2942
0.303247320	86
0.353449391	2942
0.353475188	86
0.353449629	2942
0.353497446	86
0.353449696	2942
0.353510348	86
0.353449766	2942
0.353518778	86
0.353526891	2942
0.353533163	86
0.353526991	2942
0.353541166	86
0.353527061	2942
0.353548796	86
0.353527131	2942
0.353558458	2942
0.353558563	2942
0.353558631	2942
0.353558701	2942
0.353567071	86
0.353573203	2942
0.353573298	2942
0.353573385	2942
0.353573455	2046
0.353581190	86
0.353586675	86
0.403748929	2942
0.403774037	86
0.403749167	2942
0.403795904	86
0.403749234	2942
0.403809091	86
0.403749304	2942
0.403817369	86
0.403825984	2942
0.403832646	86
0.403826091	2942
0.403840553	86
0.403826161	2942
0.403847959	86
0.403826229	982
0.403855461	86
0.403826296	2942
0.403863103	86
0.403869456	2942
0.403876843	86
0.403869546	2942
0.403885193	86
0.403869636	2942
0.403892741	86
0.403869703	2942
0.403901821	86
0.403908798	2942
0.403916260	86
0.403908893	2942
0.403924460	86
0.403908963	2942
0.403932315	86
0.403909033	2942
0.403939815	86
0.403946083	2942
0.403953598	86
0.403946173	2942
0.403962178	86
0.403946243	2942
0.403946313	2942
0.403972400	2942
0.403980515	86
0.403994552	86
0.404015900	2942
0.404029247	86
0.404524958	2942
0.404550001	86
0.405027120	2942
0.405052007	86
0.405528944	2942
0.405553684	86
0.405993171	2942
0.406018190	86
0.406489564	2942
0.406514774	86
0.406979451	2942
0.407004148	86
0.407462080	2942
0.407486825	86
0.407979516	2942
0.408004261	86
0.408404350	2942
0.408429738	86
0.408935037	2942
0.408960436	86
0.409401493	2942
0.409426201	86
0.409853780	2942
0.409878322	86
0.410379606	2942
0.410405786	86
0.410604990	1514
0.410629337	86
0.454068589	2942
0.454095619	86
0.454068807	2942
0.454124054	86
0.454068877	2942
0.454138772	86
0.454068945	2942
0.454150839	86
0.454162839	5798
0.454175194	86
0.454163011	4370
0.454189299	86
0.454163109	4370
0.454201304	86
0.454212603	4370
0.454224913	86
0.454212783	4370
0.454238768	86
0.454212888	4370
0.454251236	86
0.454263298	4370
0.454278205	86
0.454263493	1514
0.454291390	86
0.454263606	4370
0.454304465	86
0.454263706	4370
0.454317180	86
0.454327190	4370
0.454338990	86
0.454327388	4370
0.454356955	86
0.454739212	4370
0.454765829	86
0.455463269	4370
0.455489187	86
0.456220401	4370
0.456246456	86
0.456386620	1514
0.456412050	86
0.457162700	4370
0.457189154	86
0.457854010	4370
0.457880667	86
0.458618594	4370
0.458644874	86
0.459584707	5798
0.459611959	86
0.460526198	5798
0.460553225	86
0.461523385	5798
0.461550233	86
0.462478898	5798
0.462505616	86
0.463486189	5798
0.463512991	86
0.464456169	5798
0.464482947	86
0.465398787	5798
0.465425792	86
0.466394053	5798
0.466420990	86
0.467363288	5798
0.467390243	86
0.468286554	5798
0.468313284	86
0.469291552	5798
0.469318666	86
0.470269592	5798
0.470296344	86
0.471238935	5798
0.471265815	86
0.472207371	5798
0.472234083	86
0.473164364	5798
0.473192776	86
0.474387847	7226
0.474415855	86
0.475598748	7226
0.475626033	86
0.476813397	7226
0.476840929	86
0.478025911	7226
0.478052813	86
0.478188427	1514
0.478214807	86
0.478464140	1514
0.478489830	86
0.504349933	5798
0.504375707	86
0.504578286	7226
0.504604531	86
0.504578508	7226
0.504626326	86
0.504636718	7226
0.504647186	86
0.504636853	7226
0.504660985	7226
0.504661103	8654
0.504672055	86
0.504678080	8654
0.504678160	4370
0.504688042	86
0.504693890	86
0.505992511	8654
0.506018948	86
0.507464930	8654
0.507491175	86
0.508891347	8654
0.508917772	86
0.510367096	8654
0.510393606	86
0.511822491	8654
0.511848878	86
0.513516066	10082
0.513543183	86
0.515214409	10082
0.515241544	86
0.515386628	1514
0.515410808	86
0.517153950	10082
0.517180580	86
0.518847177	10082
0.518873987	86
0.520542280	10082
0.520569307	86
0.522240880	10082
0.522267858	86
0.523934183	10082
0.523961030	86
0.525629196	10082
0.525656856	86
0.526330283	4370
0.526355553	86
0.528050626	10082
0.528077466	86
0.529659332	10082
0.529686041	86
0.531403249	10082
0.531429896	86
0.533357782	11510
0.533385122	86
0.535319793	11510
0.535346685	86
0.537231514	11510
0.537258889	86
0.539184782	11510
0.539212165	86
0.541102039	11510
0.541129796	86
0.543034607	11510
0.543065017	86
0.544980300	11510
0.545007818	86
0.546943854	11510
0.546971104	86
0.548114660	7226
0.548140865	86
0.550087179	11510
0.550115096	86
0.552031085	11510
0.552058237	86
0.553970558	11510
0.553998160	86
0.555882671	11510
0.555915424	86
0.557813010	11510
0.557844415	86
0.559025756	7226
0.559057104	86
0.560962557	11510
0.560995362	86
0.562901438	11510
0.562934113	86
0.563631545	4370
0.563660728	86
0.565587474	11510
0.565620224	86
0.567778523	12938
0.567840352	86
0.569955587	12938
0.570017314	86
0.572346290	14366
0.572407492	86
0.574803312	14366
0.574865511	86
0.577407315	15794
0.577469373	86
0.580099446	15794
0.580162338	86
0.580850636	4370
0.580881043	86
0.583497754	15794
0.583560618	86
0.586189747	15794
0.586254884	86
0.589032244	17222
0.589094981	86
0.591759959	15794
0.591825876	86
0.594667733	17222
0.594702220	86
0.597550257	17222
0.597579302	86
0.600457841	17222
0.600486998	86
0.602623445	12938
0.602651635	86
0.605754815	18650
0.605784135	86
0.608907435	18650
0.608937130	86
0.612070242	18650
0.612101604	86
0.613562999	8654
0.613589658	86
0.616712066	18650
0.616742828	86
0.619765408	15794
0.619793436	86
0.619816811	2942
0.619828808	86
0.622980340	18650
0.623009530	86
0.624462584	8654
0.624490057	86
0.627614377	18650
0.627646174	86
0.630763139	18650
0.630790299	98
0.632212158	8654
0.632237203	98
0.635363975	18650
0.635391690	98
0.638509943	18650
0.638537752	98
0.641662157	18650
0.641690082	98
0.643114824	8654
0.643140072	98
0.646251114	18650
0.646279261	98
0.649386841	18650
0.649415244	98
0.651349795	11510
0.651375564	98
0.653258983	11510
0.653285488	98
0.653992360	4370
0.654017535	98
0.655889102	11510
0.655915556	98
0.657614189	10082
0.657640547	98
0.659343684	10082
0.659369764	98
0.660988375	10082
0.661014232	98
0.662734485	10082
0.662759792	98
0.664431415	10082
0.664457170	98
0.664898696	2942
0.664923761	98
0.666609699	10082
0.666635349	98
0.668256267	10082
0.668286477	98
0.669990402	10082
0.670016047	98
0.671653525	10082
0.671679132	98
0.673393407	10082
0.674523389	98
0.675025931	10082
0.675774625	4370
0.676159215	98
0.677487463	10082
0.678633992	98
0.679166943	10082
0.680315105	98
0.680862258	10082
0.682011287	98
0.682588081	10082
0.683736507	98
0.684240804	10082
0.684985631	4370
0.685388500	106
0.686705888	10082
0.687836083	106
0.688386154	10082
0.689524803	106
0.690053412	10082
0.691202043	106
0.691767522	10082
0.692900216	106
0.693478192	10082
0.694628559	106
0.695178327	10082
0.695900332	4370
0.696326581	106
0.697592952	10082
0.698743531	106
0.699312279	10082
0.700444754	106
0.700987852	10082
0.702120877	106
0.702692123	10082
0.703820639	106
0.704374883	10082
0.705504135	106
0.706031836	10082
0.706782973	4370
0.707160558	106
0.708490415	10082
0.709639280	106
0.710212388	10082
0.711349687	106
0.711862936	10082
0.713002548	106
0.713566269	10082
0.714699078	106
0.715272539	10082
0.716405626	106
0.716736718	8654
0.717693966	5798
0.717864747	106
0.719175418	8654
0.720324167	106
0.720599775	8654
0.721731952	106
0.722031160	8654
0.723180262	106
0.723490614	8654
0.724623221	106
0.724978741	8654
0.726112055	106
0.726406245	8654
0.727538915	106
0.727862235	8654
0.728595525	4370
0.728991914	106
0.730070092	8654
0.731218341	106
0.731488541	8654
0.732621163	106
0.732976373	8654
0.734108770	106
0.734404863	8654
0.735552317	106
0.735861770	8654
0.736994011	106
0.737317372	8654
0.738449511	106
0.738776743	8654
0.739496161	4370
0.739909375	106
0.740976237	8654
0.742109779	106
0.742405937	8654
0.742438487	106
0.743350800	5798
0.743381970	106
0.744099440	4370
0.744121180	98
0.744271929	1514
0.744284929	98
0.745523447	7226
0.745536547	98
0.746493407	5798
0.747610679	98
0.747949469	8654
0.748699411	4370
0.749066939	98
0.750156073	8654
0.750870471	4370
0.751274455	98
0.751837631	5798
0.752957368	98
0.753277431	8654
0.753496574	1514
0.754000031	2942
0.754394568	98
0.755483987	8654
0.756190512	4370
0.756601282	98
0.757622924	8654
0.758740569	98
0.759090709	8654
0.759576603	2942
0.760207616	98
0.760760376	7226
0.761877778	98
0.761999308	7226
0.763115825	98
0.763207229	7226
0.764324278	98
0.764398460	7226
0.765515025	98
0.765649514	7226
0.766766006	98
0.766843310	7226
0.767072093	1514
0.767959809	98
0.768309999	7226
0.769436356	98
0.769470501	7226
0.770596200	98
0.770707194	7226
0.771838889	98
0.771918178	7226
0.773050300	98
0.773129727	7226
0.774257351	98
0.774602514	8654
0.774841120	1514
0.775338616	2942
0.775735083	98
0.776069058	4370
0.777219730	98
0.777236657	7226
0.778253302	5798
0.778362454	98
0.779442326	7226
0.780573630	98
0.780897671	8654
0.780924693	98
0.781141814	1514
0.781170279	86
0.782373857	7226
0.782399722	86
0.783579674	7226
0.783605614	86
0.784789070	7226
0.784815245	86
0.785990216	7226
0.786016131	86
0.787217715	7226
0.787243757	86
0.787906390	4370
0.787931542	86
0.788897953	5798
0.788923400	86
0.790121566	7226
0.790148273	86
0.791334720	7226
0.791360767	86
0.792551949	7226
0.792578036	86
0.793542462	5798
0.793570619	86
0.794713568	7226
0.794739403	86
0.796403018	10082
0.796481755	86
0.798084994	10082
0.798146148	86
0.798861603	4370
0.798887063	86
0.800080224	7226
0.800157339	86
0.801759882	10082
0.801839339	86
0.802477444	4370
0.802502142	86
0.804150800	10082
0.804226637	86
0.805168622	5798
0.805242207	86
0.806078893	5798
0.806135683	86
0.807097693	5798
0.807156320	86
0.808550565	8654
0.808611697	86
0.809753601	7226
0.809808784	86
0.809938343	1514
0.809964305	86
0.811652335	10082
0.811710490	86
0.812146477	2942
0.812201796	86
0.813621016	8654
0.813677391	86
0.815099168	8654
0.815169460	86
0.816502755	8654
0.816561090	86
0.817979579	8654
0.818035969	86
0.819435734	8654
0.819491238	86
0.820610920	7226
0.820666442	86
0.820858308	1514
0.822851666	11510
0.822926999	86
0.823011158	1514
0.824505262	8654
0.824580724	86
0.825992011	8654
0.826066848	86
0.826906015	5798
0.826977607	86
0.827666564	4370
0.827738699	86
0.827865743	1514
0.827890010	86
0.829124721	7226
0.829150438	86
0.830112924	5798
0.830138801	86
0.831526894	8654
0.831553196	86
0.832985498	8654
0.833009516	98
0.833695465	4370
0.833720028	98
0.834696191	5798
0.834720823	98
0.836148528	8654
0.836177587	98
0.836859278	4370
0.836883497	98
0.838352669	8654
0.838377807	98
0.839026137	4370
0.839050399	98
0.840492426	8654
0.840517171	98
0.841700687	7226
0.841725635	98
0.842447320	4370
0.842471367	98
0.843651511	7226
0.843675903	98
0.844861700	7226
0.844887049	98
0.846065338	7226
0.846090181	98
0.847313629	7226
0.847338172	98
0.848504108	7226
0.848530350	98
0.849955055	8654
0.849980103	98
0.851134404	7226
0.851158714	98
0.852361905	7226
0.852386735	98
0.852606306	1514
0.852629003	98
0.853589026	5798
0.853613321	98
0.854810168	7226
0.854834372	98
0.855990604	7226
0.856015589	98
0.857737374	10082
0.857763246	98
0.858181568	2942
0.858205528	98
0.858913068	4370
0.858937655	98
0.860857289	11510
0.860883698	98
0.861077597	1514
0.861100427	98
0.862309838	7226
0.862334183	98
0.863487485	7226
0.863512282	98
0.863736993	1514
0.863761180	98
0.864725283	5798
0.864749596	98
0.865653194	5798
0.866688514	5798
0.866779153	98
0.867610147	5798
0.868600368	5798
0.868736294	98
0.869576498	5798
0.869742062	98
0.870551796	5798
0.871474962	5798
0.871681830	98
0.872477724	5798
0.873430333	5798
0.873604251	98
0.874398848	5798
0.875337629	5798
0.875516675	98
0.876340749	5798
0.877329992	5798
0.877455548	98
0.878276172	5798
0.879241138	5798
0.879392807	98
0.880208531	5798
0.881188384	5798
0.881325280	98
0.882174102	5798
0.883120067	5798
0.883289281	98
0.884063543	5798
0.885081413	5798
0.885178982	98
0.885260092	1514
0.886233555	5798
0.886374056	98
0.887257522	5798
0.888217950	5798
0.888374704	98
0.889182121	5798
0.890147934	5798
0.890309650	98
0.891113462	5798
0.892081367	5798
0.892241506	98
0.893050710	5798
0.894013191	5798
0.894178485	98
0.894975549	5798
0.895962154	5798
0.896103796	98
0.896168933	1514
0.897172331	5798
0.897294930	98
0.898152288	5798
0.899118749	5798
0.899280458	98
0.900080334	5798
0.901023897	5798
0.901207929	98
0.902010685	5798
0.902987396	5798
0.903138460	98
0.903954426	5798
0.904899609	5798
0.905082020	98
0.905867332	5798
0.906862148	5798
0.906995294	98
0.907066644	1514
0.908079959	5798
0.908193661	98
0.909021719	5798
0.909988512	5798
0.910149269	98
0.910983915	5798
0.911952311	5798
0.912111985	98
0.912900801	5798
0.913859984	5798
0.914028438	98
0.914855637	5798
0.915591977	4370
0.915622959	86
0.916041686	2942
0.916066444	86
0.916526970	2942
0.916551765	86
0.917280010	4370
0.917306257	86
0.918259320	5798
0.918284667	86
0.918733524	2942
0.918761661	86
0.919704722	5798
0.919730167	86
0.920194701	2942
0.920219633	86
0.921126387	5798
0.921152352	86
0.922135304	5798
0.922161077	86
0.922609589	2942
0.922634173	86
0.923335968	4370
0.923361338	86
0.924277899	5798
0.924303886	86
0.925023179	4370
0.925048156	86
0.925990356	5798
0.926015626	86
0.926724199	4370
0.926754801	86
0.927946320	7226
0.928001877	86
0.928648697	4370
0.928678927	86
0.929400274	4370
0.929429062	86
0.929590948	1514
0.929607223	86
0.930362185	4370
0.930415644	86
0.931087630	4370
0.931141874	86
0.932039480	5798
0.932098567	86
0.933215827	7226
0.933255239	86
0.933487887	1514
0.933987991	2942
0.934041246	86
0.935441283	8654
0.935500763	86
0.935687981	1514
0.936425878	4370
0.936480223	86
0.937364649	5798
0.937419366	86
0.938096536	4370
0.938130606	86
0.939551983	8654
0.939586633	86
0.940500766	5798
0.940531836	86
0.940763652	1514
0.941459467	4370
0.941490172	86
0.942941844	8654
0.942978209	86
0.944395666	8654
0.944430868	86
0.945586977	7226
0.945619434	86
0.946814178	7226
0.946846970	86
0.948248555	8654
0.948283765	86
0.949461429	7226
0.949494439	86
0.950967641	8654
0.951000430	86
0.951427385	2942
0.951456122	86
0.952395188	5798
0.952426080	86
0.953093482	4370
0.953123670	86
0.954532215	8654
0.954560947	86
0.955784548	7226
0.955818690	86
0.957203680	8654
0.957235702	86
0.958684045	8654
0.958698729	98
0.959409627	4370
0.959423867	98
0.960835814	8654
0.960852404	98
0.961070747	1514
0.961082427	98
0.962319248	7226
0.963434313	98
0.963510250	7226
0.964625409	98
0.964962624	8654
0.966079301	98
0.966196815	7226
0.967176103	5798
0.967313297	98
0.967392289	1514
0.968522886	98
0.969118284	10082
0.969354977	1514
0.970251936	98
0.971295636	11510
0.971997215	4370
0.972428522	98
0.972723920	4370
0.973477877	4370
0.973850927	98
0.974202217	4370
0.974915962	4370
0.975330704	98
0.975624712	4370
0.976336944	4370
0.976746409	98
0.977114878	4370
0.977795483	4370
0.978229663	98
0.978548166	4370
0.979272963	4370
0.979662920	98
0.979995105	4370
0.980731355	4370
0.981111459	98
0.981456250	4370
0.982184472	4370
0.982573084	98
0.982883374	4370
0.983636634	4370
0.983999664	98
0.984364209	4370
0.985090631	4370
0.985501403	98
0.985781276	4370
0.986538740	4370
0.986897755	98
0.987268972	4370
0.987962320	4370
0.988385369	98
0.988711482	4370
0.989450269	4370
0.989826404	98
0.990178839	4370
0.990877599	4370
0.991295646	98
0.991623901	4370
0.992332566	4370
0.992750058	98
0.993083400	4370
0.993765275	4370
0.994200430	98
0.994529857	4370
0.995236005	4370
0.995646622	98
0.995959252	4370
0.996712864	4370
0.997075966	98
0.997416881	4370
0.997754561	98
0.998167676	4370
0.998875223	4370
0.999284328	98
0.999589213	4370
1.000344090	4370
1.000705787	98
1.001077622	4370
1.001769610	4370
1.002194577	98
1.002504914	4370
1.003232292	4370
1.003624639	98
1.003962194	4370
1.004682734	4370
1.005078768	98
1.005438771	4370
1.006134403	4370
1.006555450	98
1.006871873	4370
1.007590963	4370
1.008003030	98
1.008367619	4370
1.009311245	5798
1.009482696	98
1.010280548	5798
1.011260801	5798
1.011396217	98
1.012213887	5798
1.013197164	5798
1.013329181	98
1.014161287	5798
1.015133020	5798
1.015148590	98
1.015335529	1514
1.015351306	86
1.015838940	2942
1.015853145	86
1.016830413	5798
1.016896405	86
1.017065572	1514
1.017764929	4370
1.017810491	86
1.018769646	5798
1.018834574	86
1.019759902	5798
1.019813092	86
1.020667628	5798
1.020726472	86
1.021201056	2942
1.021254331	86
1.021434265	1514
1.022387190	5798
1.022441987	86
1.022624389	1514
1.023868967	7226
1.023923682	86
1.024598744	4370
1.024652839	86
1.025564165	5798
1.025620510	86
1.026774141	7226
1.026830718	86
1.027722887	5798
1.027779624	86
1.028657015	5798
1.028713337	86
1.029802616	5798
1.029858239	86
1.031297593	5798
1.031352048	86
1.032759765	7226
1.032816457	86
1.034217622	5798
1.034270897	86
1.035695834	5798
1.035750511	86
1.037089159	5798
1.037143943	86
1.038547678	5798
1.038600810	86
1.040042430	7226
1.040097399	86
1.041484842	5798
1.041539554	86
1.042893024	4370
1.042893249	1514
1.042953514	86
1.044398001	5798
1.044454120	86
1.045778253	5798
1.045831730	86
1.047323262	7226
1.047378299	86
1.047949093	2942
1.048002480	86
1.049505226	5798
1.049562923	86
1.050885811	5798
1.050940388	86
1.052396910	5798
1.052454745	86
1.053769698	5798
1.053821575	86
1.055295732	7226
1.055353429	86
1.056775129	5798
1.056834786	86
1.058173101	1514
1.059707742	4370
1.059707962	5798
1.059767699	86
1.061597499	10082
1.061597719	1514
1.061688111	86
1.063622846	10082
1.063623066	1514
1.063711013	86
1.065332742	10082
1.065332962	1514
1.065422343	86
1.066030621	4370
1.066110138	86
1.067078941	4370
1.067166471	86
1.067966545	4370
1.068031757	86
1.069030052	4370
1.069030275	4370
1.069119032	86
1.070024920	2942
1.070107797	86
1.070900416	4370
1.070900671	4370
1.070985296	86
1.072641764	4370
1.072641969	4370
1.072723761	86
1.074181640	4370
1.074181860	4370
1.074263849	86
1.074841423	4370
1.074925475	86
1.075878145	4370
1.075984949	86
1.077025504	4370
1.077025724	4370
1.077105759	86
1.078025077	4370
1.078105704	86
1.078885438	4370
1.078885698	4370
1.078971390	86
1.080139704	4370
1.080218881	86
1.081607666	4370
1.081693048	86
1.083079635	4370
1.083079855	4370
1.083167942	86
1.084525993	4370
1.084607972	86
1.085987484	4370
1.085987702	4370
1.086061551	86
1.087333562	4370
1.087405737	86
1.088790694	4370
1.088790954	4370
1.088867384	86
1.090353970	4370
1.090426240	86
1.091775470	4370
1.091775690	4370
1.091849047	86
1.093147713	4370
1.093219962	86
1.094700069	4370
1.094773953	86
1.096025912	4370
1.096026129	4370
1.096106453	86
1.097659185	4370
1.097758512	86
1.098202908	4370
1.098272675	86
1.099772249	4370
1.099852054	86
1.101158272	4370
1.101158492	4370
1.101232864	86
1.102696163	4370
1.102768445	86
1.103987236	4370
1.104041868	86
1.105487685	4370
1.105487893	4370
1.105561430	86
1.106989717	4370
1.107060699	86
1.109988948	4370
1.109989168	4370
1.109989235	4370
1.110064345	86
1.111952299	4370
1.111952519	4370
1.111952586	4370
1.112027246	86
1.113906447	4370
1.113906674	4370
1.113979264	86
1.115619834	4370
1.115620074	4370
1.115620142	4370
1.115693829	86
1.116313317	4370
1.116386206	86
1.118257263	4370
1.118281283	98
1.119382687	4370
1.119407250	98
1.119382905	4370
1.119425840	98
1.120315383	4370
1.121175409	4370
1.121175657	4370
1.121444440	98
1.122925797	4370
1.122926004	5798
1.124056928	98
1.124522645	5798
1.125160053	5798
1.125654497	98
1.126257310	5798
1.127369182	5798
1.127400229	98
1.128327242	5798
1.129157342	5798
1.129458059	98
1.130499352	5798
1.131646343	98
1.131909002	5798
1.133040728	98
1.133399566	5798
1.134547917	98
1.134858558	5798
1.134858783	1514
1.135990824	98
1.136327494	5798
1.137458886	98
1.137601658	5798
1.138731005	98
1.139045257	5798
1.139045465	5798
1.140174936	98
1.140643916	4370
1.141760708	98
1.142067810	5798
1.143184742	98
1.143454145	5798
1.144570905	98
1.144993134	5798
1.146109769	98
1.146253828	5798
1.147370334	98
1.147960485	5798
1.148496471	5798
1.149077422	98
1.150088077	2942
1.151219396	98
1.151450148	5798
1.152581812	98
1.153008079	5798
1.154139355	98
1.154203915	5798
1.155336742	98
1.155757379	5798
1.156886601	98
1.157290295	5798
1.157742197	98
1.160294053	5798
1.160294276	5798
1.160322903	5798
1.161425580	98
1.162298829	5798
1.162299054	5798
1.163445418	98
1.164145598	5798
1.164145823	1514
1.165273822	98
1.165932727	5798
1.165932947	5798
1.166584070	5798
1.167062877	98
1.168459434	4370
1.168478179	86
1.169584473	2942
1.169601096	86
1.169584673	2942
1.169628253	86
1.171651498	5798
1.171651728	2942
1.171712413	86
1.174282639	5798
1.174282864	1514
1.174339682	86
1.175927535	5798
1.175927757	2942
1.175985900	86
1.177623463	5798
1.177623800	1514
1.177683377	86
1.179646143	5798
1.179646366	2942
1.179707570	86
1.181829805	4370
1.181878134	86
1.183290249	2942
1.183345746	86
1.184833748	4370
1.184890438	86
1.186234253	5798
1.186287665	86
1.187702295	2942
1.187774734	86
1.188949796	4370
1.189021040	86
1.190437015	7226
1.190437242	1514
1.190511369	86
1.191989919	2942
1.192060343	86
1.193444938	4370
1.193525325	86
1.194683851	4370
1.194758108	86
1.196359617	2942
1.196432809	86
1.197576940	4370
1.197652165	86
1.199358595	7226
1.199358818	1514
1.199440515	86
1.201432413	1514
1.202759338	4370
1.202829455	86
1.204394951	4370
1.204470053	86
1.205540228	4370
1.205611505	86
1.207069572	2942
1.207143119	86
1.207984283	4370
1.208057194	86
1.211611991	5798
1.211686926	86
1.213709574	8654
1.213709799	2942
1.213774838	86
1.215534830	7226
1.215617792	86
1.217295213	8654
1.217295430	8654
1.217378870	86
1.218692117	2942
1.218764600	86
1.219801697	2942
1.219801919	4370
1.219875324	86
1.221947437	2942
1.221947664	2942
1.221947757	2942
1.222019083	86
1.224523373	2942
1.224523603	2942
1.224598282	86
1.226276218	2942
1.226276440	2942
1.226309545	98
1.227862019	2942
1.227886046	98
1.227862246	2942
1.227904791	98
1.227862314	2942
1.229023180	98
1.229945363	2942
1.229945586	2942
1.229945653	2942
1.231075188	98
1.232162733	2942
1.233290709	98
1.233544910	2942
1.234688659	98
1.235128561	2942
1.235128783	2942
1.236275053	98
1.236532248	2942
1.236532471	2942
1.237679063	98
1.238024627	2942
1.239154072	98
1.239179802	4370
1.240323778	98
1.240709541	2942
1.240709785	2942
1.240709855	2942
1.241836920	98
1.242340736	2942
1.243487408	98
1.243779133	2942
1.244916650	98
1.244940017	2942
1.244940240	2942
1.246066437	98
1.246705344	2942
1.247836211	98
1.247856186	2942
1.248999943	98
1.249641843	2942
1.249642076	2942
1.249642146	2942
1.250787992	98
1.253034076	2942
1.253034298	2942
1.253034368	2942
1.254163030	98
1.254725341	2942
1.255855628	2942
1.255855851	2942
1.255890318	98
1.257312123	2942
1.258305188	2942
1.258438579	98
1.261907759	2942
1.261907982	4370
1.263036164	98
1.263983437	2942
1.263983659	2942
1.263983729	2942
1.263983797	2942
1.265114941	98
1.265749886	2942
1.265750131	2942
1.266880616	98
1.267611836	2942
1.267612060	2942
1.267612128	2942
1.267612198	2942
1.267648690	2942
1.267648818	2942
1.268754850	98
1.268975921	2942
1.269759065	98
1.270075530	2942
1.270075750	2942
1.270075820	2942
1.271202724	98
1.272274947	2942
1.272275172	2942
1.272275242	2942
1.273420786	98
1.274771174	2942
1.274771396	2942
1.275898560	98
1.276560456	4370
1.277706737	98
1.278142727	2942
1.278172374	86
1.278142952	1514
1.279224751	2942
1.279249076	86
1.281280736	2942
1.281306909	86
1.281280964	2942
1.281338638	86
1.283481868	1514
1.284932390	2942
1.284987654	86
1.286562321	2942
1.286617073	86
1.287965593	4370
1.288019600	86
1.289408638	2942
1.289462622	86
1.290554167	2942
1.290611199	86
1.292065358	4370
1.292065581	1514
1.292124775	86
1.293749699	1514
1.295152581	2942
1.295206388	86
1.296296070	2942
1.296350002	86
1.298105477	2942
1.298160299	86
1.299239856	1514
1.301030188	4370
1.301030423	1514
1.301089193	86
1.304343514	4370
1.304343734	2942
1.304405064	86
1.306178741	4370
1.306178966	1514
1.306234820	86
1.308647158	4370
1.308701770	86
1.313229465	4370
1.313285377	86
1.315360709	4370
1.315360937	4370
1.315422041	86
1.317137504	2942
1.317194749	86
1.319022133	5798
1.319078233	86
1.320008933	2942
1.320062915	86
1.321387056	5798
1.321387356	2942
1.321448210	86
1.323646779	5798
1.323647004	2942
1.323722414	86
1.326114426	5798
1.326192608	86
1.327991833	4370
1.328066287	86
1.328395607	2942
1.328468959	86
1.329446082	2942
1.329446307	1514
1.329513982	86
1.331484123	2942
1.331484343	2942
1.331557787	86
1.335255065	2942
1.335325657	86
1.336900408	2942
1.336970763	86
1.338305773	2942
1.338305998	2942
1.338384785	86
1.339718290	2942
1.339791502	86
1.340780530	2942
1.340852980	86
1.342333116	2942
1.342333339	2942
1.342408163	86
1.345360567	2942
1.345434626	86
1.346525328	2942
1.346597713	86
1.348403835	2942
1.348477162	86
1.351276222	2942
1.351276466	2942
1.351276536	2942
1.351350959	86
1.354589955	2942
1.354590208	2942
1.354664375	86
1.356484901	2942
1.356485169	2942
1.356557663	86
1.358988076	2942
1.358988301	2942
1.358988368	1514
1.359061900	86
1.363464796	2942
1.363536455	86
1.365669645	2942
1.365669867	2942
1.365669937	2942
1.365757754	86
1.367440132	2942
1.367493546	86
1.369359338	2942
1.369359563	2942
1.369432392	86
1.370315754	2942
1.370387401	86
1.371640616	2942
1.371640842	2942
1.371640909	2942
1.371715496	86
1.373988072	2942
1.373988339	2942
1.373988407	2942
1.374058796	86
1.376394267	2942
1.376394492	2942
1.376475719	86
1.378334335	2942
1.378334558	2942
1.378406070	86
1.378716808	2942
1.378788755	86
1.379707143	2942
1.379786845	86
1.381721373	2942
1.381721609	2942
1.381721679	1514
1.381786175	86
1.385580153	2942
1.385653657	86
1.387243703	2942
1.387314058	86
1.388579424	2942
1.388579676	2942
1.388652731	86
1.390023476	2942
1.390104098	86
1.391031083	2942
1.391101511	86
1.392608410	2942
1.392608632	2942
1.392683009	86
1.395637315	2942
1.395709770	86
1.396781134	2942
1.396854351	86
1.401518422	2942
1.401518645	2942
1.401518715	2942
1.401518782	2942
1.401588889	86
1.404868586	2942
1.404868836	2942
1.404944065	86
1.406828774	2942
1.406828999	2942
1.406903051	86
1.409349518	2942
1.409349743	2942
1.409349811	2942
1.409424493	86
1.413715641	2942
1.413772621	86
1.415980147	4370
1.415980400	2942
1.416054462	86
1.417709093	2942
1.417767545	86
1.419696748	2942
1.419696971	2942
1.419769968	86
1.420594944	2942
1.420669621	86
1.421898617	2942
1.421898877	2942
1.421898947	2942
1.421971807	86
1.424342840	2942
1.424343062	2942
1.424343132	2942
1.424417509	86
1.426649755	2942
1.426650005	2942
1.426723052	86
1.428650088	2942
1.428650313	2942
1.428723763	86
1.428985733	2942
1.429057895	86
1.429972039	2942
1.430046918	86
1.431984861	2942
1.431985091	2942
1.431985161	2942
1.432059934	86
1.435907866	2942
1.435980350	86
1.437575344	1514
1.438816055	2942
1.438816280	2942
1.438889267	86
1.440385783	2942
1.440460283	86
1.442846968	2942
1.442869943	98
1.442847218	2942
1.442889480	98
1.445898838	2942
1.445922728	98
1.446997275	2942
1.448138812	98
1.451767443	2942
1.451767666	2942
1.451767738	2942
1.451767806	2942
1.452914827	98
1.455112781	2942
1.455113034	2942
1.456259256	98
1.457102927	2942
1.457103155	2942
1.458249621	98
1.459686838	2942
1.459687063	2942
1.459687133	2942
1.459687201	2942
1.460833720	98
1.463964322	2942
1.465110391	98
1.466301590	2942
1.466301818	2942
1.467448854	106
1.467908879	2942
1.469040150	106
1.470023728	2942
1.470023958	2942
1.470911852	2942
1.471152780	106
1.472208633	2942
1.472208858	2942
1.472208925	2942
1.473340319	106
1.474693667	2942
1.474693895	2942
1.474693965	2942
1.475825104	106
1.476973888	2942
1.476974115	2942
1.478105295	106
1.478982338	2942
1.478982564	2942
1.479234139	2942
1.480113493	106
1.480209535	2942
1.481337441	106
1.482284257	2942
1.482284477	2942
1.482284547	2942
1.483411631	106
1.486209466	2942
1.487355675	106
1.489120350	2942
1.489120573	4370
1.490251887	106
1.490719398	2942
1.491865943	106
1.493075776	2942
1.493075999	2942
1.493112641	98
1.496147026	1514
1.496170804	98
1.498375445	2942
1.498404303	98
1.503142876	2942
1.503143176	2942
1.503143308	1514
1.504290505	98
1.506551144	2942
1.506551371	1514
1.507698728	98
1.508476870	2942
1.508477122	1514
1.509623381	98
1.511107206	2942
1.511107433	2942
1.511107503	1514
1.512253637	98
1.515330565	2942
1.516461502	98
1.517715963	1514
1.517741777	86
1.517716190	1514
1.519305966	2942
1.519330324	86
1.521354639	2942
1.521379234	86
1.521354861	2942
1.521429988	86
1.523550101	2942
1.523550328	2942
1.523624210	86
1.526113562	2942
1.526113787	2942
1.526185371	86
1.528357798	2942
1.528358026	1514
1.528428990	86
1.533621748	2942
1.533621970	2942
1.533622040	2942
1.533622110	2942
1.533696529	86
1.537597069	2942
1.537669578	86
1.540482930	4370
1.540483255	2942
1.540557002	86
1.542152701	2942
1.542223155	86
1.543325727	2942
1.543325952	2942
1.543399184	86
1.546421315	1514
1.548645539	2942
1.548732450	86
1.554558371	2942
1.554558596	2942
1.554558666	1514
1.554631415	86
1.557973111	2942
1.557973333	1514
1.558045483	86
1.559896497	2942
1.559896724	1514
1.559969714	86
1.562542288	2942
1.562542510	1514
1.562574978	98
1.566749875	2942
1.566773582	98
1.567978369	1514
1.568001673	98
1.569584174	2942
1.570715071	98
1.571607852	2942
1.571608077	2942
1.572739156	98
1.573785664	2942
1.573785931	2942
1.574933388	98
1.576468932	2942
1.576469157	2942
1.577615386	98
1.578714326	2942
1.578714553	2942
1.579845827	98
1.583962198	2942
1.583962423	2942
1.583962490	2942
1.583962560	2942
1.585090549	98
1.587842105	2942
1.588988151	98
1.590842023	2942
1.590842245	2942
1.591973539	98
1.592434141	2942
1.593567185	98
1.593583710	2942
1.593583900	2942
1.594727849	98
1.598959374	2942
1.598959601	2942
1.600090763	98
1.604887306	2942
1.604887528	2942
1.604887598	1514
1.605760797	98
1.608333786	2942
1.608334013	2942
1.609482638	98
1.610215512	2942
1.611362246	98
1.612843168	2942
1.612843396	2942
1.613974508	98
1.617015653	2942
1.617042325	86
1.618269411	1514
1.620965157	1514
1.620989012	86
1.623015910	2942
1.623016134	1514
1.623088286	86
1.625179579	2942
1.625179804	1514
1.625253778	86
1.627871204	2942
1.627942794	86
1.630104908	2942
1.630105133	1514
1.630179968	86
1.635293075	2942
1.635293301	2942
1.635293368	2942
1.635374235	86
1.639227555	1514
1.642222033	2942
1.642222260	1514
1.642277102	86
1.643789081	1514
1.644967770	2942
1.644967995	1514
1.645023155	86
1.650288662	2942
1.650288927	1514
1.650346596	86
1.656016185	1514
1.659774296	2942
1.659774518	2942
1.659829900	86
1.661616635	2942
1.661671904	86
1.664269155	2942
1.664269391	2942
1.664325447	86
1.667290951	2942
1.667347433	86
1.671227427	2942
1.671282395	86
1.673372239	2942
1.673427109	86
1.675459664	2942
1.675459889	2942
1.675518889	86
1.678225569	2942
1.678278136	86
1.680463816	2942
1.680518943	86
1.685605296	2942
1.685605533	2942
1.685605603	2942
1.685665350	86
1.692491393	2942
1.692491618	2942
1.692549946	86
1.695290718	2942
1.695290941	2942
1.695349045	86
1.700537258	2942
1.700537533	2942
1.700595100	86
1.710115493	2942
1.710115716	2942
1.710172583	86
1.711937645	2942
1.711937870	1514
1.712014165	86
1.714590648	2942
1.714590871	2942
1.714663683	86
1.717582494	2942
1.717633759	86
1.721538456	2942
1.721610917	86
1.723685707	2942
1.723757304	86
1.725675766	2942
1.725676013	2942
1.725737922	86
1.728561215	2942
1.728631564	86
1.730801223	2942
1.730872703	86
1.735895761	2942
1.735895984	2942
1.735896054	2942
1.735970408	86
1.742718189	2942
1.742718442	2942
1.742794081	86
1.745632581	2942
1.745632808	2942
1.745706870	86
1.750797478	2942
1.750797738	2942
1.750870215	86
1.760456713	2942
1.760456941	2942
1.760530420	86
1.762285765	2942
1.762285987	2942
1.762361757	86
1.764921151	4370
1.764994918	86
1.767836792	2942
1.767837017	2942
1.767910764	86
1.771896035	2942
1.771968605	86
1.774020858	2942
1.774091365	86
1.775932141	2942
1.775932431	2942
1.776007258	86
1.778914127	2942
1.778985626	86
1.781136076	2942
1.781208643	86
1.786191974	2942
1.786192197	2942
1.786192267	2942
1.786265106	86
1.792989030	2942
1.792989258	2942
1.793062574	86
1.795967946	2942
1.795968171	2942
1.796040873	86
1.801048554	2942
1.801048777	2942
1.801123346	86
1.810817771	2942
1.810817996	2942
1.810891710	86
1.812603753	2942
1.812603980	2942
1.812677715	86
1.815262503	4370
1.815335776	86
1.818090708	2942
1.818090936	2942
1.818167422	86
1.822209053	2942
1.822281480	86
1.824373740	2942
1.824445314	86
1.826246227	2942
1.826246454	2942
1.826320423	86
1.829251255	2942
1.829326219	86
1.831474154	2942
1.831545635	86
1.836480410	2942
1.836480637	2942
1.836480705	2942
1.836553999	86
1.843242891	2942
1.843243143	2942
1.843316035	86
1.846292466	2942
1.846292691	2942
1.846365278	86
1.851340682	2942
1.851340905	2942
1.851421547	86
1.861161204	2942
1.861161431	2942
1.861235210	86
1.862963053	2942
1.862963275	2942
1.862963345	1514
1.863038717	86
1.865589764	2942
1.865665328	86
1.868360079	2942
1.868360371	2942
1.868435728	86
1.872536004	2942
1.872609023	86
1.874718388	2942
1.874789127	86
1.876488095	2942
1.876488322	2942
1.876562764	86
1.879612715	2942
1.879686359	86
1.881768829	2942
1.881839621	86
1.886768075	2942
1.886768300	2942
1.886768368	2942
1.886840887	86
1.893480012	2942
1.893480234	2942
1.893549539	86
1.896647539	2942
1.896647761	2942
1.896721513	86
1.901604493	2942
1.901604718	2942
1.901656352	86
1.911498349	2942
1.911498576	2942
1.911571511	86
1.913325668	2942
1.913325893	2942
1.913325960	1514
1.913400960	86
1.915920809	2942
1.915993986	86
1.918631464	2942
1.918631722	2942
1.918705291	86
1.922843071	2942
1.922915506	86
1.925039541	2942
1.925111767	86
1.926739191	2942
1.926739445	2942
1.926815988	86
1.929967975	2942
1.930041444	86
1.932093642	2942
1.932165049	86
1.937016471	2942
1.937016699	2942
1.937087848	86
1.943749272	2942
1.943773165	98
1.943749490	2942
1.943792627	98
1.947005366	2942
1.947029498	98
1.947005589	2942
1.948157498	98
1.951858143	2942
1.951858366	2942
1.953005388	98
1.961817601	2942
1.961817824	2942
1.962949168	98
1.963660995	2942
1.963661248	2942
1.963661318	1514
1.964808387	98
1.966278946	2942
1.967424991	98
1.968890983	2942
1.968891210	2942
1.970039112	98
1.973158164	2942
1.974306116	98
1.975391786	2942
1.975392013	2942
1.976539950	98
1.977012819	2942
1.977013046	2942
1.977741449	98
1.980317445	2942
1.981466029	98
1.982448679	2942
1.983595391	98
1.987324652	2942
1.987324876	2942
1.988456206	98
1.994001518	2942
1.994001738	2942
1.994038080	86
1.997304229	1514
1.998408701	2942
1.998433021	86
2.003248216	2942
2.003272696	86
2.013206899	2942
2.013231294	86
2.013207122	1514
2.015097263	2942
2.015121830	86
2.015097515	1514
2.017709381	2942
2.017741906	86
2.020274290	2942
2.020299413	86
2.020274515	1514
2.024568972	1514
2.024592761	86
2.026823973	2942
2.026824195	1514
2.026896252	86
2.031755524	2942
2.031828757	86
2.033846432	2942
2.033919939	86
2.038644500	2942
2.038644722	2942
2.038717601	86
2.044316816	2942
2.044317041	2942
2.044374513	86
2.048692822	2942
2.048747616	86
2.053534574	2942
2.053588101	86
2.063490754	2942
2.063544309	86
2.065392536	2942
2.065392761	2942
2.065451220	86
2.068012472	2942
2.068066144	86
2.070557863	2942
2.070613455	86
2.074875022	2942
2.074930531	86
2.077159150	2942
2.077159373	2942
2.077215058	86
2.082107945	2942
2.082163472	86
2.084142800	2942
2.084196137	86
2.088895385	2942
2.088895613	2942
2.088953057	86
2.094660478	2942
2.094660704	2942
2.094716558	86
2.099011517	2942
2.099065492	86
2.103871709	2942
2.103925636	86
2.113789027	2942
2.113849169	86
2.115710421	2942
2.115710649	2942
2.115786248	86
2.118350447	2942
2.118421821	86
2.120892416	2942
2.120964913	86
2.125140463	2942
2.125212940	86
2.127500190	2942
2.127500416	2942
2.127573460	86
2.132446852	2942
2.132521339	86
2.134478187	2942
2.134549647	86
2.139134366	2942
2.139134594	2942
2.139207216	86
2.144999854	2942
2.145000076	2942
2.145000146	2942
2.145076278	86
2.149335082	2942
2.149407874	86
2.154209194	2942
2.154280456	86
2.164105775	2942
2.164178200	86
2.166073316	2942
2.166073544	2942
2.166148520	86
2.168699817	1514
2.171236003	2942
2.171309568	86
2.175468153	2942
2.175540545	86
2.177826216	2942
2.177826438	2942
2.177898318	86
2.182805662	2942
2.182880357	86
2.184803948	2942
2.184875700	86
2.189418362	2942
2.189418589	2942
2.189491936	86
2.195347649	2942
2.195347874	2942
2.195347941	2942
2.195424726	86
2.199687140	2942
2.199762027	86
2.204525610	2942
2.204598177	86
2.214460098	2942
2.214543250	86
2.216431571	2942
2.216431803	2942
2.216504275	86
2.225785368	2942
2.225785591	2942
2.225785661	2942
2.225858807	86
2.228104421	2942
2.228104644	2942
2.228175171	86
2.233160952	2942
2.233236979	86
2.235136878	1514
2.239710032	2942
2.239710257	2942
2.239782817	86
2.245699719	2942
2.245699936	2942
2.245700026	2942
2.245776688	86
2.250017995	2942
2.250088365	86
2.254880855	2942
2.254953297	86
2.264809408	2942
2.264862962	86
2.266792351	2942
2.266792574	2942
2.266866700	86
2.276091216	2942
2.276091439	2942
2.276091509	2942
2.276165438	86
2.278411817	2942
2.278412042	2942
2.278486806	86
2.283524872	2942
2.283525097	2942
2.283601914	86
2.289978053	2942
2.289978280	2942
2.290050045	86
2.300355013	2942
2.300355250	2942
2.300355320	2942
2.300355390	4370
2.300431937	86
2.305236605	2942
2.305308392	86
2.315081671	2942
2.315160960	86
2.317134839	2942
2.317135063	2942
2.317209398	86
2.326427679	2942
2.326427904	2942
2.326427971	2942
2.326504808	86
2.328769334	2942
2.328769564	2942
2.328841786	86
2.333892990	2942
2.333893214	2942
2.333966122	86
2.340248266	2942
2.340248494	2942
2.340321338	86
2.350724088	2942
2.350724325	2942
2.350724412	2942
2.350724482	2942
2.350799362	86
2.355582097	2942
2.355654637	86
2.365362352	2942
2.365441499	86
2.367498968	2942
2.367499191	2942
2.367499261	1514
2.367571708	86
2.376789439	2942
2.376789664	2942
2.376789731	2942
2.376867346	86
2.379110117	2942
2.379110344	2942
2.379182456	86
2.384252832	2942
2.384253055	2942
2.384327044	86
2.390524869	2942
2.390525127	2942
2.390598443	86
2.401096757	2942
2.401096995	2942
2.401097085	2942
2.401097153	2942
2.401174557	86
2.405840441	2942
2.405912490	86
2.415639742	2942
2.415717897	86
2.417796251	2942
2.417796476	2942
2.417871379	86
2.427132586	2942
2.427132809	2942
2.427132904	2942
2.427211233	86
2.429452315	2942
2.429452535	2942
2.429452605	1514
2.429528431	86
2.434557155	2942
2.434557380	2942
2.434635417	86
2.440778990	2942
2.440779242	2942
2.440853957	86
2.451470295	2942
2.451470532	2942
2.451470600	2942
2.451470670	2942
2.451549164	86
2.456184028	2942
2.456258788	86
2.465888238	2942
2.465967797	86
2.468103614	2942
2.468103834	2942
2.468178671	86
2.477416892	2942
2.477417119	2942
2.477417187	2942
2.477494349	86
2.479814987	2942
2.479815210	2942
2.479815280	2942
2.479890136	86
2.484898508	2942
2.484898733	2942
2.484974432	86
2.491038503	2942
2.491038771	2942
2.491113858	86
2.501826940	4370
2.501827180	2942
2.501827270	2942
2.501903112	86
2.506541403	2942
2.506614193	86
2.516142451	2942
2.516231656	86
2.518443002	2942
2.518443230	2942
2.518518996	86
2.527780199	2942
2.527780422	2942
2.527780492	2942
2.527857479	86
2.530113507	2942
2.530113747	2942
2.530113817	2942
2.530189042	86
2.535246285	2942
2.535246508	2942
2.535321505	86
2.541315326	2942
2.541315554	2942
2.541315624	2942
2.541390261	86
2.552193810	2942
2.552194055	2942
2.552194145	2942
2.552270262	86
2.556884018	2942
2.556884243	1514
2.556959098	86
2.566432409	2942
2.566510218	86
2.568802812	2942
2.568803035	2942
2.568877496	86
2.578126654	2942
2.578126879	2942
2.578126949	2942
2.578204941	86
2.580466917	2942
2.580467142	2942
2.580467210	2942
2.580539352	86
2.585545740	2942
2.585545963	2942
2.585623497	86
2.591596184	2942
2.591596447	2942
2.591596517	2942
2.591672011	86
2.602534395	2942
2.602534637	2942
2.602534727	2942
2.602609747	86
2.607241541	2942
2.607313883	86
2.616712977	2942
2.616791642	86
2.619145087	2942
2.619145340	2942
2.619223136	86
2.628443670	2942
2.628443892	4370
2.628443962	2942
2.628520642	86
2.630829217	2942
2.630829442	2942
2.630829510	2942
2.630902644	86
2.635886986	2942
2.635887213	2942
2.635963015	86
2.641858637	2942
2.641858882	2942
2.641858952	2942
2.641933962	86
2.652872920	2942
2.652873165	2942
2.652873255	2942
2.652950832	86
2.657596306	2942
2.657669565	86
2.666975518	2942
2.667050192	86
2.669506025	2942
2.669506250	2942
2.669580647	86
2.678770855	2942
2.678771080	2942
2.678771148	2942
2.678771218	2942
2.678848294	86
2.681187040	2942
2.681187262	4370
2.681261507	86
2.686250933	2942
2.686251161	2942
2.686327703	86
2.692114558	2942
2.692114783	2942
2.692114851	2942
2.692189028	86
2.703240705	2942
2.703240953	2942
2.703241023	2942
2.703317077	86
2.707927063	2942
2.707999508	86
2.717230941	2942
2.717306435	86
2.719864627	2942
2.719864850	2942
2.719939816	86
2.729123297	2942
2.729123520	2942
2.729123587	2942
2.729123657	2942
2.729199899	86
2.731545115	2942
2.731545337	2942
2.731545407	2942
2.731621052	86
2.736546279	2942
2.736546501	2942
2.736629505	86
2.742390576	4370
2.742390826	2942
2.742463046	86
2.753610978	2942
2.753611215	2942
2.753611302	2942
2.753611372	2942
2.753688667	86
2.758282696	2942
2.758353923	86
2.767497007	2942
2.767550626	86
2.770226625	2942
2.770226849	2942
2.770301711	86
2.779410173	2942
2.779410398	2942
2.779410468	2942
2.779410535	2942
2.779489208	86
2.781882367	2942
2.781882590	2942
2.781882660	2942
2.781956667	86
2.786917434	2942
2.786917656	2942
2.786991696	86
2.792647595	2942
2.792647845	2942
2.792724209	86
2.803958010	2942
2.803958260	4370
2.803958330	2942
2.803958397	2942
2.804036544	86
2.808632821	2942
2.808707271	86
2.817766927	2942
2.817820350	86
2.829724621	2942
2.829724843	2942
2.829724913	2942
2.829724981	2942
2.829766208	2942
2.829766350	2942
2.829805558	86
2.832241852	2942
2.832242075	2942
2.832242145	2942
2.832317502	86
2.837268886	2942
2.837269114	2942
2.837345001	86
2.842903195	2942
2.842903448	2942
2.842979742	86
2.854331430	2942
2.854331677	2942
2.854331747	2942
2.854331815	2942
2.854372847	1514
2.854410414	86
2.858999536	2942
2.859071936	86
2.868023153	2942
2.868101440	86
2.880011706	2942
2.880011926	2942
2.880011996	2942
2.880012064	2942
2.880054696	2942
2.880054803	2942
2.880091106	86
2.882604247	2942
2.882604467	2942
2.882604537	2942
2.882679827	86
2.887621996	2942
2.887622219	2942
2.887696288	86
2.893183366	2942
2.893183621	2942
2.893259850	86
2.904707342	2942
2.904707592	2942
2.904707660	2942
2.904707730	2942
2.904747737	2942
2.904784267	86
2.909336804	2942
2.909409401	86
2.918301759	2942
2.918378718	86
2.930311902	4370
2.930312124	2942
2.930345851	98
2.930312194	2942
2.930364384	98
2.930312262	2942
2.930375439	98
2.932902183	2942
2.932902406	2942
2.932902476	2942
2.934033490	98
2.937975951	2942
2.937976176	2942
2.937976266	2942
2.939109831	98
2.943421507	2942
2.943421734	2942
2.944567311	98
2.955081710	2942
2.955081930	2942
2.955082000	2942
2.955082067	2942
2.955124102	2942
2.956213221	98
2.959642647	2942
2.960789226	98
2.980597685	2942
2.980597905	2942
2.980597975	1514
2.980598042	2942
2.980642652	98
2.980598110	1514
2.980659039	98
2.984324320	2942
2.984347780	98
2.984324543	2942
2.985493139	98
2.989389961	2942
2.989390189	2942
2.990539998	98
2.994860809	2942
2.994861031	1514
2.996008203	98
3.006486812	2942
3.006487040	2942
3.006487107	1514
3.007633564	98
3.011005337	2942
3.012136256	98
3.030947022	2942
3.030973060	86
3.030947260	2942
3.030947327	2942
3.030947400	2942
3.031004449	2942
3.031031917	86
3.034633796	2942
3.034707585	86
3.035735700	2942
3.035807030	86
3.040807796	2942
3.040808043	2942
3.040885010	86
3.046300734	2942
3.046301006	1514
3.046377070	86
3.057915182	2942
3.057915407	1514
3.057951416	98
3.062421737	2942
3.062445679	98
3.081276583	2942
3.081300902	98
3.081276817	2942
3.081276885	2942
3.081276955	2942
3.081328810	2942
3.082448532	98
3.084971588	2942
3.086084068	2942
3.086114745	98
3.091174473	2942
3.091174698	2942
3.092305360	98
3.096652569	2942
3.097800923	98
3.108188312	2942
3.108188540	2942
3.109335982	98
3.112725399	2942
3.112751079	86
3.131568746	1514
3.132715657	2942
3.132739820	86
3.136402458	2942
3.136426960	86
3.136402681	2942
3.136477790	86
3.142596658	2942
3.142596906	2942
3.142673908	86
3.148062409	2942
3.148137966	86
3.159625832	2942
3.159626055	2942
3.159702042	86
3.163037098	2942
3.163112424	86
3.183030435	2942
3.183104179	86
3.186709001	2942
3.186709231	2942
3.186784813	86
3.192960803	2942
3.192961026	2942
3.193036737	86
3.198426231	2942
3.198498625	86
3.209990250	2942
3.209990475	2942
3.209990542	2942
3.210067084	86
3.213381550	2942
3.213457192	86
3.233384575	2942
3.233462337	86
3.237040126	2942
3.237040354	2942
3.237116045	86
3.243307946	2942
3.243308168	2942
3.243381020	86
3.248787243	2942
3.248861993	86
3.260327470	2942
3.260327692	2942
3.260327762	2942
3.260403944	86
3.263722785	2942
3.263796925	86
3.283728320	2942
3.283802187	86
3.287400006	2942
3.287400233	2942
3.287475788	86
3.293646188	4370
3.293733203	86
3.299126894	2942
3.299202295	86
3.310690240	2942
3.310690462	2942
3.310690552	2942
3.310767854	86
3.314070468	2942
3.314070693	2942
3.314146390	86
3.334075763	2942
3.334149647	86
3.337769661	2942
3.337769916	2942
3.337839583	86
3.344017768	2942
3.344092213	86
3.349470884	2942
3.349543533	86
3.361053565	2942
3.361053787	2942
3.361053857	2942
3.361131802	86
3.364391511	2942
3.364391735	2942
3.364467890	86
3.384436993	2942
3.384513090	86
3.388097074	2942
3.388097301	2942
3.388171893	86
3.394350886	2942
3.394425258	86
3.399832366	2942
3.399832619	1514
3.399907721	86
3.411418402	2942
3.411418630	2942
3.411418700	2942
3.411494684	86
3.414740043	2942
3.414740266	2942
3.414816070	86
3.434799075	2942
3.434874087	86
3.438459401	2942
3.438459629	2942
3.438533983	86
3.444634001	2942
3.444710183	86
3.450194171	2942
3.450269861	86
3.461763460	2942
3.461763685	2942
3.461763752	2942
3.461840564	86
3.465101711	2942
3.465101938	2942
3.465177063	86
3.485120690	2942
3.485120913	2942
3.485196933	86
3.488821539	2942
3.488821764	2942
3.488896433	86
3.494967447	2942
3.495042538	86
3.500515464	2942
3.500592243	86
3.512129850	2942
3.512130072	4370
3.512207187	86
3.515459370	2942
3.515459620	2942
3.515535850	86
3.535488475	2942
3.535488720	2942
3.535564970	86
3.545330729	2942
3.545330954	2942
3.545331022	2942
3.545408919	86
3.550876531	2942
3.550951541	86
3.562483627	2942
3.562483847	2942
3.562483917	2942
3.562561377	86
3.565806451	2942
3.565806698	2942
3.565883410	86
3.585802323	2942
3.585802606	2942
3.585880830	86
3.595673522	2942
3.595673744	2942
3.595673814	2942
3.595751271	86
3.601236764	2942
3.601313141	86
3.612832730	2942
3.612832955	2942
3.612833022	4370
3.612910499	86
3.616169413	2942
3.616169648	2942
3.616246083	86
3.636126939	2942
3.636127161	2942
3.636204035	86
3.646038679	2942
3.646038902	2942
3.646038969	2942
3.646118283	86
3.651570874	2942
3.651645903	86
3.663177350	2942
3.663177575	2942
3.663177643	2942
3.663254872	86
3.666479846	2942
3.666480063	2942
3.666480133	2942
3.666557605	86
3.686493398	2942
3.686493674	2942
3.686568760	86
3.696402194	2942
3.696402417	2942
3.696402487	2942
3.696480518	86
3.701866849	2942
3.701940192	86
3.713519248	2942
3.713519473	4370
3.713595164	86
3.716807591	2942
3.716807811	2942
3.716807881	2942
3.716883161	86
3.736854679	2942
3.736854926	2942
3.736930475	86
3.746768137	2942
3.746768359	2942
3.746768447	2942
3.746844521	86
3.752222910	2942
3.752298111	86
3.763853520	2942
3.763853743	2942
3.763853813	2942
3.763930905	86
3.767152314	2942
3.767152564	2942
3.767152634	2942
3.767230831	86
3.787218716	2942
3.787218964	2942
3.787295450	86
3.797113722	2942
3.797113947	2942
3.797114014	2942
3.797192221	86
3.802588069	2942
3.802588292	1514
3.802663936	86
3.814217100	2942
3.814217318	2942
3.814217388	2942
3.814295557	86
3.817477667	2942
3.817477889	2942
3.817477957	2942
3.817556146	86
3.837569109	2942
3.837569359	2942
3.837646103	86
3.847477247	2942
3.847477469	2942
3.847477559	2942
3.847555886	86
3.852908225	2942
3.852983787	86
3.864584083	2942
3.864606577	98
3.864584310	2942
3.864625750	98
3.867801354	2942
3.867825447	98
3.867801577	2942
3.867801647	2942
3.867801714	2942
3.868971801	98
3.887931246	2942
3.889077460	98
3.897845699	2942
3.897845924	4370
3.898992048	106
3.903253742	2942
3.904400469	106
3.914839461	2942
3.914839689	2942
3.914876393	98
3.918112950	1514
3.918136837	98
3.919241797	2942
3.919265749	98
3.939369128	2942
3.940503147	98
3.949282909	2942
3.949312071	86
3.949283139	2942
3.949283229	2942
3.949283299	1514
3.949350046	86
3.949370561	86
3.954689907	2942
3.954745982	86
3.965113154	2942
3.965113397	2942
3.965173494	86
3.968419045	1514
3.969526019	2942
3.969582987	86
3.990712769	2942
3.990769401	86
3.999601437	2942
3.999601659	2942
3.999601727	2942
3.999662594	86
4.004976708	2942
4.005031937	86
4.015437892	2942
4.015438142	2942
4.015495596	86
4.019847542	2942
4.019847795	2942
4.019905842	86
4.040935652	2942
4.040991269	86
4.049954069	2942
4.049954309	2942
4.049954379	2942
4.050015396	86
4.055298948	2942
4.055354627	86
4.065784592	2942
4.065784844	2942
4.065842874	86
4.070188643	2942
4.070188863	2942
4.070246709	86
4.091194298	2942
4.091249912	86
4.100304669	2942
4.100304897	2942
4.100304984	2942
4.100305052	2942
4.100366754	86
4.116093172	2942
4.116093432	2942
4.116093505	2942
4.116154587	86
4.120506880	2942
4.120507115	2942
4.120565072	86
4.141452313	2942
4.141509806	86
4.150653002	2942
4.150653247	2942
4.150653337	2942
4.150653407	1514
4.150718136	86
4.166432372	2942
4.166432597	2942
4.166432665	2942
4.166489812	86
4.170850695	2942
4.170850918	2942
4.170925307	86
4.191704327	2942
4.191779456	86
4.200979922	2942
4.200980142	2942
4.200980209	2942
4.200980279	2942
4.201059674	86
4.216775710	2942
4.216775980	2942
4.216776050	2942
4.216844207	86
4.221193061	2942
4.221193283	2942
4.221270885	86
4.242008640	2942
4.242083399	86
4.251319917	2942
4.251320140	2942
4.251320210	2942
4.251320277	2942
4.251398806	86
4.267105875	2942
4.267106098	2942
4.267106165	4370
4.267161775	86
4.271536400	2942
4.271536626	2942
4.271613465	86
4.292298298	2942
4.292374255	86
4.301674620	2942
4.301674842	2942
4.301674912	2942
4.301674980	2942
4.301763071	86
4.321873241	2942
4.321873463	2942
4.321873531	2942
4.321873601	2942
4.321915018	2942
4.321951855	86
4.342662625	2942
4.342738574	86
4.352041645	2942
4.352041865	2942
4.352041935	2942
4.352042002	2942
4.352121416	86
4.372213216	2942
4.372213421	2942
4.372213491	2942
4.372213558	2942
4.372254000	4370
4.372293718	86
4.393025170	2942
4.393101555	86
4.402412957	2942
4.402413195	2942
4.402413265	2942
4.402413335	2942
4.402492369	86
4.422590493	2942
4.422590716	2942
4.422590783	2942
4.422590853	2942
4.422632958	2942
4.422633100	2942
4.422668500	86
4.443386460	2942
4.443462032	86
4.452758735	2942
4.452758957	2942
4.452759027	2942
4.452759095	2942
4.452837726	86
4.472946668	2942
4.472946888	2942
4.472946958	2942
4.472947026	2942
4.472989223	2942
4.472989360	4370
4.473027470	86
4.493753813	2942
4.493874852	86
4.503138227	2942
4.503138452	2942
4.503138519	2942
4.503138589	2942
4.503217601	86
4.523306676	2942
4.523306898	2942
4.523306968	2942
4.523307036	2942
4.523349085	2942
4.523349243	2942
4.523386570	86
4.544163810	2942
4.544240737	86
4.553508517	2942
4.553508739	2942
4.553508809	2942
4.553508877	2942
4.553588506	86
4.573668881	2942
4.573669103	2942
4.573703316	98
4.573669173	2942
4.573722123	98
4.573669241	2942
4.573732628	98
4.573738313	4370
4.574874007	98
4.594502912	2942
4.595649796	98
4.603863999	2942
4.603864222	2942
4.603864292	2942
4.605011786	106
4.624002673	2942
4.624002899	2942
4.624002969	2942
4.624044821	98
4.624003036	1514
4.624063551	98
4.625160395	2942
4.625184052	98
4.645923207	1514
4.647068849	98
4.655300437	2942
4.655327634	86
4.655300659	2942
4.655300729	2942
4.655386266	86
4.674330249	2942
4.674330471	2942
4.674330541	2942
4.674330609	1514
4.674407883	86
4.675468048	2942
4.675540267	86
4.697343552	1514
4.705617757	2942
4.705617977	2942
4.705618047	2942
4.705696436	86
4.724665866	2942
4.724666111	2942
4.724666181	4370
4.724744046	86
4.725809011	2942
4.725883003	86
4.755967819	2942
4.755968044	2942
4.755968114	2942
4.755968182	2942
4.756045604	86
4.775037006	2942
4.775037229	2942
4.775037299	2942
4.775111793	86
4.776161303	2942
4.776161526	1514
4.776236098	86
4.806338432	2942
4.806338654	2942
4.806338724	2942
4.806338792	2942
4.806417656	86
4.825404266	2942
4.825404511	2942
4.825404581	2942
4.825481808	86
4.826490028	2942
4.826490251	1514
4.826567180	86
4.856712422	2942
4.856712644	2942
4.856712712	2942
4.856712782	4370
4.856791429	86
4.875752976	2942
4.875753249	2942
4.875753339	2942
4.875827821	86
4.876827483	2942
4.876827706	1514
4.876902273	86
4.907055014	2942
4.907055252	2942
4.907055319	2942
4.907055389	2942
4.907134251	86
4.926118956	2942
4.926119201	2942
4.926119271	2942
4.926194303	86
4.957421157	2942
4.957421379	2942
4.957421447	2942
4.957421517	2942
4.957466362	2942
4.957466499	2942
4.957503864	86
4.976463024	2942
4.976463246	2942
4.976463316	2942
4.976540201	86
5.007800917	2942
5.007801139	2942
5.007801234	2942
5.007801302	2942
5.007847274	2942
5.007847421	2942
5.007881826	86
5.026831949	2942
5.026832174	2942
5.026832241	2942
5.026832311	1514
5.026911203	86
5.058111942	2942
5.058112165	2942
5.058112235	2942
5.058112302	2942
5.058155617	2942
5.058155769	2942
5.058191809	86
5.077182316	2942
5.077182574	2942
5.077182644	2942
5.077182711	1514
5.077261556	86
5.108459230	2942
5.108459452	2942
5.108459560	2942
5.108459627	2942
5.108503974	4370
5.108504107	2942
5.108541024	86
5.127529049	2942
5.127529296	2942
5.127529364	2942
5.127529434	1514
5.127608031	86
5.158840309	2942
5.158840547	2942
5.158840634	2942
5.158840704	2942
5.158884367	2942
5.158884524	2942
5.158920404	86
5.177857787	2942
5.177858011	2942
5.177858079	2942
5.177858149	2942
5.177937271	86
5.209205007	2942
5.209205232	2942
5.209205299	2942
5.209205369	2942
5.209249742	2942
5.209249899	2942
5.209286679	86
5.228207462	2942
5.228207724	2942
5.228207792	2942
5.228207862	2942
5.228247696	1514
5.228286844	86
5.259563402	2942
5.259563637	2942
5.259563704	2942
5.259563774	2942
5.259608154	2942
5.259608279	2942
5.259645271	86
5.278579331	2942
5.278579554	2942
5.278579624	2942
5.278579691	2942
5.278621641	1514
5.278659464	86
5.309925837	2942
5.309926062	2942
5.309926129	2942
5.309926199	2942
5.309970589	2942
5.309970727	2942
5.310007924	86
5.328951401	2942
5.328951666	2942
5.328951736	4370
5.328951804	2942
5.329031036	86
5.360307082	2942
5.360330129	98
5.360307304	2942
5.360350701	98
5.360307374	2942
5.360364039	98
5.360307442	2942
5.360376686	2942
5.360376794	2942
5.361503543	98
5.379326624	2942
5.379326864	2942
5.379326954	2942
5.379327024	2942
5.380458446	98
5.410600485	1514
5.410625260	86
5.410600730	5798
5.410685294	86
5.411791006	2942
5.411866925	86
5.430756508	2942
5.430756758	2942
5.430756826	2942
5.430756896	2942
5.430836448	86
5.460902228	4370
5.460902450	2942
5.460980522	86
5.462145254	1514
5.481104606	2942
5.481104874	2942
5.481104944	2942
5.481105011	2942
5.481144543	2942
5.481184033	86
5.511270635	2942
5.511270860	2942
5.511347297	86
5.531454486	2942
5.531454766	2942
5.531454836	2942
5.531454904	2942
5.531496611	2942
5.531496768	2942
5.531535563	86
5.561640247	2942
5.561640470	2942
5.561714257	86
5.581816324	2942
5.581816561	2942
5.581816629	2942
5.581858446	98
5.581816699	2942
5.581875956	98
5.581883051	2942
5.581883148	1514
5.581901171	98
5.583042905	98
5.611957703	2942
5.611957928	2942
5.613089204	98
5.632153799	2942
5.632154021	2942
5.632154091	2942
5.632154159	1514
5.632198846	98
5.663367978	1514
5.663396350	86
5.663368220	2942
5.663368310	1514
5.663436880	86
5.682467842	2942
5.682468092	2942
5.682468162	2942
5.682468232	1514
5.682530669	86
5.713689303	4370
5.713757730	86
5.732811674	2942
5.732811919	2942
5.732811989	2942
5.732812057	2942
5.732862462	1514
5.732874589	86
5.763996118	2942
5.764023406	86
5.783167359	2942
5.783193434	86
5.783167629	2942
5.783167697	2942
5.783167767	2942
5.783226919	86
5.783246079	86
5.814315196	2942
5.814315444	2942
5.814374413	86
5.833491829	4370
5.833492045	2942
5.833492115	2942
5.833492185	1514
5.833554714	86
5.864664329	2942
5.864664554	2942
5.864726268	86
5.883803062	2942
5.883803295	2942
5.883803365	2942
5.883803432	2942
5.883865164	86
5.914990056	2942
5.914990301	2942
5.915051503	86
5.934158780	2942
5.934159007	2942
5.934159097	2942
5.934159165	2942
5.934209809	1514
5.934221979	86
5.965325609	2942
5.965350486	86
5.965325831	2942
5.965403536	86
5.984481993	2942
5.984482260	2942
5.984482330	2942
5.984482400	2942
5.984523745	1514
5.984561774	86
6.015638264	2942
6.015638509	2942
6.015715109	86
6.034860033	2942
6.034860298	2942
6.034860368	2942
6.034860438	2942
6.034902792	2942
6.034940099	86
6.066006897	2942
6.066007144	2942
6.066084254	86
6.085212405	2942
6.085212628	2942
6.085212698	2942
6.085212765	2942
6.085254642	2942
6.085292297	86
6.116361327	2942
6.116361552	2942
6.116439251	86
6.135589747	2942
6.135590020	2942
6.135590090	2942
6.135590157	2942
6.135631595	2942
6.135631740	1514
6.135669639	86
6.166728024	2942
6.166728269	2942
6.166804794	86
6.185967940	2942
6.185968207	2942
6.185968277	2942
6.185968345	2942
6.186009507	2942
6.186009627	1514
6.186047584	86
6.217092564	2942
6.217092789	2942
6.217169269	86
6.236326047	2942
6.236326287	2942
6.236326357	2942
6.236326427	2942
6.236368207	2942
6.236368352	2942
6.236403042	86
6.267456674	2942
6.267456919	2942
6.267533494	86
6.286698687	2942
6.286698947	2942
6.286699020	2942
6.286699087	2942
6.286741887	2942
6.286742037	2942
6.286778607	86
6.317806999	2942
6.317807247	2942
6.317880959	86
6.337076769	2942
6.337077012	2942
6.337077079	2942
6.337077149	2942
6.337119329	2942
6.337119452	2942
6.337119539	1514
6.337157086	86
6.368171247	2942
6.368171469	2942
6.368248924	86
6.387429735	2942
6.387429985	2942
6.387430052	2942
6.387430122	2942
6.387471709	2942
6.387471842	2942
6.387471912	1514
6.387510114	86
6.418539602	2942
6.418539849	2942
6.418617341	86
6.437792285	2942
6.437792537	2942
6.437792607	2942
6.437792675	4370
6.437836149	2942
6.437836289	2942
6.437836362	1514
6.437874132	86
6.468901089	2942
6.468923717	98
6.488172547	2942
6.488196814	98
6.488172769	2942
6.488215314	98
6.488172839	2942
6.488172907	2942
6.488237367	2942
6.488237469	2942
6.488237539	2942
6.488237611	1514
6.489356898	98
6.519209357	2942
6.520355189	98
6.537742575	1514
6.537767132	98
6.538418520	1514
6.538445083	86
6.538418743	2942
6.538502540	86
6.539635636	2942
6.539635859	2942
6.539635926	2942
6.539635996	1514
6.539714773	86
6.588000231	2942
6.588000456	1514
6.588078730	86
6.588667401	2942
6.588742305	86
6.590005139	2942
6.590005376	4370
6.590005444	2942
6.590005514	1514
6.590084316	86
6.638369636	2942
6.638369861	2942
6.638446748	86
6.640371989	2942
6.640394746	98
6.640372214	2942
6.640414276	98
6.640372286	2942
6.640429068	98
6.640372354	2942
6.641568658	98
6.688736398	2942
6.688736623	2942
6.689867825	98
6.690689142	2942
6.690689364	1514
6.690725476	98
6.690689434	1514
6.690744454	86
6.691824723	2942
6.691848928	86
6.740120201	2942
6.740144608	86
6.740120481	2942
6.740197873	86
6.740979467	2942
6.740979690	1514
6.741056521	86
6.742114446	2942
6.742114671	1514
6.742191286	86
6.790433799	2942
6.790434021	2942
6.790510676	86
6.791252508	2942
6.791252735	2942
6.791328222	86
6.792447804	2942
6.792448027	1514
6.792524364	86
6.840800644	2942
6.840800864	2942
6.840876933	86
6.841608045	2942
6.841608268	2942
6.841684392	86
6.842807197	2942
6.842807444	1514
6.842884043	86
6.891166609	2942
6.891166831	2942
6.891243738	86
6.891936628	2942
6.891936851	2942
6.892013312	86
6.893155444	2942
6.893155667	1514
6.893231924	86
6.941514116	2942
6.941514341	2942
6.941591401	86
6.942249298	2942
6.942249526	2942
6.942326493	86
6.943511979	2942
6.943512202	1514
6.943588659	86
6.991882666	2942
6.991882889	2942
6.991959736	86
6.992567758	2942
6.992567984	2942
6.992568051	1514
6.992644941	86
6.993875522	2942
6.993875772	1514
6.993951768	86
7.042186702	2942
7.042186926	2942
7.042264076	86
7.042855707	2942
7.042855932	2942
7.042933413	86
7.044192059	2942
7.044192284	2942
7.044268506	86
7.092488129	2942
7.092488354	2942
7.092565154	86
7.093150909	2942
7.093151135	2942
7.093227276	86
7.094557252	2942
7.094557479	2942
7.094557567	1514
7.094634009	86
7.142854569	2942
7.142854794	2942
7.142930749	86
7.143443613	2942
7.143443835	2942
7.143520177	86
7.144898782	2942
7.144899002	2942
7.144899072	1514
7.144975314	86
7.193205572	2942
7.193205794	2942
7.193283274	86
7.193789090	2942
7.193811570	98
7.195256925	2942
7.195281104	98
7.195257145	2942
7.195299684	98
7.195257239	2942
7.196424331	98
7.243544757	2942
7.243545017	2942
7.244053298	2942
7.244676164	98
7.245550105	2942
7.245578340	86
7.245550332	1514
7.285757543	86
7.294972512	2942
7.294972754	2942
7.294972844	2942
7.295038156	86
7.295814228	2942
7.295870290	86
7.336035727	1514
7.345313632	2942
7.345313907	2942
7.345313997	2942
7.345376351	86
7.346111901	2942
7.346112126	1514
7.346169058	86
7.395644052	2942
7.395644275	2942
7.395644345	2942
7.395723426	86
7.396357142	2942
7.396357362	2942
7.396433626	86
7.445976617	2942
7.445976840	2942
7.445976910	2942
7.446054407	86
7.446686132	2942
7.446686355	2942
7.446686422	2942
7.446764129	86
7.496343755	2942
7.496343977	2942
7.496344045	2942
7.496421732	86
7.496972760	2942
7.496972983	2942
7.496973053	2942
7.497050535	86
7.546714760	2942
7.546715005	2942
7.546715075	2942
7.546793624	86
7.547268166	2942
7.547268466	2942
7.547268533	2942
7.547345553	86
7.597020670	2942
7.597020895	2942
7.597020985	2942
7.597099680	86
7.597568159	2942
7.597568381	4370
7.597568449	1514
7.597644893	86
7.647368930	2942
7.647369178	2942
7.647369268	2942
7.647446452	86
7.647785255	2942
7.647785477	2942
7.647785547	2942
7.647861082	86
7.697742303	2942
7.697742550	2942
7.697742617	2942
7.697820620	86
7.698078518	2942
7.698078740	2942
7.698078810	2942
7.698078878	2942
7.698156517	86
7.748065478	2942
7.748065705	2942
7.748065775	2942
7.748143890	86
7.748313946	2942
7.748314151	2942
7.748314221	2942
7.748314288	2942
7.748392540	86
7.798430925	2942
7.798431155	2942
7.798431223	2942
7.798508985	86
7.798537990	2942
7.798538212	2942
7.798538282	2942
7.798538350	2942
7.798583727	86
7.848769580	2942
7.848769803	2942
7.848769870	2942
7.848769940	2942
7.848813175	2942
7.848813332	2942
7.848813402	2942
7.848849990	86
7.899130003	2942
7.899130238	2942
7.899130328	2942
7.899130395	2942
7.899175793	2942
7.899175935	2942
7.899176007	2942
7.899176077	2942
7.899211255	86
7.949496368	2942
7.949496588	4370
7.949496680	2942
7.949496748	2942
7.949540138	2942
7.949540300	2942
7.949540370	2942
7.949540440	1514
7.949578262	86
7.999875810	2942
7.999876045	2942
7.999876135	2942
7.999876203	2942
7.999919835	2942
7.999919977	2942
7.999920065	2942
7.999920135	2942
7.999956752	86
8.050253938	2942
8.050254172	2942
8.050254242	2942
8.050254310	2942
8.050299357	2942
8.050299520	2942
8.050299592	2942
8.050299662	2942
8.050334845	86
8.100597495	2942
8.100597718	2942
8.100597785	2942
8.100597855	2942
8.100641042	2942
8.100641190	2942
8.100641260	2942
8.100641330	2942
8.100660717	2942
8.100679250	86
8.100702337	86
8.150981080	2942
8.150981320	2942
8.150981387	2942
8.150981457	2942
8.151025262	2942
8.151025400	2942
8.151025487	2942
8.151025557	2942
8.151044542	2942
8.151063289	86
8.151086357	86
8.201368232	2942
8.201368457	2942
8.201368525	2942
8.201368595	2942
8.201414420	4370
8.201414577	2942
8.201414650	2942
8.201414720	2942
8.201432969	1514
8.201449704	86
8.241757557	86
8.251721870	2942
8.251722107	2942
8.251722175	2942
8.251722245	2942
8.251766739	2942
8.251766879	2942
8.251766949	2942
8.251767019	2942
8.251786847	2942
8.251804024	86
8.251826389	86
8.292014920	1514
8.302106590	2942
8.302106857	2942
8.302106925	2942
8.302106995	2942
8.302148044	2942
8.302148187	2942
8.302148257	2942
8.302148327	2942
8.302169522	2942
8.302188549	86
8.302211481	86
8.352491299	2942
8.352491519	2942
8.352491609	2942
8.352491677	2942
8.352536101	2942
8.352536251	2942
8.352536319	2942
8.352536389	2942
8.352556781	2942
8.352556859	2942
8.352556929	1514
8.352573761	86
8.352597424	86
8.402877689	2942
8.402877924	2942
8.402877994	2942
8.402878062	2942
8.402922111	2942
8.402922259	2942
8.402922331	2942
8.402922401	2942
8.402942626	2942
8.402942711	2942
8.402942784	1514
8.402960216	86
8.402983446	86
8.453266484	2942
8.453266707	2942
8.453266777	2942
8.453266844	2942
8.453311751	2942
8.453311906	2942
8.453311976	2942
8.453312044	2942
8.453331916	2942
8.453332008	2942
8.453332076	1514
8.453348366	86
8.453371501	86
8.503652851	2942
8.503653089	2942
8.503653161	2942
8.503653229	2942
8.503695661	2942
8.503695809	2942
8.503695896	2942
8.503695966	2942
8.503716816	2942
8.503716921	2942
8.503716991	1514
8.503735048	86
8.503758543	86
8.554038991	2942
8.554039229	2942
8.554039296	4370
8.554039366	2942
8.554082501	2942
8.554082653	2942
8.554082723	2942
8.554082793	2942
8.554104521	2942
8.554104613	2942
8.554104701	2942
8.554120438	86
8.554144118	86
8.604415421	2942
8.604415643	2942
8.604415711	2942
8.604415781	2942
8.604459101	2942
8.604459251	2942
8.604459321	2942
8.604459391	2942
8.604480091	2942
8.604480178	2942
8.604480265	1514
8.604497058	86
8.604518160	98
8.654802871	2942
8.654827126	98
8.654803106	2942
8.654846435	98
8.654803173	2942
8.654803243	2942
8.654866000	2942
8.654866083	2942
8.654866173	2942
8.654866243	2942
8.654880120	1514
8.654890760	98
8.705126883	1514
8.705153936	86
8.705127119	2942
8.705127186	2942
8.705127256	2942
8.705127323	2942
8.705190758	2942
8.705190843	2942
8.705190911	2942
8.705190981	1514
8.705217380	86
8.705240578	86
8.755422887	4370
8.755423124	2942
8.755423214	2942
8.755423281	2942
8.755466494	2942
8.755466626	2942
8.755466716	2942
8.755466784	2942
8.755506316	86
8.805788801	4370
8.805789021	2942
8.805789091	2942
8.805789159	2942
8.805832029	2942
8.805832149	2942
8.805832219	2942
8.805832286	2942
8.805870371	86
8.856170559	2942
8.856170781	2942
8.856170849	2942
8.856170919	2942
8.856214611	2942
8.856214771	2942
8.856214844	2942
8.856214914	2942
8.856234076	1514
8.856251751	86
8.897758180	86
8.906549919	2942
8.906550154	2942
8.906550221	2942
8.906550291	2942
8.906593851	2942
8.906593991	2942
8.906594061	2942
8.906594131	2942
8.906632745	86
8.948018905	2942
8.948095280	86
8.956889744	2942
8.956889984	2942
8.956890069	2942
8.956890139	2942
8.956933431	2942
8.956933578	2942
8.956933646	2942
8.956933716	2942
8.956971228	86
8.998380806	2942
8.998456600	86
9.007267334	2942
9.007267569	2942
9.007267639	2942
9.007267706	2942
9.007311236	2942
9.007311378	2942
9.007311451	2942
9.007311521	2942
9.007350078	86
9.048721531	2942
9.048798443	86
9.057650101	2942
9.057650324	4370
9.057650394	2942
9.057650461	2942
9.057694021	2942
9.057694158	2942
9.057694246	2942
9.057694318	2942
9.057746188	86
9.099085080	2942
9.099160915	86
9.108012543	2942
9.108012809	2942
9.108012879	2942
9.108012949	2942
9.108056663	2942
9.108056801	2942
9.108056891	2942
9.108056961	2942
9.108075353	1514
9.108095393	86
9.149411993	2942
9.149488710	86
9.158392193	2942
9.158392441	2942
9.158392511	2942
9.158392581	2942
9.158435060	2942
9.158435178	2942
9.158435248	2942
9.158435318	2942
9.158453735	2942
9.158474293	86
9.199776526	2942
9.199852048	86
9.208770741	2942
9.208770978	2942
9.208771048	2942
9.208771115	2942
9.208814143	2942
9.208814295	2942
9.208814368	2942
9.208814440	2942
9.208834445	2942
9.208850855	86
9.208872912	86
9.250113876	2942
9.250190648	86
9.259149526	2942
9.259149748	2942
9.259149818	2942
9.259149886	2942
9.259193165	2942
9.259193303	2942
9.259193373	2942
9.259193440	4370
9.259213347	2942
9.259231110	86
9.259253022	86
9.300425921	2942
9.300503553	86
9.309520130	2942
9.309520395	2942
9.309520465	2942
9.309520535	2942
9.309564870	2942
9.309565013	2942
9.309565085	2942
9.309565155	2942
9.309584782	2942
9.309584890	1514
9.309600155	86
9.309623045	86
9.350826323	2942
9.350901813	86
9.359905598	2942
9.359905858	2942
9.359905928	2942
9.359905995	2942
9.359948385	2942
9.359948530	2942
9.359948600	2942
9.359948670	2942
9.359969162	2942
9.359969250	2942
9.359986719	86
9.360009224	86
9.401173991	2942
9.401250928	86
9.410265453	2942
9.410265675	2942
9.410265745	2942
9.410265813	2942
9.410309027	2942
9.410309170	2942
9.410309257	2942
9.410309327	2942
9.410329695	2942
9.410329782	2942
9.410347720	86
9.410370464	86
9.451511461	2942
9.451588496	86
9.460589925	2942
9.460590193	2942
9.460590263	2942
9.460590330	2942
9.460634953	2942
9.460635110	2942
9.460635180	2942
9.460635248	2942
9.460655290	2942
9.460655393	4370
9.460670600	86
9.460693645	86
9.501817717	2942
9.501892951	86
9.510981003	2942
9.510981265	2942
9.510981353	2942
9.510981420	2942
9.511024565	2942
9.511024715	2942
9.511024785	2942
9.511024852	2942
9.511045267	2942
9.511045365	2942
9.511045435	1514
9.511062852	86
9.511085514	86
9.552179716	2942
9.552256136	86
9.561365473	2942
9.561365723	2942
9.561365813	2942
9.561406027	98
9.561365880	2942
9.561423367	98
9.561432079	2942
9.561432175	2942
9.561432247	2942
9.561432317	2942
9.561445264	2942
9.561445359	2942
9.561449877	98
9.562591716	98
9.602510712	2942
9.603658829	98
9.611681260	2942
9.611681498	2942
9.611681568	2942
9.611681638	2942
9.611726928	86
9.611736378	1514
9.612815217	2942
9.612839717	86
9.612815440	2942
9.612815510	1514
9.612894599	86
9.653919717	2942
9.653995994	86
9.662027440	2942
9.662027675	2942
9.662027745	2942
9.662027813	2942
9.662107947	86
9.663123362	2942
9.663123585	2942
9.663123655	2942
9.663200702	86
9.704280514	2942
9.704357579	86
9.712370433	2942
9.712370698	2942
9.712370785	2942
9.712370853	2942
9.712410978	1514
9.712449270	86
9.713479043	2942
9.713479267	2942
9.713479335	2942
9.713555910	86
9.754642959	2942
9.754719674	86
9.762747073	2942
9.762747300	2942
9.762747370	2942
9.762747438	2942
9.762788050	2942
9.762825590	86
9.763816853	2942
9.763817075	2942
9.763817145	2942
9.763893157	86
9.804980872	2942
9.805056934	86
9.813117600	2942
9.813117835	2942
9.813117903	2942
9.813117973	2942
9.813158125	2942
9.813196415	86
9.814178280	2942
9.814178505	2942
9.814178573	2942
9.814255680	86
9.855321669	2942
9.855398471	86
9.863486970	4370
9.863487220	2942
9.863487288	2942
9.863487358	2942
9.863566430	86
9.864540140	2942
9.864540365	2942
9.864540435	2942
9.864540502	1514
9.864618267	86
9.905688454	2942
9.905767774	86
9.913862195	2942
9.913862463	2942
9.913862533	2942
9.913862603	2942
9.913903310	2942
9.913942514	86
9.914890373	2942
9.914890595	2942
9.914890663	2942
9.914890733	1514
9.914967697	86
9.956047714	2942
9.956123916	86
9.964174440	2942
9.964174686	2942
9.964174775	2942
9.964174845	1514
9.964219750	98
9.965210398	2942
9.965234370	98
9.965210633	2942
9.965252485	98
9.965210703	2942
9.965210770	2942
9.966395757	98
10.006410032	2942
10.007558051	98
10.014514563	2942
10.014514798	2942
10.014514865	2942
10.014514935	2942
10.015519653	2942
10.015547018	86
10.015519876	1514
10.016680537	1514
10.016704190	86
10.057808907	2942
10.057884284	86
10.065794577	2942
10.065794837	2942
10.065794907	2942
10.065794977	2942
10.065836629	2942
10.065874976	86
10.066985800	2942
10.067062145	86
10.108151194	2942
10.108227836	86
10.116153219	2942
10.116153464	2942
10.116153534	2942
10.116153602	2942
10.116197454	4370
10.116231821	86
10.117325505	2942
10.117400485	86
10.158512302	2942
10.158587596	86
10.166527584	2942
10.166527834	2942
10.166527924	2942
10.166527991	2942
10.166568876	2942
10.166608326	86
10.167679155	2942
10.167679383	1514
10.167755755	86
10.208876897	2942
10.208953661	86
10.216865312	2942
10.216865574	2942
10.216865642	2942
10.216865712	2942
10.216905791	2942
10.216945423	86
10.218019368	2942
10.218019623	1514
10.218095705	86
10.252692817	87
10.252788208	86
10.252843531	87
10.259239689	2942
10.259273944	74
10.267236226	2942
10.267260356	74
10.267236446	2942
10.267279969	74
10.267236516	2942
10.267292971	74
10.267236584	2942
10.267302676	74
10.267308213	4370
10.267315163	74
10.268329536	2942
10.268352668	74
10.268329759	1514
10.268372143	74
10.303051517	86
10.303051747	90
10.303095694	371
10.303137336	86
10.303234030	90
10.303246303	393
10.303256490	87
10.305649018	86
10.305671638	74
10.353486459	86
10.353486686	87
10.353486756	86
10.353589455	86
10.403732937	86
