0.000000000	94
0.000050647	94
0.100315161	86
0.100315411	123
0.100374100	86
0.100466214	87
0.200566836	86
0.200673726	90
0.200673956	210
0.200761013	86
0.200804003	87
0.301157430	94
0.301184422	94
0.341954502	86
0.401438408	86
0.401438655	123
0.401491488	86
0.402541360	87
0.402559695	87
0.502738281	86
0.502742524	2942
0.502738511	86
0.502773904	86
0.502742741	2942
0.502795246	86
0.502742811	2942
0.502806471	86
0.502742879	2942
0.502814648	86
0.502819676	2942
0.502826160	86
0.603076554	2942
0.603107384	86
0.603076787	2942
0.603128804	86
0.603076857	2942
0.603140386	86
0.603076924	2942
0.603148856	86
0.603158491	2942
0.603165246	86
0.603158601	2942
0.603173371	86
0.603158671	2942
0.603181268	86
0.603158741	2942
0.603189078	86
0.603193878	2942
0.603200341	86
0.603193973	2942
0.603208261	86
0.703411572	2942
0.703437102	86
0.703411804	2942
0.703458551	86
0.703411874	2942
0.703482163	86
0.703411944	2942
0.703487193	86
0.703490972	2942
0.703494652	86
0.703491020	2942
0.703499051	86
0.703491056	2942
0.703503728	86
0.703491092	2942
0.703509417	2942
0.703509478	2942
0.703509514	2942
0.703509551	2942
0.703515826	86
0.703517742	2942
0.703517785	2942
0.703517821	2942
0.703517857	2046
0.703524369	86
0.703528512	86
0.803738007	2942
0.803763097	86
0.803738227	2942
0.803783992	86
0.803738295	2942
0.803797292	86
0.803738365	2942
0.803806507	86
0.803814057	2942
0.803820589	86
0.803814169	2942
0.803814237	2942
0.803814307	982
0.803814372	2942
0.803839316	86
0.803841789	2942
0.803841879	2942
0.803841969	2942
0.803842036	2942
0.803854571	86
0.803856206	2942
0.803856311	2942
0.803859844	86
0.803856384	2942
0.803856451	2942
0.803864989	86
0.803869489	86
0.803870259	2942
0.803876864	86
0.803870346	2942
0.803870416	2942
0.803870486	2942
0.803889261	2942
0.803890051	86
0.803895654	86
0.804017797	2942
0.804043727	86
0.804557651	2942
0.804582313	86
0.805021888	2942
0.805046468	86
0.805520699	2942
0.805545434	86
0.805989043	2942
0.806013473	86
0.806470102	2942
0.806494577	86
0.806935996	2942
0.806960774	86
0.807459858	2942
0.807484492	86
0.807931559	2942
0.807956276	86
0.808446688	2942
0.808471195	86
0.808896435	2942
0.808921225	86
0.809397174	2942
0.809421681	86
0.809872540	2942
0.809896992	86
0.810384834	2942
0.810410644	86
0.810556028	1514
0.810580165	86
0.904047872	2942
0.904070992	98
0.904048108	2942
0.904093172	98
0.904048178	2942
0.904106242	98
0.904048245	4370
0.904116672	98
0.904123907	2942
0.904130437	98
0.904123997	2942
0.904138452	98
0.904124069	2942
0.904146044	98
0.904124142	2942
0.904153647	98
0.904160784	2942
0.904167189	98
0.904160874	2942
0.904175374	98
0.904160962	2942
0.904183481	98
0.904161032	2942
0.904191241	98
0.904197379	2942
0.904203581	98
0.904197469	2942
0.904211291	98
0.904197539	2942
0.904218874	98
0.904197609	2942
0.904226601	98
0.904233356	2942
0.904239846	98
0.904233459	2942
0.904248194	98
0.904233531	2942
0.904256261	98
0.904233599	2942
0.904265424	2942
0.904445325	2942
0.904930994	2942
0.905395900	106
0.905411513	2942
0.905895124	2942
0.906402231	2942
0.906537277	106
0.906875142	2942
0.907367738	2942
0.907814080	2942
0.908005036	106
0.908361756	2942
0.908808733	2942
0.909288347	2942
0.909490883	106
0.909756916	2942
0.910307677	2942
0.910758977	2942
0.910884920	106
0.911263570	2942
0.911693637	2942
0.912167999	2942
0.912392665	106
0.912661720	2942
0.913158222	2942
0.913668068	2942
0.913776972	106
0.914122457	2942
0.914613271	2942
0.915123387	2942
0.915238544	106
0.915581142	2942
0.916039651	2942
0.916281127	1514
0.916698451	106
0.916765793	2942
0.917268797	2942
0.917748628	2942
0.917881752	106
0.918237660	2942
0.918722281	2942
0.919211373	2942
0.919352529	106
0.919667564	2942
0.920158466	2942
0.920659490	2942
0.920782381	106
0.921121404	2942
0.921649945	2942
0.922115467	2942
0.922236031	106
0.922600368	2942
0.923084250	2942
0.923571646	2942
0.923715310	106
0.924034803	2942
0.924533414	2942
0.924996511	2942
0.925150172	106
0.925524732	2942
0.925986573	2942
0.926474995	2942
0.926639349	106
0.926958912	2942
0.927193950	1514
0.927414281	1514
0.928075086	106
1.004365281	2942
1.004365501	2942
1.004400960	98
1.004365571	4370
1.004420990	98
1.004365640	2942
1.004431018	98
1.004440335	4370
1.004440428	5798
1.004440498	5798
1.004455482	4370
1.004455590	5798
1.004455660	1514
1.005594474	98
1.005637969	2942
1.005664434	86
1.005638191	2942
1.005638261	2942
1.005741098	86
1.006799525	2942
1.006824110	86
1.006799745	2942
1.006843793	86
1.008264482	2942
1.008289230	86
1.008264705	2942
1.008308932	86
1.009774231	2942
1.009798766	86
1.009774456	2942
1.009818716	86
1.011171269	2942
1.011195893	86
1.011171491	2942
1.011247908	86
1.012646428	2942
1.012670643	86
1.012646655	2942
1.012646725	1514
1.012725207	86
1.014062528	2942
1.014087372	86
1.014062750	2942
1.014140717	86
1.015525544	2942
1.015549714	86
1.015525767	2942
1.015602821	86
1.016943189	2942
1.016967294	86
1.016943417	1514
1.018139098	2942
1.018163283	86
1.018139321	2942
1.018139391	1514
1.018213490	86
1.019638735	2942
1.019662812	86
1.019638957	2942
1.019712644	86
1.021021790	2942
1.021045964	86
1.021022017	2942
1.021094437	86
1.022516149	2942
1.022540544	86
1.022516377	2942
1.022591871	86
1.023994618	1514
1.024018593	86
1.025435488	2942
1.025435735	2942
1.025435805	2942
1.025511225	86
1.026930017	2942
1.026930242	1514
1.026930309	2942
1.026930379	1514
1.027007381	86
1.028310162	2942
1.028310389	2942
1.028387454	86
1.104698116	2942
1.104698358	2942
1.104698428	2942
1.104698496	4370
1.104780750	86
1.105892819	2942
1.105893042	2942
1.105893112	2942
1.105893179	2942
1.105940887	2942
1.105953999	98
1.105941037	2942
1.105968129	98
1.105941107	2942
1.105976404	98
1.105941177	2942
1.105989232	1514
1.105989324	2942
1.105989414	2942
1.105989482	2942
1.107094176	2942
1.107119581	98
1.107094396	2942
1.107138383	98
1.108515980	2942
1.108540570	98
1.108516230	2942
1.108558340	98
1.110083932	2942
1.110107992	98
1.110084152	2942
1.110126682	98
1.111477279	2942
1.111501426	98
1.111477502	2942
1.111520196	98
1.112951031	2942
1.112975763	98
1.112951251	2942
1.112994456	98
1.114338703	2942
1.114362448	98
1.114338926	2942
1.114381503	98
1.115833435	2942
1.115858962	98
1.115833655	2942
1.115877482	98
1.115833725	2942
1.115890172	98
1.117219697	2942
1.117244137	98
1.118446414	2942
1.118470906	98
1.118446636	2942
1.118489356	98
1.118446704	2942
1.118501748	98
1.119945003	2942
1.119968807	98
1.119945223	2942
1.119988335	98
1.121326103	2942
1.121350587	98
1.121326320	2942
1.121368855	98
1.122825982	2942
1.122850147	98
1.122826204	1514
1.122868349	98
1.124272891	2942
1.124296886	98
1.125796865	2942
1.125821518	98
1.125797100	2942
1.125840758	98
1.125797188	2942
1.125853598	98
1.127294672	2942
1.127319032	98
1.127294894	2942
1.127338812	98
1.127294964	2942
1.127351737	98
1.128646790	2942
1.128671717	98
1.128647010	2942
1.128690439	98
1.128647080	1514
1.128702939	98
1.205075871	2942
1.205100500	98
1.205076106	2942
1.205120188	98
1.205076173	2942
1.205133420	98
1.205076243	2942
1.205143210	98
1.206242355	2942
1.206266387	98
1.206242572	2942
1.206285335	98
1.206242642	2942
1.206298092	98
1.206242710	2942
1.206308339	98
1.206315422	2942
1.206322057	98
1.206315524	2942
1.206330172	98
1.206315592	2942
1.206343299	86
1.206315662	1514
1.206352291	86
1.207418609	2942
1.207443253	86
1.207418826	2942
1.207463098	86
1.207418896	4370
1.207476853	86
1.207418964	2942
1.207485878	86
1.208828981	2942
1.208853853	86
1.208829203	1514
1.208871403	86
1.210345842	2942
1.210370552	86
1.210346068	1514
1.210388015	86
1.211789667	1514
1.211815152	86
1.211789885	2942
1.211835347	86
1.213266089	4370
1.213291059	86
1.214636476	2942
1.214660911	86
1.216125536	2942
1.216150220	86
1.216125753	4370
1.216170245	86
1.217506943	1514
1.217530810	86
1.218739084	4370
1.218767161	86
1.218739302	1514
1.218786641	86
1.220250363	2942
1.220282320	86
1.220250586	1514
1.220294729	86
1.221640171	4370
1.221672648	86
1.223117557	2942
1.223149302	86
1.224541432	1514
1.224570206	86
1.226103513	2942
1.226134770	86
1.226103733	2942
1.226148610	86
1.227615497	2942
1.227646606	86
1.227615717	4370
1.227660864	86
1.228966130	4370
1.228997838	86
1.305400343	2942
1.305427331	86
1.305400586	5798
1.305454083	86
1.306514073	4370
1.306542108	86
1.306514295	2942
1.306566980	86
1.306514365	2942
1.306514433	2942
1.306585788	86
1.306585765	2942
1.306599200	86
1.307720929	2942
1.307747949	86
1.307721164	2942
1.307772206	86
1.307721232	2942
1.307721302	2942
1.307791351	86
1.307792096	2942
1.307804044	86
1.309138709	2942
1.309166036	86
1.310643605	2942
1.310670090	86
1.310643831	2942
1.310695123	86
1.312079338	4370
1.312106242	86
1.313570264	2942
1.313596367	86
1.314951874	2942
1.314978422	86
1.314952099	1514
1.315000694	86
1.316393867	2942
1.316420244	86
1.316394089	2942
1.316445831	86
1.317808861	2942
1.317835636	86
1.319042787	2942
1.319069664	86
1.319043010	2942
1.319095639	86
1.320545911	2942
1.320572316	86
1.320546159	2942
1.320594586	86
1.321939521	2942
1.321966446	86
1.323415383	2942
1.323442043	86
1.324811720	2942
1.324837925	86
1.326420101	2942
1.326446946	86
1.326420324	2942
1.326472221	86
1.327934100	2942
1.327960558	86
1.327934323	2942
1.327985870	86
1.329276818	2942
1.329303565	86
1.329277046	2942
1.329328128	86
1.405720876	2942
1.405746074	86
1.405721099	2942
1.405767246	86
1.405721169	2942
1.405780243	86
1.406807896	2942
1.406832738	86
1.406808118	2942
1.406852703	86
1.406808186	2942
1.406867156	86
1.406808256	4370
1.406876328	2942
1.406888728	86
1.406905660	86
1.408013747	2942
1.408038277	86
1.408013967	2942
1.408058225	86
1.408014037	2942
1.408071264	86
1.408014107	2942
1.408081444	2942
1.408093599	86
1.408110847	86
1.409443779	2942
1.409468189	86
1.410958738	2942
1.410983428	86
1.410958964	2942
1.411003208	86
1.412382758	2942
1.412407205	86
1.412382981	2942
1.412426928	86
1.413878030	2942
1.413902702	86
1.415243262	2942
1.415267755	86
1.416693080	2942
1.416717647	86
1.416693302	2942
1.416737302	86
1.418092824	2942
1.418117134	86
1.419337153	2942
1.419361705	86
1.419337383	2942
1.419381450	86
1.420849219	2942
1.420874224	86
1.420849447	2942
1.420894112	86
1.422251574	2942
1.422276216	86
1.422251799	1514
1.422293339	86
1.423722606	2942
1.423746933	86
1.425120016	2942
1.425144501	86
1.426727324	2942
1.426751971	86
1.426727552	2942
1.426771594	86
1.428246553	2942
1.428273778	86
1.428246776	2942
1.428294408	86
1.429588221	2942
1.429612711	86
1.429588446	2942
1.429631966	86
1.505992195	2942
1.506022954	86
1.505992437	2942
1.506044604	86
1.505992507	2942
1.506057209	86
1.507121087	2942
1.507152741	86
1.507121304	2942
1.507173096	86
1.507121374	2942
1.507184794	86
1.507121441	2942
1.507193148	86
1.507198828	2942
1.507205504	86
1.507198928	2942
1.507213678	86
1.508304783	2942
1.508335518	86
1.508305003	2942
1.508355650	86
1.508305070	2942
1.508367422	86
1.508305140	2942
1.508375700	86
1.508380625	2942
1.508387137	86
1.509741042	1514
1.509770782	86
1.511229844	2942
1.511260261	86
1.511230067	2942
1.511280569	86
1.512647771	2942
1.512677031	86
1.512647994	2942
1.512697186	86
1.514141058	2942
1.514171740	86
1.515547518	2942
1.515577770	86
1.517004912	2942
1.517035382	86
1.517005135	2942
1.517055399	86
1.518396977	2942
1.518427445	86
1.519644761	2942
1.519675186	86
1.519644983	2942
1.519695120	86
1.521141507	2942
1.521170707	86
1.521141732	2942
1.521190907	86
1.522548065	2942
1.522578462	86
1.522548287	2942
1.522598319	86
1.523997227	2942
1.524027689	86
1.525424126	2942
1.525454399	86
1.527022757	2942
1.527053317	86
1.527022977	2942
1.527073992	86
1.528531401	2942
1.528560184	86
1.528531651	2942
1.528579331	86
1.529896576	2942
1.529927054	86
1.529896796	2942
1.529947314	86
1.606320188	2942
1.606345352	86
1.606320428	2942
1.606366502	86
1.606320498	2942
1.606379512	86
1.607450582	2942
1.607475399	86
1.607450799	2942
1.607495334	86
1.607450869	2942
1.607508224	86
1.607450937	2942
1.607518036	2942
1.607518144	2942
1.607530869	86
1.607547296	86
1.608560616	2942
1.608585456	86
1.608560824	2942
1.608607041	86
1.608560891	2942
1.608619811	86
1.608560961	2942
1.608629421	2942
1.608641288	86
1.608658053	86
1.610051873	2942
1.610076595	86
1.611547617	2942
1.611572742	86
1.611547837	2942
1.611592947	86
1.612962489	2942
1.612987187	86
1.612962709	2942
1.613007119	86
1.614458703	2942
1.614483191	86
1.615858238	2942
1.615884081	86
1.617297036	2942
1.617322158	86
1.617297266	2942
1.617342340	86
1.618698980	2942
1.618723520	86
1.619919027	2942
1.619943524	86
1.619919247	2942
1.619963314	86
1.621459263	2942
1.621483870	86
1.621459483	2942
1.621503910	86
1.622854353	2942
1.622879160	86
1.622854575	2942
1.622899040	86
1.624304327	2942
1.624328929	86
1.625724892	2942
1.625749479	86
1.627340895	2942
1.627365427	86
1.628809129	2942
1.628831777	98
1.628809349	2942
1.628850784	98
1.630211304	2942
1.630235034	98
1.630211529	2942
1.630254859	98
1.706624148	2942
1.706648520	98
1.706624371	2942
1.706668438	98
1.706624438	2942
1.706681765	98
1.707769650	2942
1.707794184	98
1.707769872	2942
1.707813260	98
1.707769940	2942
1.707826132	98
1.707770010	1514
1.707835472	98
1.707770077	2942
1.707843579	98
1.707850369	2942
1.707856572	98
1.707850484	2942
1.707864569	98
1.708873742	2942
1.708898882	98
1.708873964	2942
1.708917499	98
1.708874034	2942
1.708930241	98
1.708874102	2942
1.708939856	98
1.708944784	2942
1.708951296	98
1.710358196	2942
1.710382346	98
1.711861610	2942
1.711885972	98
1.711861837	2942
1.711905690	98
1.713272025	2942
1.713296332	98
1.713272247	2942
1.713314577	98
1.714766539	2942
1.714790684	98
1.716160929	2942
1.716184954	98
1.717606146	2942
1.717631136	98
1.717606366	2942
1.717650088	98
1.718986859	2942
1.719011433	98
1.720201112	2942
1.720225537	98
1.720201335	2942
1.720244222	98
1.721767071	2942
1.721792648	98
1.721767321	2942
1.721811415	98
1.723141708	4370
1.723165935	98
1.724564508	2942
1.724589235	98
1.726033217	2942
1.726056862	98
1.727636641	2942
1.727660943	98
1.729100992	2942
1.729125262	98
1.729101212	2942
1.729150155	86
1.730497000	4370
1.730523702	86
1.806898596	5798
1.806924004	86
1.808053108	4370
1.808078343	86
1.808053328	8654
1.808100140	86
1.809161257	5798
1.809186922	86
1.809161500	4370
1.809207239	86
1.810622372	1514
1.810646289	86
1.812165776	1514
1.812190365	86
1.813583405	2942
1.813608125	86
1.813583653	2942
1.813627975	86
1.815060189	2942
1.815085082	86
1.816444179	1514
1.816468194	86
1.817917711	2942
1.817943504	86
1.817917936	1514
1.817960816	86
1.819293554	1514
1.819317614	86
1.820475005	2942
1.820500315	86
1.820475233	1514
1.820518190	86
1.822077054	1514
1.822101126	86
1.823435349	2942
1.823460039	86
1.823435576	1514
1.823477266	86
1.824868931	2942
1.824893791	86
1.826318615	2942
1.826344135	86
1.827947211	2942
1.827971736	86
1.829417168	2942
1.829441850	86
1.829417415	2942
1.829461960	86
1.830802385	2942
1.830827035	86
1.830802613	1514
1.830844500	86
1.907180309	2942
1.907210904	86
1.907180554	2942
1.907232047	86
1.908358481	2942
1.908389243	86
1.908358703	2942
1.908409218	86
1.908358771	2942
1.908421425	86
1.908358841	2942
1.908429655	86
1.909457228	2942
1.909487993	86
1.909457450	2942
1.909508172	86
1.909457518	2942
1.909520942	86
1.909457588	2942
1.909529330	86
1.910911865	2942
1.910942440	86
1.912440654	1514
1.912470466	86
1.913871478	1514
1.913901273	86
1.913871703	2942
1.913923026	86
1.915365185	2942
1.915396060	86
1.916735265	2942
1.916766342	86
1.918226627	2942
1.918257069	86
1.919586405	2942
1.919616872	86
1.920784403	2942
1.920814733	86
1.922355799	2942
1.922390747	86
1.923743342	2942
1.923773747	86
1.925138209	2942
1.925168654	86
1.926610074	2942
1.926640431	86
1.928228149	2942
1.928258597	86
1.929726531	2942
1.929757281	86
1.929726751	2942
1.929777803	86
1.929726818	2942
1.929791775	86
1.931111223	2942
1.931141518	86
1.931111446	1514
1.931159251	86
2.007504662	2942
2.007529387	86
2.007504912	2942
2.007550222	86
2.008638712	2942
2.008663421	86
2.008638932	2942
2.008683891	86
2.008638999	2942
2.008697086	86
2.008639069	2942
2.008718639	86
2.009777471	2942
2.009802223	86
2.009777688	2942
2.009822111	86
2.009777758	2942
2.009835355	86
2.009777826	2942
2.009858745	86
2.011223968	2942
2.011248680	86
2.012744747	1514
2.012769146	86
2.014188421	4370
2.014213271	86
2.015674181	2942
2.015698628	86
2.018536125	2942
2.018560864	86
2.018536342	2942
2.018580527	86
2.019883878	2942
2.019908377	86
2.021096714	2942
2.021121286	86
2.022677155	2942
2.022701710	86
2.024054232	2942
2.024078837	86
2.025403080	2942
2.025428635	86
2.026887552	2942
2.026915667	86
2.028506295	2942
2.028535130	86
2.030015649	2942
2.030046971	86
2.030015941	2942
2.030068386	86
2.030016011	2942
2.030092901	86
2.031382674	2942
2.031410487	86
2.031382892	2942
2.031431056	86
2.107828670	2942
2.107859425	86
2.107828915	1514
2.107883812	86
2.108952464	2942
2.108979199	86
2.108952687	2942
2.109003817	86
2.108952759	2942
2.109018974	86
2.108952829	2942
2.109030249	86
2.110086059	2942
2.110113731	86
2.110086281	2942
2.110139226	86
2.110086351	2942
2.110086419	2942
2.110158338	86
2.110173573	86
2.111529313	2942
2.111557578	86
2.113052302	2942
2.113079275	86
2.114475749	2942
2.114502347	86
2.115946254	2942
2.115972834	86
2.118832908	2942
2.118860058	86
2.118833133	2942
2.118885077	86
2.120152286	2942
2.120178911	86
2.121400449	2942
2.121427126	86
2.122968178	2942
2.122994350	86
2.124304356	2942
2.124331348	86
2.125709373	2942
2.125736288	86
2.127199610	2942
2.127226157	86
2.128768481	2942
2.128795001	86
2.130314564	2942
2.130342789	86
2.130314784	4370
2.130371289	86
2.130314854	2942
2.130388954	86
2.131698560	2942
2.131725694	86
2.131698782	2942
2.131750799	86
2.131698850	1514
2.131769642	86
2.208127401	2942
2.208152608	86
2.209266105	2942
2.209290927	86
2.209266330	2942
2.209310865	86
2.209266397	2942
2.209323847	86
2.209266467	2942
2.209347492	86
2.210364134	2942
2.210389629	86
2.210364354	2942
2.210409724	86
2.210364422	2942
2.210422799	86
2.210364492	2942
2.210446744	86
2.211838579	2942
2.211863376	86
2.213360875	2942
2.213385502	86
2.214727903	2942
2.214752410	86
2.216229907	2942
2.216254684	86
2.219148483	2942
2.219173043	86
2.219148706	2942
2.219192968	86
2.220424974	2942
2.220450534	86
2.221704975	2942
2.221729635	86
2.223257066	2942
2.223281533	86
2.224546127	2942
2.224570904	86
2.226018146	2942
2.226043103	86
2.227495570	2942
2.227520298	86
2.229075829	2942
2.229100398	86
2.230621455	2942
2.230646212	86
2.230621677	2942
2.230667112	86
2.230621747	2942
2.230680467	86
2.230621817	2942
2.230703507	86
2.232001353	2942
2.232026090	86
2.232001575	2942
2.232045987	86
2.232001645	2942
2.232059280	86
2.308422361	2942
2.308453433	86
2.309570473	2942
2.309601223	86
2.309570690	2942
2.309621252	86
2.309570758	2942
2.309633305	86
2.309570828	2942
2.309643102	86
2.310686277	2942
2.310717112	86
2.310686497	2942
2.310737222	86
2.310686565	2942
2.310749582	86
2.310686635	2942
2.310757874	86
2.312117244	2942
2.312147617	86
2.313664918	2942
2.313695531	86
2.315028536	1514
2.315058505	86
2.316503585	2942
2.316533768	86
2.319461681	2942
2.319493306	86
2.319461906	2942
2.319513793	86
2.320729840	2942
2.320760342	86
2.322011600	2942
2.322042245	86
2.323564484	2942
2.323595029	86
2.324836717	2942
2.324866054	86
2.326322867	2942
2.326353754	86
2.327796943	2942
2.327827613	86
2.329381799	2942
2.329412327	86
2.330943278	2942
2.330973920	86
2.330943500	2942
2.330994073	86
2.330943568	2942
2.331006120	86
2.330943638	2942
2.331015147	86
2.332306513	2942
2.332337145	86
2.332306730	2942
2.332358520	86
2.332306823	2942
2.332370025	86
2.332306890	2942
2.332378470	86
2.409899748	2942
2.409923153	98
2.409899968	2942
2.409943385	98
2.409900036	2942
2.409956203	98
2.409900106	1514
2.409965110	98
2.410946388	2942
2.410970410	98
2.410946608	2942
2.410988988	98
2.410946676	2942
2.411002260	98
2.410946746	2942
2.411011600	98
2.412384708	2942
2.412408490	98
2.413941456	2942
2.413964731	98
2.415341251	2942
2.415364921	98
2.416816713	2942
2.416840803	98
2.419782524	2942
2.419806494	98
2.419782742	2942
2.419825051	98
2.421042845	2942
2.421066857	98
2.422269171	2942
2.422293133	98
2.423880309	2942
2.423904309	98
2.425145995	2942
2.425170237	98
2.426592510	2942
2.426615934	98
2.428106554	2942
2.428130259	98
2.429694692	2942
2.429718500	98
2.431269386	2942
2.431293663	98
2.431269606	2942
2.431313760	98
2.431269673	2942
2.431330990	98
2.431269743	2942
2.431340278	98
2.432541259	2942
2.432565499	98
2.432541492	4370
2.432582794	98
2.432541584	2942
2.432591834	98
2.432541652	1514
2.432599236	98
2.432615421	1514
2.432623036	98
2.510224756	2942
2.510249501	98
2.510225001	2942
2.510274486	86
2.510225111	2942
2.510329760	86
2.511256409	4370
2.511283173	86
2.511256631	4370
2.511309046	86
2.512685771	1514
2.512712293	86
2.514212007	1514
2.514238107	86
2.515648727	2942
2.515675281	86
2.517122724	1514
2.517149016	86
2.520076907	2942
2.520103299	86
2.520077130	1514
2.520125804	86
2.521347270	1514
2.521373320	86
2.522549374	2942
2.522575704	86
2.524185025	1514
2.524211490	86
2.525451093	2942
2.525477608	86
2.526881808	1514
2.526908623	86
2.528401004	1514
2.528427739	86
2.530006893	2942
2.530063400	86
2.531581074	4370
2.531581296	2942
2.531637421	86
2.532863552	2942
2.532863772	1514
2.532863842	2942
2.532863912	2942
2.532923249	86
2.532944291	86
2.610485474	2942
2.610485719	2942
2.610485789	2942
2.610562749	86
2.611569854	2942
2.611570074	2942
2.611570142	2942
2.611646301	86
2.612991784	1514
2.614502668	1514
2.614526595	86
2.615957435	2942
2.616032217	86
2.617393947	1514
2.620380313	2942
2.620455947	86
2.621653738	2942
2.621730840	86
2.622791785	2942
2.622863635	86
2.624465468	1514
2.625756579	2942
2.625829621	86
2.627172573	1514
2.628695392	1514
2.628719227	86
2.631916492	2942
2.631916716	2942
2.631916786	2942
2.631993358	86
2.633175510	2942
2.633175735	2942
2.633175802	2942
2.633175872	2942
2.633256224	86
2.710836547	2942
2.710836794	2942
2.710836864	2942
2.710913639	86
2.711907644	2942
2.711907867	2942
2.711907937	2942
2.711984891	86
2.714812756	2942
2.714887900	86
2.716261680	2942
2.716335152	86
2.720744220	2942
2.720744495	2942
2.720818422	86
2.722016691	2942
2.722090470	86
2.723146285	2942
2.723221335	86
2.726114094	2942
2.726188628	86
2.728991388	2942
2.729063702	86
2.732258352	2942
2.732258577	2942
2.732258647	2942
2.732332569	86
2.733526510	2942
2.733526728	2942
2.733526798	2942
2.733526868	2942
2.733566002	1514
2.733604272	86
2.811175622	2942
2.811175865	2942
2.811175955	2942
2.811253674	86
2.812257269	2942
2.812257489	2942
2.812257557	2942
2.812333389	86
2.815170291	2942
2.815245870	86
2.816594708	2942
2.816670185	86
2.821107218	2942
2.821107438	2942
2.821183702	86
2.822378116	2942
2.822451783	86
2.823491640	2942
2.823565325	86
2.826454872	2942
2.826530831	86
2.829350885	2942
2.829425413	86
2.832596784	2942
2.832597002	2942
2.832597072	2942
2.832675641	86
2.833869358	2942
2.833869565	2942
2.833869633	2942
2.833869703	2942
2.833907915	2942
2.833946117	86
2.911551522	2942
2.911551765	2942
2.911551832	1514
2.911551902	2942
2.911630472	86
2.912595027	2942
2.912595250	2942
2.912595320	2942
2.912671499	86
2.915528203	2942
2.915602538	86
2.916932361	2942
2.917007268	86
2.921470835	2942
2.921471055	2942
2.921545945	86
2.922735281	2942
2.922808996	86
2.923833063	2942
2.923906908	86
2.926796297	2942
2.926870609	86
2.929705998	2942
2.929780320	86
2.932939890	2942
2.932940115	2942
2.932940182	2942
2.933015914	86
2.934235630	2942
2.934235853	2942
2.934235920	2942
2.934235990	2942
2.934275475	2942
2.934314172	86
3.011906407	2942
3.011906655	2942
3.011906725	4370
3.011983584	86
3.012888503	2942
3.012888725	2942
3.012888795	2942
3.012966297	86
3.015863921	2942
3.015938371	86
3.017287151	2942
3.017362170	86
3.021834776	2942
3.021835018	2942
3.021908807	86
3.023078696	2942
3.023153491	86
3.024131224	2942
3.024206378	86
3.027139032	2942
3.027213907	86
3.030016201	2942
3.030090911	86
3.033302175	2942
3.033302405	2942
3.033302475	2942
3.033378237	86
3.034582166	2942
3.034582388	2942
3.034582458	2942
3.034582528	2942
3.034622370	2942
3.034622510	1514
3.034658800	86
3.112262853	2942
3.112263087	2942
3.112263157	2942
3.112263225	2942
3.112341462	86
3.113241023	2942
3.113241255	2942
3.113241323	2942
3.113319585	86
3.116224564	2942
3.116297873	86
3.117649633	2942
3.117724840	86
3.122157516	2942
3.122157763	2942
3.122233953	86
3.123436996	2942
3.123510641	86
3.124419499	2942
3.124508296	86
3.127479597	2942
3.127553347	86
3.130333444	2942
3.130408179	86
3.133669882	2942
3.133670115	2942
3.133670185	2942
3.133746137	86
3.134932723	2942
3.134932946	2942
3.134933013	2942
3.134933083	2942
3.134971815	2942
3.134971953	1514
3.135010382	86
3.212601825	2942
3.212602048	2942
3.212602115	2942
3.212602185	2942
3.212679772	86
3.213603853	2942
3.213604078	2942
3.213604148	2942
3.213679660	86
3.216562954	2942
3.216637976	86
3.218009661	2942
3.218085386	86
3.222510078	2942
3.222510311	2942
3.222586625	86
3.223791339	2942
3.223865446	86
3.224792259	2942
3.224867609	86
3.227833497	2942
3.227906399	86
3.230680517	2942
3.230754939	86
3.233961375	2942
3.233961600	2942
3.233961668	2942
3.234037462	86
3.235272616	2942
3.235272839	2942
3.235272906	2942
3.235272976	2942
3.235313198	2942
3.235313343	2942
3.235349628	86
3.312924836	2942
3.312925071	2942
3.312925141	2942
3.312925208	2942
3.313003448	86
3.313882134	2942
3.313882356	2942
3.313882426	2942
3.313959321	86
3.316920709	2942
3.316995883	86
3.318369181	2942
3.318443633	86
3.322859091	2942
3.322859334	2942
3.322935680	86
3.324143977	2942
3.324217456	86
3.325130544	2942
3.325205012	86
3.328167288	2942
3.328241097	86
3.331040397	2942
3.331115844	86
3.334328418	2942
3.334328668	2942
3.334328753	2942
3.334404755	86
3.335625881	2942
3.335626104	2942
3.335626171	2942
3.335626241	2942
3.335665913	2942
3.335666078	2942
3.335703963	86
3.413299828	2942
3.413300063	2942
3.413300133	2942
3.413300201	2942
3.413378380	86
3.414237724	2942
3.414237951	2942
3.414238021	2942
3.414314753	86
3.417278684	2942
3.417352621	86
3.418723589	2942
3.418798521	86
3.423225731	2942
3.423225976	2942
3.423302236	86
3.424501409	2942
3.424575311	86
3.425468720	2942
3.425543154	86
3.428504253	2942
3.428578590	86
3.431400639	2942
3.431476241	86
3.434688493	2942
3.434688716	2942
3.434688786	2942
3.434764597	86
3.435996301	2942
3.435996526	2942
3.435996596	4370
3.435996666	2942
3.436036376	2942
3.436036531	2942
3.436075548	86
3.513674973	2942
3.513675208	2942
3.513675278	2942
3.513675348	2942
3.513753780	86
3.514560917	2942
3.514561139	2942
3.514561209	2942
3.514637756	86
3.517632807	2942
3.517707966	86
3.519065544	2942
3.519140173	86
3.523593886	2942
3.523594119	2942
3.523667608	86
3.524845205	2942
3.524919224	86
3.525800423	2942
3.525876097	86
3.528865048	2942
3.528939335	86
3.531761407	2942
3.531834449	86
3.535023233	2942
3.535023456	2942
3.535023526	2942
3.535099960	86
3.536334304	1514
3.536334529	2942
3.536334596	2942
3.536334666	2942
3.536334734	2942
3.536378749	2942
3.536378909	2942
3.536411998	86
3.614036418	2942
3.614036656	2942
3.614036723	2942
3.614036793	2942
3.614115013	86
3.614857387	2942
3.614857612	2942
3.614857680	2942
3.614933709	86
3.617990565	2942
3.618067756	86
3.619412982	2942
3.619489316	86
3.623951634	2942
3.623951876	2942
3.624030153	86
3.625197482	2942
3.625274414	86
3.626126963	2942
3.626204252	86
3.629219258	2942
3.629296013	86
3.632117675	2942
3.632193992	86
3.635372306	2942
3.635372529	4370
3.635448420	86
3.636671006	2942
3.636671232	2942
3.636671302	2942
3.636671372	2942
3.636713129	2942
3.636713249	2942
3.636713319	2942
3.636750953	86
3.714373218	2942
3.714373453	2942
3.714373523	2942
3.714373591	2942
3.714454323	86
3.715166938	2942
3.715167163	2942
3.715167233	2942
3.715244882	86
3.718307962	2942
3.718383207	86
3.719771999	2942
3.719846809	86
3.724286141	2942
3.724286364	2942
3.724361481	86
3.725557732	2942
3.725632534	86
3.726474731	2942
3.726548355	86
3.729580801	2942
3.729581046	1514
3.729654780	86
3.732469757	2942
3.732544862	86
3.735737596	2942
3.735737821	2942
3.735812808	86
3.737002889	2942
3.737003114	2942
3.737003184	2942
3.737003254	2942
3.737045432	2942
3.737045574	2942
3.737045644	2942
3.737045712	1514
3.737081696	86
3.814733731	2942
3.814733979	2942
3.814767558	98
3.814734049	2942
3.814788228	98
3.815518780	2942
3.815542568	98
3.815519005	2942
3.815519075	2942
3.816689367	98
3.818657975	2942
3.819803709	98
3.820118340	2942
3.821266094	98
3.824650297	2942
3.824650522	2942
3.825796046	98
3.825875398	2942
3.826770721	2942
3.827022447	98
3.829895356	2942
3.831042163	98
3.832827940	2942
3.833973402	98
3.836097874	2942
3.836098096	2942
3.837245538	98
3.837345115	2942
3.837345340	2942
3.837345407	2942
3.837345477	2942
3.837386022	2942
3.837386134	2942
3.837386204	2942
3.837386274	2942
3.838492554	98
3.915064104	2942
3.915064329	2942
3.915064401	2942
3.915108341	86
3.915746941	1514
3.916980808	2942
3.917007565	86
3.916981038	1514
3.920062800	1514
3.920088232	86
3.921548799	2942
3.921603496	86
3.926075566	2942
3.926075792	1514
3.926134051	86
3.927290935	2942
3.927349842	86
3.931315028	2942
3.931372310	86
3.934253452	1514
3.937533166	2942
3.937533409	1514
3.937594053	86
3.938780722	2942
3.938780942	2942
3.938781012	2942
3.938781082	2942
3.938833776	2942
3.938833959	1514
3.938845259	86
3.938865679	86
4.015409389	2942
4.015409637	2942
4.015409724	2942
4.015485806	86
4.017296193	2942
4.017371185	86
4.020355631	2942
4.020430190	86
4.021870992	2942
4.021945929	86
4.026387252	2942
4.026387499	2942
4.026461206	86
4.027627553	2942
4.027704410	86
4.031656801	2942
4.031731651	86
4.037881974	2942
4.037882221	2942
4.037957231	86
4.039123295	2942
4.039123517	2942
4.039123587	2942
4.039123655	4370
4.039162559	2942
4.039162714	1514
4.039203732	86
4.115781007	2942
4.115781254	2942
4.115781321	2942
4.115858493	86
4.117652465	2942
4.117727450	86
4.120714913	2942
4.120791773	86
4.122211932	2942
4.122287002	86
4.126735014	2942
4.126735240	2942
4.126810257	86
4.127965048	2942
4.128040020	86
4.132016179	2942
4.132090821	86
4.138231974	2942
4.138232219	2942
4.138305256	86
4.139496410	2942
4.139496615	2942
4.139496682	2942
4.139496752	2942
4.139537722	2942
4.139537879	2942
4.139537949	1514
4.139577109	86
4.216117252	2942
4.216117494	4370
4.216194444	86
4.218006923	2942
4.218079880	86
4.221075588	2942
4.221150575	86
4.222555270	2942
4.222631817	86
4.227092102	2942
4.227092322	2942
4.227170532	86
4.228283444	2942
4.228356881	86
4.232354769	2942
4.232429278	86
4.238581051	2942
4.238581271	2942
4.238654368	86
4.239866957	2942
4.239867175	2942
4.239867245	2942
4.239867312	2942
4.239907379	2942
4.239907539	2942
4.239907609	2942
4.239907677	1514
4.239947839	86
4.316474967	2942
4.316475212	2942
4.316550704	86
4.318362866	2942
4.318438250	86
4.321436368	2942
4.321511380	86
4.322916033	2942
4.322991545	86
4.327461577	2942
4.327461797	2942
4.327537989	86
4.328636481	2942
4.328712656	86
4.332702902	2942
4.332777386	86
4.338926319	2942
4.338926542	2942
4.339001631	86
4.340222645	2942
4.340222862	2942
4.340222932	2942
4.340223000	2942
4.340262924	2942
4.340263062	2942
4.340263132	2942
4.340263202	2942
4.340303562	86
4.416842837	2942
4.416843085	2942
4.416917891	86
4.418721148	2942
4.418797443	86
4.421798849	2942
4.421873873	86
4.423273385	2942
4.423349475	86
4.427807310	2942
4.427807530	2942
4.427883537	86
4.428993464	2942
4.428993689	1514
4.429068658	86
4.433064009	2942
4.433138649	86
4.439293902	2942
4.439294124	2942
4.439370096	86
4.440576672	2942
4.440576892	2942
4.440576960	2942
4.440577030	2942
4.440619679	2942
4.440619835	2942
4.440619907	2942
4.440619977	2942
4.440654767	86
4.517208289	2942
4.517208532	2942
4.517283467	86
4.519066111	2942
4.519140575	86
4.522114414	2942
4.522189393	86
4.523634863	2942
4.523710687	86
4.528125485	2942
4.528125705	2942
4.528200982	86
4.529348702	2942
4.529421229	86
4.533396077	2942
4.533469962	86
4.539656817	2942
4.539657037	2942
4.539657107	1514
4.539733686	86
4.540950537	2942
4.540950767	2942
4.540950840	2942
4.540950907	2942
4.540992632	2942
4.540992760	2942
4.540992832	2942
4.540992902	2942
4.541032177	86
4.617540570	2942
4.617540792	2942
4.617615239	86
4.619424816	2942
4.619499858	86
4.622471951	2942
4.622546726	86
4.623979046	2942
4.624054033	86
4.628479323	2942
4.628479543	2942
4.628553637	86
4.629687812	2942
4.629765034	86
4.633756222	2942
4.633829984	86
4.639999657	2942
4.639999880	2942
4.639999947	2942
4.640077459	86
4.641299500	2942
4.641299720	2942
4.641299788	4370
4.641299858	2942
4.641343465	2942
4.641343590	2942
4.641343660	2942
4.641343730	1514
4.641379154	86
4.717874077	2942
4.717874297	2942
4.717948865	86
4.719778311	2942
4.719851703	86
4.722831632	2942
4.722906589	86
4.724298056	2942
4.724373768	86
4.728842646	2942
4.728842888	2942
4.728917945	86
4.729992192	2942
4.730065987	86
4.734117000	2942
4.734191557	86
4.740356405	2942
4.740356625	2942
4.740356692	2942
4.740432846	86
4.741672123	2942
4.741672333	2942
4.741672403	2942
4.741672470	2942
4.741714362	2942
4.741714490	2942
4.741714560	2942
4.741714630	2942
4.741752030	86
4.818225008	2942
4.818225258	2942
4.818300937	86
4.820102624	2942
4.820176904	86
4.823192537	2942
4.823267651	86
4.824652699	2942
4.824727681	86
4.829203913	2942
4.829204133	2942
4.829277050	86
4.830346495	2942
4.830420159	86
4.834448200	2942
4.834521462	86
4.840725262	2942
4.840725479	2942
4.840725549	2942
4.840803114	86
4.842002043	2942
4.842002263	2942
4.842002330	2942
4.842002400	2942
4.842043793	2942
4.842043945	2942
4.842044015	2942
4.842044085	4370
4.842079815	86
4.918578213	2942
4.918578458	2942
4.918652842	86
4.920441002	2942
4.920532686	86
4.923551924	2942
4.923625756	86
4.925010799	2942
4.925084898	86
4.929566113	2942
4.929566336	2942
4.929639780	86
4.930701713	2942
4.930775554	86
4.934767851	2942
4.934842267	86
4.941091717	2942
4.941091960	2942
4.941092030	2942
4.941168301	86
4.942375198	2942
4.942375418	2942
4.942375485	2942
4.942375555	2942
4.942421015	2942
4.942421150	2942
4.942421240	2942
4.942421308	2942
4.942440630	1514
4.942454742	86
4.984525382	86
5.018943043	2942
5.018943285	2942
5.019018035	86
5.020741050	2942
5.020815864	86
5.023859462	2942
5.023933177	86
5.025364741	2942
5.025436656	86
5.029906853	2942
5.029907073	2942
5.029979918	86
5.031041475	2942
5.031116145	86
5.035066868	2942
5.035141790	86
5.041457850	2942
5.041458070	2942
5.041458137	2942
5.041534374	86
5.042748910	2942
5.042749130	2942
5.042749198	2942
5.042749268	2942
5.042790178	2942
5.042790315	2942
5.042790388	2942
5.042790458	2942
5.042827155	86
5.084740341	1514
5.119307850	2942
5.119332710	86
5.119308073	2942
5.119386005	86
5.121082077	2942
5.121156802	86
5.124190658	2942
5.124266030	86
5.125717401	2942
5.125792618	86
5.130223446	2942
5.130223666	2942
5.130297221	86
5.131395613	2942
5.131470007	86
5.135385621	2942
5.135460576	86
5.141824922	2942
5.141825170	2942
5.141825240	2942
5.141900077	86
5.143106511	2942
5.143106731	2942
5.143106798	2942
5.143106868	2942
5.143147740	2942
5.143147895	2942
5.143147965	2942
5.143148033	2942
5.143184650	86
5.219623903	2942
5.219624146	2942
5.219624213	2942
5.219702405	86
5.221440555	2942
5.221515355	86
5.224516908	2942
5.224601995	86
5.226026892	1514
5.226098556	86
5.230570861	2942
5.230571081	2942
5.230646083	86
5.231748971	2942
5.231822770	86
5.235731797	2942
5.235806156	86
5.242147673	2942
5.242147918	2942
5.242147988	2942
5.242225982	86
5.243479613	2942
5.243479830	2942
5.243479900	2942
5.243479968	2942
5.243520173	2942
5.243520325	2942
5.243520393	2942
5.243520463	2942
5.243540675	1514
5.243561215	86
5.319968124	2942
5.319968366	2942
5.319968436	2942
5.320047661	86
5.321796165	2942
5.321869800	86
5.324857623	2942
5.324933130	86
5.326380942	1514
5.330938122	2942
5.330938342	1514
5.331012703	86
5.332080743	2942
5.332157003	86
5.336072484	2942
5.336146946	86
5.342503065	2942
5.342503310	2942
5.342503380	2942
5.342580617	86
5.343854153	2942
5.343854373	2942
5.343854440	2942
5.343854510	2942
5.343895305	2942
5.343895460	2942
5.343895533	2942
5.343895600	2942
5.343916348	2942
5.343937202	86
5.420329651	2942
5.420329869	2942
5.420329939	2942
5.420407253	86
5.422151403	2942
5.422226250	86
5.425219093	2942
5.425294168	86
5.431307474	2942
5.431307694	2942
5.431383758	86
5.432435304	2942
5.432526630	86
5.436401502	1514
5.442868750	2942
5.442868998	2942
5.442869065	2942
5.442945277	86
5.444229255	2942
5.444229480	2942
5.444229550	2942
5.444229620	2942
5.444273223	2942
5.444273365	2942
5.444273435	2942
5.444273503	2942
5.444292968	2942
5.444293080	1514
5.444309380	86
5.444332165	86
5.520701804	2942
5.520702051	2942
5.520702119	2942
5.520779083	86
5.522458963	2942
5.522532243	86
5.525580086	2942
5.525655213	86
5.531674447	2942
5.531674669	2942
5.531751404	86
5.532775044	2942
5.532849818	86
5.543240943	2942
5.543241223	2942
5.543241313	2942
5.543318815	86
5.544607055	2942
5.544607301	2942
5.544607385	2942
5.544607455	2942
5.544650007	2942
5.544650163	2942
5.544650235	2942
5.544650305	2942
5.544670045	2942
5.544670137	2942
5.544686055	86
5.544708955	86
5.621071059	2942
5.621071304	2942
5.621104076	98
5.622798726	2942
5.622822304	98
5.625897471	2942
5.625921351	98
5.632010037	2942
5.632010259	2942
5.633116391	2942
5.633146241	98
5.643615705	2942
5.643615948	2942
5.643616018	2942
5.643616085	1514
5.644748222	98
5.644979168	2942
5.644979390	2942
5.644979458	2942
5.644979528	2942
5.645017758	2942
5.645017898	2942
5.645017970	2942
5.645018040	2942
5.645037250	2942
5.645037347	2942
5.646125277	98
5.721399294	2942
5.721399542	2942
5.722546303	98
5.723072397	2942
5.723097944	86
5.726207682	1514
5.733424702	2942
5.733448899	86
5.733424947	2942
5.733499304	86
5.745044480	2942
5.745044745	2942
5.745044815	1514
5.745117974	86
5.746381765	2942
5.746381988	2942
5.746382055	2942
5.746382125	2942
5.746422165	2942
5.746422295	4370
5.746422383	1514
5.746459167	86
5.822820879	2942
5.822821124	2942
5.822895896	86
5.823305188	2942
5.823378222	86
5.833737647	2942
5.833737920	2942
5.833811369	86
5.845407605	2942
5.845407875	2942
5.845407948	2942
5.845482302	86
5.846738561	2942
5.846738783	2942
5.846738853	2942
5.846738921	2942
5.846780168	2942
5.846780303	2942
5.846780373	2942
5.846780440	1514
5.846818437	86
5.923150534	2942
5.923150759	2942
5.923228069	86
5.923576821	2942
5.923651676	86
5.934103477	2942
5.934103720	2942
5.934103790	1514
5.934179789	86
5.945772953	2942
5.945773255	2942
5.945773325	2942
5.945850542	86
5.947108443	2942
5.947108666	2942
5.947108733	2942
5.947108803	2942
5.947148865	2942
5.947148988	2942
5.947149075	2942
5.947149145	1514
5.947190097	86
6.023519742	2942
6.023519964	2942
6.023595649	86
6.023860629	2942
6.023937279	86
6.034439700	2942
6.034439947	2942
6.034440015	2942
6.034518037	86
6.046144460	2942
6.046144710	2942
6.046144783	2942
6.046223992	86
6.047482366	2942
6.047482588	2942
6.047482656	2942
6.047482726	2942
6.047525738	2942
6.047525858	2942
6.047525925	2942
6.047525995	1514
6.047562158	86
6.123859322	2942
6.123859545	2942
6.123935834	86
6.124140597	2942
6.124215302	86
6.134767733	2942
6.134767978	2942
6.134768048	2942
6.134843945	86
6.146445301	2942
6.146445598	2942
6.146445666	2942
6.146522540	86
6.147855325	2942
6.147855551	2942
6.147855618	2942
6.147855688	2942
6.147896985	2942
6.147897138	2942
6.147897208	2942
6.147897278	2942
6.147936898	86
6.224161620	2942
6.224161865	2942
6.224236989	86
6.224364811	2942
6.224437938	86
6.246800978	2942
6.246801238	2942
6.246801308	2942
6.246801378	2942
6.246843063	2942
6.246843206	2942
6.246878560	86
6.248199231	2942
6.248199456	2942
6.248199523	2942
6.248199593	2942
6.248241655	2942
6.248241811	2942
6.248241878	2942
6.248241948	2942
6.248261775	1514
6.248279355	86
6.288525131	86
6.324483678	2942
6.324483923	2942
6.324545815	2942
6.324567515	86
6.347150554	2942
6.347150791	2942
6.347150864	2942
6.347150931	2942
6.347193296	2942
6.347193451	2942
6.347227170	86
6.348537111	2942
6.348537338	2942
6.348537428	2942
6.348537496	2942
6.348579321	2942
6.348579471	2942
6.348579541	2942
6.348579611	2942
6.348616780	86
6.388773989	2942
6.388849546	86
6.424857315	2942
6.424857563	2942
6.424857633	2942
6.424936485	86
6.447524026	2942
6.447524251	2942
6.447524319	2942
6.447524389	2942
6.447564998	2942
6.447565158	2942
6.447601503	86
6.448886391	2942
6.448886624	4370
6.448886691	2942
6.448886761	2942
6.448929563	2942
6.448929698	2942
6.448929766	2942
6.448929836	2942
6.448966006	86
6.489104465	2942
6.489180247	86
6.525227450	2942
6.525227695	2942
6.525227765	2942
6.525305427	86
6.547868449	2942
6.547868684	2942
6.547868754	2942
6.547868821	2942
6.547909253	2942
6.547909393	2942
6.547947836	86
6.549253614	2942
6.549253836	2942
6.549253904	2942
6.549253974	2942
6.549297756	2942
6.549297899	4370
6.549297971	2942
6.549298041	2942
6.549333976	86
6.589467025	2942
6.589541932	86
6.625599705	2942
6.625599943	2942
6.625600010	2942
6.625600080	2942
6.625678047	86
6.648204354	2942
6.648204592	2942
6.648204664	2942
6.648204732	2942
6.648244941	2942
6.648245081	2942
6.648281331	86
6.649630551	2942
6.649630774	2942
6.649630841	2942
6.649630911	2942
6.649673501	2942
6.649673628	2942
6.649673698	2942
6.649673768	2942
6.649692346	1514
6.649710183	86
6.689827860	2942
6.689852225	86
6.725964788	2942
6.725989258	86
6.725965025	2942
6.725965093	2942
6.725965163	2942
6.726044012	86
6.748533152	2942
6.748533412	2942
6.748533499	2942
6.748533569	2942
6.748576814	2942
6.748576949	2942
6.748611869	86
6.750006964	2942
6.750007189	2942
6.750007256	2942
6.750007326	2942
6.750047708	2942
6.750047841	2942
6.750047914	2942
6.750047983	2942
6.750085206	86
6.790100856	2942
6.790101080	2942
6.790160640	86
6.826261904	2942
6.826262124	4370
6.826262194	2942
6.826325103	86
6.848863225	2942
6.848863462	2942
6.848863532	2942
6.848863600	2942
6.848917637	2942
6.848917799	2942
6.848927222	86
6.848947687	86
6.850352269	2942
6.850352489	2942
6.850352559	2942
6.850352629	2942
6.850408243	2942
6.850415823	86
6.850408411	2942
6.850408543	2942
6.850408659	2942
6.850438896	86
6.890424753	2942
6.890424976	2942
6.890425043	2942
6.890491280	86
6.926632488	2942
6.926632708	2942
6.926632776	2942
6.926632846	1514
6.926695828	86
6.949226472	2942
6.949226705	2942
6.949226775	2942
6.949226845	2942
6.949282167	2942
6.949282332	2942
6.949291727	86
6.949312697	86
6.950675772	2942
6.950675992	2942
6.950676062	2942
6.950676132	2942
6.950731694	2942
6.950731856	2942
6.950740539	86
6.950731961	2942
6.950732071	2942
6.950767506	86
6.990747731	2942
6.990747974	2942
6.990748044	2942
6.990810611	86
7.026988929	2942
7.026989171	2942
7.026989241	2942
7.027066241	86
7.049585782	2942
7.049586005	2942
7.049586072	1514
7.049586142	2942
7.049586210	2942
7.049633792	2942
7.049633935	2942
7.049666374	86
7.051036829	2942
7.051037049	2942
7.051037119	2942
7.051037187	2942
7.051078814	2942
7.051078959	2942
7.051079046	2942
7.051079116	2942
7.051116051	86
7.091094734	2942
7.091094976	2942
7.091095046	2942
7.091171833	86
7.127356011	2942
7.127356256	2942
7.127389461	98
7.149954650	2942
7.149978742	98
7.149954882	2942
7.149996897	98
7.149954952	2942
7.149955022	2942
7.150015652	4370
7.150015762	2942
7.151137429	98
7.151563193	2942
7.151563413	2942
7.151563481	2942
7.151563551	2942
7.151603528	2942
7.151603678	2942
7.151603748	2942
7.151603818	2942
7.152713502	98
7.191443264	2942
7.191443482	2942
7.191443552	2942
7.192574146	98
7.227684629	2942
7.227684876	2942
7.228816976	98
7.250260903	2942
7.250286678	86
7.250261148	1514
7.253010618	2942
7.253035255	86
7.253010835	2942
7.253010905	2942
7.253010973	2942
7.253069062	2942
7.253069175	2942
7.253069245	2942
7.253069315	2942
7.253089772	86
7.253113677	86
7.292849634	2942
7.292849854	2942
7.292849922	2942
7.292927831	86
7.329109909	2942
7.329110151	2942
7.329185558	86
7.350560181	2942
7.350634693	86
7.353328073	2942
7.353328293	2942
7.353328381	2942
7.353328451	2942
7.353369265	2942
7.353369408	2942
7.353369478	2942
7.353369548	2942
7.353407173	86
7.393208202	2942
7.393208419	2942
7.393208489	2942
7.393286144	86
7.429460186	2942
7.429460426	2942
7.429460496	2942
7.429537811	86
7.450922691	2942
7.450998375	86
7.453652554	4370
7.453652786	2942
7.453652856	2942
7.453652926	2942
7.453694761	2942
7.453694893	2942
7.453694983	2942
7.453731536	86
7.493578899	2942
7.493579119	2942
7.493579187	2942
7.493655249	86
7.529826552	2942
7.529826769	2942
7.529826839	2942
7.529826907	2942
7.529906566	86
7.551279693	2942
7.551355723	86
7.554022871	2942
7.554023076	2942
7.554023144	2942
7.554023214	2942
7.554066343	2942
7.554066491	2942
7.554066558	2942
7.554066628	1514
7.554102361	86
7.593899777	2942
7.593899995	2942
7.593900065	2942
7.593976369	86
7.630198417	2942
7.630198649	2942
7.630198719	2942
7.630198789	2942
7.630279436	86
7.651645564	2942
7.651723135	86
7.654399474	2942
7.654399721	2942
7.654399809	2942
7.654399876	2942
7.654441511	2942
7.654441663	2942
7.654441731	2942
7.654441801	2942
7.654479813	86
7.694264640	2942
7.694264857	2942
7.694264927	2942
7.694344262	86
7.730564539	2942
7.730564782	2942
7.730564849	2942
7.730564919	1514
7.730643566	86
7.751997709	2942
7.752073326	86
7.754777916	2942
7.754778136	2942
7.754778204	2942
7.754778274	2942
7.754821678	2942
7.754821796	2942
7.754821866	2942
7.754821933	2942
7.754857713	86
7.794636135	2942
7.794636367	2942
7.794636457	2942
7.794636527	2942
7.794715142	86
7.830917482	2942
7.830917709	2942
7.830917799	2942
7.830995546	86
7.852324531	2942
7.852399951	86
7.855156066	2942
7.855156286	2942
7.855156356	2942
7.855156424	2942
7.855198211	2942
7.855198371	4370
7.855198441	2942
7.855198511	2942
7.855236460	86
7.894994290	2942
7.894994522	2942
7.894994592	2942
7.894994662	2942
7.895075164	86
7.931285777	2942
7.931285997	2942
7.931286067	2942
7.931363806	86
7.952687424	2942
7.952762991	86
7.955535389	2942
7.955535609	2942
7.955535676	2942
7.955535746	2942
7.955579868	2942
7.955580033	2942
7.955580103	2942
7.955580173	2942
7.955614678	86
7.995370387	2942
7.995370607	2942
7.995370697	2942
7.995370765	1514
7.995370837	2942
7.995449967	86
8.031656674	2942
8.031656917	2942
8.031656987	2942
8.031735476	86
8.053049234	2942
8.053126541	86
8.055881711	2942
8.055881931	2942
8.055881999	2942
8.055882069	2942
8.055923366	2942
8.055923503	2942
8.055923573	2942
8.055923666	2942
8.055962801	86
8.095745740	2942
8.095745972	2942
8.095746062	2942
8.095746132	2942
8.095786407	2942
8.095823622	86
8.132020822	2942
8.132021064	2942
8.132021132	2942
8.132099719	86
8.153413687	2942
8.153490206	86
8.156225872	4370
8.156226089	2942
8.156226159	2942
8.156226226	2942
8.156267624	2942
8.156267771	2942
8.156267859	2942
8.156306853	86
8.196119537	2942
8.196119770	2942
8.196119860	2942
8.196119927	2942
8.196159839	2942
8.196197332	86
8.232368225	2942
8.232368467	2942
8.232368535	2942
8.232447579	86
8.253764307	2942
8.253839946	86
8.256605894	2942
8.256606111	2942
8.256606181	2942
8.256606249	2942
8.256647204	2942
8.256647349	2942
8.256647416	4370
8.256686393	86
8.296481065	2942
8.296481297	2942
8.296481385	2942
8.296481455	2942
8.296528085	2942
8.296568384	86
8.332721010	2942
8.332721230	2942
8.332721317	2942
8.332797664	86
8.354109755	2942
8.354185269	86
8.356984429	2942
8.356984654	2942
8.356984721	2942
8.356984791	2942
8.357027679	2942
8.357027829	2942
8.357027896	2942
8.357027966	2942
8.357064988	86
8.396841072	2942
8.396841292	2942
8.396841360	2942
8.396841430	2942
8.396881877	4370
8.396921372	86
8.433087780	2942
8.433088020	2942
8.433088110	2942
8.433166467	86
8.454459420	2942
8.454537054	86
8.457346604	2942
8.457346821	2942
8.457346891	2942
8.457346959	2942
8.457389956	2942
8.457390111	2942
8.457390179	2942
8.457390249	2942
8.457427341	86
8.497209873	2942
8.497210093	2942
8.497210160	2942
8.497210230	2942
8.497250392	2942
8.497287352	86
8.533441295	2942
8.533441535	2942
8.533441605	2942
8.533518772	86
8.554827375	2942
8.554827620	1514
8.554903022	86
8.557719152	2942
8.557719372	2942
8.557719439	2942
8.557719509	2942
8.557760739	2942
8.557760891	2942
8.557760964	2942
8.557783036	98
8.597579037	2942
8.597602985	98
8.597579257	2942
8.597621857	98
8.597579325	2942
8.597579395	2942
8.597640855	2942
8.598761946	98
8.633808710	2942
8.633808960	2942
8.633809030	2942
8.634956212	98
8.655192757	2942
8.656337927	98
8.658047717	2942
8.658047939	2942
8.658048007	2942
8.658048077	2942
8.658085061	2942
8.658085179	4370
8.658085267	2942
8.659179153	98
8.689777987	1514
8.689802204	98
8.697880508	1514
8.697905808	86
8.697880753	2942
8.697966445	86
8.699050487	2942
8.699050710	2942
8.699127059	86
8.735252397	2942
8.735252647	2942
8.735329917	86
8.756589223	2942
8.756666520	86
8.759459299	2942
8.759459522	2942
8.759459589	2942
8.759459659	2942
8.759499926	2942
8.759538949	86
8.790085042	1514
8.798195413	4370
8.798270103	86
8.799392960	2942
8.799393182	2942
8.799470069	86
8.835618337	2942
8.835618560	2942
8.835692379	86
8.856948728	2942
8.857025329	86
8.859834469	2942
8.859834689	2942
8.859834759	4370
8.859834827	2942
8.859876499	2942
8.859913766	86
8.898558911	2942
8.898559156	2942
8.898636068	86
8.899751053	2942
8.899751275	2942
8.899828917	86
8.935964437	2942
8.935964682	2942
8.936040144	86
8.957306040	2942
8.957381620	86
8.960180969	2942
8.960181192	2942
8.960181262	2942
8.960181329	2942
8.960224834	2942
8.960224987	2942
8.960260661	86
8.998903504	2942
8.998903749	2942
8.998980828	86
9.000089078	2942
9.000089300	2942
9.000166117	86
9.036328173	2942
9.036328395	2942
9.036328463	1514
9.036405374	86
9.057673760	2942
9.057748600	86
9.060549132	2942
9.060549377	2942
9.060549447	2942
9.060549514	2942
9.060590339	2942
9.060590499	2942
9.060626884	86
9.099253894	2942
9.099254121	2942
9.099331688	86
9.100383048	2942
9.100383271	2942
9.100461243	86
9.136696795	2942
9.136697040	2942
9.136697108	2942
9.136775827	86
9.158034575	2942
9.158112172	86
9.160920270	2942
9.160920520	2942
9.160920610	2942
9.160920677	2942
9.160961107	2942
9.160961257	2942
9.160999074	86
9.199621299	2942
9.199621521	4370
9.199698853	86
9.200716388	2942
9.200716614	2942
9.200791933	86
9.237068208	2942
9.237068452	2942
9.237068520	2942
9.237145160	86
9.258348986	2942
9.258424328	86
9.261291654	2942
9.261291904	2942
9.261291977	2942
9.261292044	2942
9.261332577	2942
9.261332709	2942
9.261370996	86
9.299958827	2942
9.299959072	2942
9.299959142	2942
9.300038841	86
9.301066626	2942
9.301066851	2942
9.301143116	86
9.337433655	2942
9.337433903	2942
9.337433993	2942
9.337511072	86
9.358667579	2942
9.358743481	86
9.361661652	4370
9.361661905	2942
9.361661977	2942
9.361662045	2942
9.361702352	2942
9.361742626	86
9.400333042	2942
9.400333277	2942
9.400333344	2942
9.400333414	2942
9.400410999	86
9.401412166	2942
9.401412394	2942
9.401487393	86
9.437778663	2942
9.437778910	2942
9.437778978	2942
9.437856537	86
9.459028704	2942
9.459104593	86
9.461983062	2942
9.461983310	2942
9.461983377	2942
9.461983447	2942
9.462023872	2942
9.462060797	86
9.500700152	2942
9.500700374	2942
9.500700442	4370
9.500700512	2942
9.500779444	86
9.501701810	2942
9.501702032	2942
9.501777391	86
9.538099826	2942
9.538100071	2942
9.538100141	2942
9.538178188	86
9.559388199	2942
9.559465818	86
9.562338853	2942
9.562339075	2942
9.562339143	2942
9.562339213	2942
9.562380072	2942
9.562416262	86
9.601062589	2942
9.601062812	2942
9.601062879	2942
9.601062949	2942
9.601103246	2942
9.601143376	86
9.602047572	2942
9.602047795	2942
9.602124667	86
9.638457976	2942
9.638458223	2942
9.638458293	1514
9.638535970	86
9.659727289	2942
9.659804626	86
9.662692430	2942
9.662692663	2942
9.662692730	2942
9.662692800	2942
9.662732730	2942
9.662773115	86
9.701421657	2942
9.701421892	2942
9.701421962	2942
9.701422029	2942
9.701463704	2942
9.701501506	86
9.702395437	2942
9.702395660	2942
9.702470657	86
9.738827948	2942
9.738828193	2942
9.738828263	2942
9.738906653	86
9.760065782	2942
9.760141809	86
9.763060740	2942
9.763060963	2942
9.763061033	2942
9.763061100	2942
9.763101180	2942
9.763140785	86
9.801794925	4370
9.801795159	2942
9.801795229	2942
9.801795297	2942
9.801835454	2942
9.801876689	86
9.802688708	2942
9.802688930	2942
9.802764515	86
9.839201338	2942
9.839201586	2942
9.839201656	2942
9.839277540	86
9.860368310	2942
9.860443722	86
9.863429673	2942
9.863429895	2942
9.863429963	2942
9.863430033	2942
9.863470727	2942
9.863508900	86
9.902170764	2942
9.902170987	2942
9.902171054	2942
9.902171124	2942
9.902210609	2942
9.902250951	86
9.902998343	2942
9.902998566	4370
9.903074538	86
9.939571221	2942
9.939571468	2942
9.939571538	2942
9.939648460	86
9.960714238	2942
9.960790087	86
9.963802090	2942
9.963802313	2942
9.963802383	2942
9.963802450	2942
9.963843192	2942
9.963877775	86
10.002544709	2942
10.002544932	2942
10.002544999	2942
10.002545069	2942
10.002585412	2942
10.002624871	86
10.003364464	2942
10.003364686	2942
10.003441385	86
10.039935998	2942
10.039936236	2942
10.039936306	2942
10.039936376	2942
10.040015018	86
10.061072733	2942
10.061150100	86
10.064141328	1514
10.064141550	2942
10.064141618	2942
10.064141688	2942
10.064141755	2942
10.064218527	86
10.102905287	2942
10.102905522	2942
10.102905592	2942
10.102905659	2942
10.102945474	2942
10.102983754	86
10.103682776	2942
10.103683001	2942
10.103756198	86
10.140302003	2942
10.140302238	2942
10.140302308	2942
10.140302376	2942
10.140379953	86
10.161432253	2942
10.161508210	86
10.164493603	2942
10.164493828	2942
10.164493896	2942
10.164493966	2942
10.164534323	2942
10.164572720	86
10.203275452	2942
10.203275675	4370
10.203275767	2942
10.203275835	2942
10.203354996	86
10.204007769	2942
10.204007992	2942
10.204080844	86
10.240672764	2942
10.240672998	2942
10.240673068	2942
10.240673136	2942
10.240751325	86
10.261755106	2942
10.261830837	86
10.264867828	2942
10.264868093	2942
10.264868181	2942
10.264868251	2942
10.264907918	2942
10.264946078	86
10.303651097	2942
10.303651334	2942
10.303651402	2942
10.303651472	2942
10.303693082	2942
10.303729881	86
10.304340212	2942
10.304340434	2942
10.304415886	86
10.341043108	4370
10.341043353	2942
10.341043448	2942
10.341122688	86
10.362066359	2942
10.362143898	86
10.365236503	2942
10.365236723	2942
10.365236793	2942
10.365236861	2942
10.365276593	2942
10.365314565	86
10.404020954	2942
10.404021172	2942
10.404021242	2942
10.404021310	2942
10.404065447	2942
10.404065582	2942
10.404102514	86
10.404638872	2942
10.404639092	2942
10.404711207	86
10.441411943	2942
10.441412186	2942
10.441412253	2942
10.441490810	86
10.462412741	2942
10.462488518	86
10.465606276	2942
10.465606496	4370
10.465606563	2942
10.465606633	2942
10.465646933	2942
10.465685500	86
10.502725427	87
10.502820561	86
10.502877628	87
10.504991203	2942
10.505027587	74
10.504991423	2942
10.505050495	74
10.504991490	2942
10.505060597	74
10.504991560	2942
10.505068534	74
10.505075380	2942
10.505081814	74
10.505075482	2942
10.505090354	74
10.505075570	2942
10.505098202	74
10.505075642	2942
10.505106042	74
10.541744461	2942
10.541767618	74
10.541744681	2942
10.541787591	74
10.541744769	2942
10.541800678	74
10.562775096	2942
10.562799216	74
10.565940331	2942
10.565963886	74
10.565940553	2942
10.565983971	74
10.565940641	2942
10.565997056	74
10.565940711	2942
10.566006496	74
10.566012683	2942
10.566019183	74
10.603076184	1514
10.603077572	86
10.603099254	74
10.603143116	90
10.603143344	372
10.603216041	86
10.603308130	90
10.603320775	412
10.603330570	87
10.703578493	86
10.703578743	87
10.703578818	86
10.703680790	86
10.803831142	86
