0.000000000	87
0.010292428	86
0.010292733	90
0.010292803	210
0.010397112	86
0.010457914	87
0.020702555	94
0.020737472	94
0.030991033	86
0.030991263	123
0.031044298	86
0.032186209	87
0.032206724	87
0.042435563	86
0.042439480	2942
0.042465545	86
0.042439703	2942
0.042487325	86
0.042439770	2942
0.042501445	86
0.042439840	2942
0.042511170	2942
0.042521777	86
0.042539230	86
0.052744326	2942
0.052768850	86
0.052744548	2942
0.052790255	86
0.052744620	2942
0.052803138	86
0.052744688	2942
0.052811887	86
0.052820793	4370
0.052828443	86
0.052820897	4370
0.052836902	86
0.052820970	4370
0.052844960	86
0.052849645	4370
0.052861425	86
0.063070313	2942
0.063095108	86
0.063070531	5798
0.063117105	86
0.063070598	5798
0.063136000	7226
0.063136105	7226
0.063150760	5798
0.063152105	86
0.063150858	10082
0.063162908	10082
0.063162995	2942
0.063170010	86
0.063178592	86
0.063184855	86
0.073384858	5798
0.073410816	86
0.073385076	2942
0.073432600	86
0.073385146	17222
0.073448368	86
0.073456985	14366
0.073466848	86
0.073474975	17222
0.073486323	86
0.075035194	14366
0.075062909	86
0.078615196	21506
0.078651153	86
0.080317423	10082
0.080349785	86
0.082305184	11510
0.082338186	86
0.084210250	11510
0.084242382	86
0.085654939	8654
0.085687159	86
0.090064230	25790
0.090104897	86
0.090993936	5798
0.091025098	86
0.095834818	28646
0.095872071	86
0.096323747	2942
0.096354449	86
0.101627754	31502
0.101661089	86
0.106538003	28646
0.106570323	86
0.107243408	4370
0.107268670	86
0.113294529	35786
0.113328266	86
0.117194513	22934
0.117225443	86
0.118156791	5798
0.118182791	86
0.124454658	37214
0.124546155	86
0.131247051	40070
0.131288434	98
0.135359764	24362
0.135388607	98
0.142143282	40070
0.142176362	98
0.146259248	24362
0.146288388	98
0.152558925	37214
0.153229455	98
0.157162276	27218
0.157813566	98
0.163437626	37214
0.164094843	98
0.168002985	27218
0.168654288	98
0.174090666	35786
0.174750506	98
0.179891164	34358
0.180561777	106
0.183328269	20078
0.183995812	106
0.185030857	10082
0.185672245	106
0.190845107	34358
0.191496552	106
0.195974330	30074
0.196621165	106
0.199121207	18650
0.199152457	106
0.202244934	18650
0.202273954	106
0.205176181	17222
0.205203658	106
0.208043140	17222
0.208270143	1514
0.208689698	114
0.211216255	17222
0.211867630	114
0.212372131	7226
0.213023301	114
0.215349382	17222
0.215821508	2942
0.215994592	114
0.218707578	17222
0.219195754	2942
0.219353856	114
0.220162107	5798
0.220807995	114
0.222857537	15794
0.223315029	2942
0.223504445	114
0.225972285	15794
0.226621118	114
0.227699557	10082
0.228372155	114
0.229881057	12938
0.230529812	114
0.230546034	4370
0.231204395	114
0.232245462	10082
0.232892580	114
0.233955835	10082
0.234618830	114
0.235649097	10082
0.236293448	114
0.238122574	14366
0.238771047	114
0.239979926	11346
0.240627454	114
0.241456975	8654
0.241487252	106
0.243178903	10082
0.243204500	98
0.245605003	14366
0.245633435	98
0.245765271	1514
0.245793461	86
0.253507395	8654
0.253534005	86
0.253507613	8654
0.253556740	86
0.253566090	1678
0.253574355	86
0.253566225	8654
0.253585662	8654
0.253585767	4370
0.253596737	86
0.253613302	86
0.253620144	98
0.255893978	4370
0.255918388	98
0.255946258	8654
0.255963933	98
0.256223318	8654
0.256248995	98
0.257750792	8654
0.257775784	98
0.258451209	4370
0.258475614	98
0.259929141	8654
0.259954789	98
0.261328584	8654
0.261353708	98
0.262825515	8654
0.262849325	98
0.264242737	8654
0.264268735	98
0.265704734	8654
0.265730134	98
0.267174516	8654
0.267200251	98
0.268627768	8654
0.268653783	98
0.269322153	4370
0.269346486	98
0.270788070	8654
0.270813983	98
0.272213997	8654
0.272240000	98
0.273694989	8654
0.273720652	98
0.275192716	8654
0.275218695	98
0.276623590	8654
0.276648920	106
0.278096590	8654
0.278122324	106
0.279527014	8654
0.279552104	114
0.280954594	8654
0.280980364	114
0.282434453	8654
0.282460573	114
0.283873613	8654
0.283898935	114
0.285363574	8654
0.285389552	114
0.286810541	8654
0.286836554	114
0.287500106	4370
0.287524239	114
0.288947986	8654
0.288974361	114
0.290430198	8654
0.290455957	114
0.291877620	8654
0.291903375	114
0.293334847	8654
0.293361179	114
0.294803319	8654
0.294828996	114
0.295496361	4370
0.295520896	114
0.296944363	8654
0.296979238	114
0.298405060	8654
0.298432650	114
0.298918106	2942
0.298942631	114
0.299633591	4370
0.299657856	114
0.300374311	4370
0.300400461	114
0.300832435	2942
0.300858477	114
0.301074038	1514
0.301100763	114
0.301830375	4370
0.301854715	114
0.303709057	11510
0.303735981	114
0.304208318	2942
0.304232328	114
0.305441954	7226
0.305467346	114
0.306375802	5798
0.306400729	114
0.307140797	4370
0.307165686	114
0.307358163	1514
0.307381772	114
0.308357013	5798
0.308382243	114
0.309273239	5798
0.309298051	114
0.310509052	7226
0.310534470	114
0.311460515	5798
0.311487413	114
0.311952492	2942
0.311976592	114
0.312941285	5798
0.312966054	114
0.313917907	5798
0.313943137	114
0.314908523	5798
0.314933340	114
0.315831656	5798
0.315857881	114
0.316365340	2942
0.316393999	114
0.316829216	2942
0.316852991	114
0.317549704	4370
0.317576141	114
0.317780689	1514
0.317804419	114
0.318782462	5798
0.318807370	114
0.318956204	1514
0.318978801	114
0.319968964	5798
0.319993869	114
0.320909309	5798
0.320935679	114
0.321395438	2942
0.321421751	114
0.321881535	2942
0.321905365	114
0.322865848	5798
0.322890760	114
0.323360792	2942
0.323384284	114
0.323579510	1514
0.323603155	114
0.325018737	8654
0.325045844	114
0.326468942	8654
0.326497071	106
0.327970131	8654
0.327995561	106
0.329419940	8654
0.329444690	106
0.330829000	8654
0.330854520	106
0.331556125	4370
0.331580729	106
0.332803951	7226
0.332828428	106
0.333010299	1514
0.333035079	106
0.334487876	8654
0.334513651	106
0.334952775	2942
0.334976812	106
0.337173136	12938
0.337205449	98
0.338580249	8654
0.338605156	98
0.339107100	2942
0.339132180	98
0.339329633	1514
0.339352293	98
0.341047261	10082
0.341073128	98
0.341991139	5798
0.342015439	98
0.342453916	2942
0.342478220	98
0.343667769	7226
0.343693509	98
0.344673350	5798
0.344698282	98
0.345406377	4370
0.345430777	98
0.345638538	1514
0.345660773	98
0.345877969	1514
0.345901451	98
0.346577653	4370
0.346602008	98
0.347523824	5798
0.347547209	98
0.348736590	7226
0.348762670	98
0.350253219	8654
0.350278417	98
0.351221790	5798
0.351246587	98
0.352206770	5798
0.352231662	98
0.353160293	5798
0.353184836	98
0.354356867	7226
0.354384799	86
0.355315875	5798
0.355342987	86
0.355817571	2942
0.355842289	86
0.356261701	2942
0.356290615	86
0.356997378	4370
0.357022465	86
0.357989563	5798
0.358015088	86
0.358200214	1514
0.358227606	86
0.358446785	1514
0.358470985	86
0.359399735	5798
0.359417548	86
0.360367566	5798
0.360396198	86
0.360865792	2942
0.360894405	86
0.362331829	8654
0.362356172	98
0.362554872	1514
0.362567612	98
0.364000980	8654
0.364027117	98
0.365449682	8654
0.365475411	98
0.366954523	8654
0.366980933	98
0.368412050	8654
0.368438082	98
0.369856967	8654
0.369882952	98
0.370563192	4370
0.370588039	98
0.371802483	7226
0.371829310	98
0.372007642	1514
0.372032074	98
0.373466733	8654
0.373493251	98
0.374923768	8654
0.374949760	106
0.375195751	1514
0.375218633	106
0.376161254	5798
0.376186694	106
0.376405422	1514
0.376429160	106
0.377828397	8654
0.377858799	106
0.378555699	4370
0.378580116	106
0.378829855	1514
0.378854657	106
0.379805683	5798
0.379830925	106
0.380243062	2942
0.380268202	106
0.380989564	4370
0.381014389	106
0.381708181	4370
0.381732966	106
0.383196705	8654
0.383222595	106
0.384402287	7226
0.384428924	106
0.384867633	2942
0.384892218	106
0.385581198	4370
0.385605938	106
0.386331680	4370
0.386355672	106
0.387075305	4370
0.387099715	106
0.387791310	4370
0.387815719	106
0.388261864	2942
0.388286498	106
0.388489945	1514
0.388512992	106
0.388989026	2942
0.389013048	106
0.389702768	4370
0.389727113	106
0.389936556	1514
0.389959746	106
0.390671029	4370
0.390695471	106
0.391439236	4370
0.391462863	114
0.391915672	2942
0.391944967	106
0.392365702	2942
0.392389151	114
0.393375309	5798
0.393400046	114
0.393574450	1514
0.393597640	114
0.394580088	5798
0.394604773	114
0.395547273	5798
0.395572116	114
0.396275048	4370
0.396299835	114
0.397205031	5798
0.397229639	114
0.397440130	1514
0.397465115	114
0.397705665	1514
0.397728530	114
0.398692846	5798
0.398717906	114
0.399204657	2942
0.399228664	114
0.399623329	2942
0.399650666	106
0.400149175	2942
0.400173417	106
0.401123253	5798
0.401148393	106
0.401314194	1514
0.401337181	106
0.402569105	7226
0.402595425	106
0.403758361	7226
0.403783676	106
0.403985467	1514
0.404007990	106
0.404246145	1514
0.404269230	114
0.404713622	2942
0.404736817	114
0.405456207	4370
0.405480741	114
0.406188204	4370
0.406212581	114
0.407636998	8654
0.407662581	114
0.409080600	8654
0.409105213	114
0.409311311	1514
0.409333876	114
0.410794758	8654
0.410821038	114
0.411527938	4370
0.411552283	114
0.412267042	4370
0.412291692	114
0.412702654	2942
0.412726914	114
0.413475653	4370
0.413499828	114
0.413703997	1514
0.413727447	114
0.414398072	4370
0.414421857	114
0.415170379	4370
0.415197851	114
0.415854151	4370
0.415878956	114
0.416579641	4370
0.416606366	114
0.417110302	2942
0.417134377	114
0.417580534	2942
0.417608966	114
0.418539739	5798
0.418565447	114
0.419744970	7226
0.419769310	114
0.420702519	5798
0.420727206	114
0.420936714	1514
0.420960164	114
0.421453273	2942
0.421477045	114
0.422432994	5798
0.422457346	114
0.422920183	2942
0.422944555	114
0.423856461	5798
0.423880708	114
0.424363782	2942
0.424387722	114
0.424815129	2942
0.424839136	114
0.425100614	1514
0.425123401	114
0.425769482	4370
0.425792352	114
0.426051677	1514
0.426074180	114
0.426797344	4370
0.426821999	114
0.427745175	5798
0.427769537	114
0.427978708	1514
0.427993506	114
0.428232652	1514
0.428257401	114
0.428446290	1514
0.428473152	106
0.428917237	2942
0.428938869	106
0.429883927	5798
0.429906867	106
0.430864473	5798
0.430877737	106
0.431093038	1514
0.431104361	106
0.431848830	4370
0.431861865	98
0.432110291	1514
0.432121821	98
0.433034629	5798
0.433047582	98
0.433268645	1514
0.433280390	98
0.433805814	2942
0.433818306	98
0.434527261	4370
0.434539498	98
0.434976905	2942
0.434989047	98
0.435467502	2942
0.435479589	98
0.435944568	2942
0.435956590	98
0.436429059	2942
0.436441109	98
0.436677918	1514
0.436690288	98
0.437145624	2942
0.437157644	98
0.438384235	7226
0.438409510	98
0.439384518	5798
0.439409651	98
0.439588294	1514
0.439611629	98
0.440087721	2942
0.440111598	98
0.441025244	5798
0.441050014	98
0.441515340	2942
0.442159098	98
0.442522223	5798
0.442976920	2942
0.443159701	98
0.443457436	2942
0.443716582	1514
0.444089562	98
0.444423394	4370
0.444665015	1514
0.445054275	98
0.445431044	4370
0.446063190	98
0.446396755	5798
0.446629273	1514
0.446872117	1514
0.447026205	98
0.447099190	1514
0.447592429	2942
0.447613101	86
0.448069735	2942
0.448085580	86
0.449063068	5798
0.449078201	86
0.450029946	5798
0.450044738	86
0.450269314	1514
0.450283247	86
0.450517255	1514
0.450529152	98
0.450752463	1514
0.450764253	106
0.451240407	2942
0.451252987	106
0.451930685	4370
0.451943332	106
0.452429729	2942
0.452442353	106
0.452937037	2942
0.452949182	114
0.453430684	2942
0.453443256	114
0.453660050	1514
0.453672237	114
0.453902796	1514
0.453914473	114
0.454111399	1514
0.454123366	114
0.455318805	7226
0.455332335	114
0.455563974	1514
0.455575758	114
0.456080725	2942
0.456104864	114
0.457013895	5798
0.457038930	114
0.457521969	2942
0.457553319	114
0.458963676	8654
0.458989094	114
0.459722101	4370
0.459746520	114
0.460665774	5798
0.461308879	114
0.461435673	4370
0.462068806	114
0.462844616	8654
0.463476799	114
0.463804086	5798
0.464436519	114
0.464779794	5798
0.465414277	114
0.465772430	5798
0.466403520	114
0.466718828	5798
0.467222549	2942
0.467238846	114
0.467433470	1514
0.467448020	114
0.467679256	1514
0.467691926	114
0.467935784	1514
0.467949006	114
0.468428858	2942
0.468443683	106
0.468679428	1514
0.468692873	106
0.468930057	1514
0.468943771	98
0.469164215	1514
0.469176267	98
0.470132945	5798
0.470145868	98
0.470619232	2942
0.470632212	98
0.471101643	2942
0.471122266	86
0.471308759	1514
0.471321612	86
0.472294332	5798
0.472307862	86
0.473004304	4370
0.473028997	86
0.473992937	5798
0.474017980	86
0.474730095	4370
0.474755304	86
0.476172427	8654
0.476250294	86
0.477171672	5798
0.477248294	86
0.477895212	4370
0.477920161	86
0.478095777	1514
0.478109130	86
0.479068008	5798
0.479138043	86
0.480559035	8654
0.480629427	86
0.480804415	1514
0.481054566	1514
0.481066659	86
0.481255907	1514
0.481766181	2942
0.481829403	86
0.482003004	1514
0.482218030	1514
0.482230050	86
0.482466066	1514
0.483908000	8654
0.483940198	86
0.484875478	5798
0.484899483	86
0.485891114	5798
0.485955791	86
0.486845542	5798
0.486912089	86
0.487804260	5798
0.487871694	86
0.488808747	5798
0.488878862	86
0.489752573	5798
0.489821250	86
0.490725046	5798
0.490787993	86
0.491679039	5798
0.491746061	86
0.492661732	5798
0.492725917	86
0.493634240	5798
0.493698292	86
0.494603321	5798
0.494616073	98
0.495570341	5798
0.495584478	98
0.496555001	5798
0.496568526	98
0.497507917	5798
0.497522869	98
0.498477075	5798
0.498681298	1514
0.499112460	98
0.499667241	5798
0.500310686	98
0.500639382	5798
0.501285687	98
0.501605667	5798
0.502251570	98
0.502573523	5798
0.503219171	98
0.503821951	7226
0.504489246	98
0.505003622	7226
0.505649775	98
0.506251941	7226
0.506897726	98
0.506917249	4370
0.506937898	98
0.507203609	1514
0.507229801	86
0.507696583	2942
0.507721398	86
0.508396843	4370
0.508420265	98
0.509335729	4370
0.509359748	98
0.510502415	4370
0.510526915	98
0.511502748	4370
0.512145618	98
0.512419649	2942
0.513066172	98
0.513409869	1514
0.514053737	98
0.514673735	7226
0.515335188	98
0.515831487	7226
0.516496177	98
0.517091452	7226
0.517091675	4370
0.517740235	98
0.517898577	4370
0.518547552	98
0.518563787	4370
0.518585177	86
0.519543582	2942
0.519567912	86
0.520691714	2942
0.520716379	86
0.522327092	2942
0.522351354	86
0.523244393	1514
0.524204758	1514
0.524228528	86
0.526716260	5798
0.526716483	1514
0.526795514	86
0.527956029	7226
0.527956249	4370
0.528024596	86
0.528739440	4370
0.528739666	2942
0.528815215	86
0.529740261	2942
0.529812198	86
0.530939742	2942
0.531011749	86
0.532577575	2942
0.532652677	86
0.534454019	2942
0.534526276	86
0.536948394	2942
0.536948618	2942
0.536948686	2942
0.537024538	86
0.538181955	2942
0.538182180	2942
0.538182247	2942
0.538182317	2942
0.538262129	86
0.538990446	4370
0.538990669	4370
0.539068613	86
0.542827561	4370
0.542850806	98
0.544687778	2942
0.544711597	98
0.547229574	5798
0.547254151	98
0.548451065	4370
0.548451285	4370
0.548451355	4370
0.549102820	98
0.549253522	4370
0.549253744	4370
0.549895815	98
0.552988392	4370
0.553014234	86
0.557507049	1514
0.559391401	4370
0.559416538	86
0.559391618	4370
0.559391688	4370
0.559470135	86
0.560120128	5798
0.560120348	2942
0.560198572	86
0.563282580	2942
0.563356845	86
0.569647547	2942
0.569647769	2942
0.569647837	2942
0.569647907	2942
0.569688376	4370
0.569726756	86
0.570440301	2942
0.570440523	2942
0.570440593	2942
0.570514383	86
0.573619255	2942
0.573619480	1514
0.573692357	86
0.580019969	2942
0.580020191	2942
0.580020261	2942
0.580020329	2942
0.580060996	2942
0.580096488	86
0.580793818	2942
0.580794046	2942
0.580794116	2942
0.580868275	86
0.583959855	2942
0.583960078	2942
0.584017235	86
0.590379871	2942
0.590380091	2942
0.590380161	2942
0.590380231	2942
0.590421281	2942
0.590456233	86
0.591137221	2942
0.591137441	2942
0.591137511	2942
0.591210160	86
0.594288310	2942
0.594288535	2942
0.594361972	86
0.600701149	2942
0.600723974	98
0.600701366	2942
0.600745414	98
0.600701436	2942
0.600758684	98
0.600701506	2942
0.601414069	98
0.601432049	2942
0.601432244	2942
0.601432314	2942
0.602073486	98
0.604576268	2942
0.604576491	2942
0.605233174	98
0.610951477	2942
0.610951697	2942
0.610986959	86
0.610951767	1514
0.611615520	2942
0.611639747	86
0.615530609	2942
0.615555504	86
0.615530831	2942
0.615530901	2942
0.615530971	1514
0.615607641	86
0.621189463	2942
0.621189690	2942
0.621262825	86
0.621827176	2942
0.621827403	1514
0.621899638	86
0.625827307	2942
0.625827532	2942
0.625827599	2942
0.625867532	98
0.631469506	2942
0.631493558	98
0.631469729	2942
0.631512088	98
0.636152742	2942
0.636152962	2942
0.636153032	2942
0.636153102	2942
0.636795495	98
0.641766599	2942
0.641794061	86
0.646981283	2942
0.647006043	86
0.646981503	2942
0.646981571	2942
0.646981641	2942
0.647059416	86
0.652019172	2942
0.652095624	86
0.657178795	2942
0.657179019	2942
0.657179089	2942
0.657220392	98
0.657179157	1514
0.657239974	98
0.662271113	2942
0.662293375	98
0.667428065	2942
0.667428288	2942
0.667428383	2942
0.667428450	1514
0.667472888	98
0.677750363	1514
0.677776765	86
0.677750603	2942
0.677750670	2942
0.677750740	2942
0.677831400	86
0.688027301	4370
0.688027523	2942
0.688027591	1514
0.688069838	98
0.698360671	2942
0.698384778	98
0.698360896	2942
0.698404391	98
0.698360984	2942
0.699043049	98
0.708616954	2942
0.708643639	86
0.708617179	1514
0.709265625	2942
0.709289885	86
0.718932687	2942
0.718957119	86
0.719479206	2942
0.719503820	86
0.719479431	2942
0.719553727	86
0.729228192	2942
0.729302637	86
0.729736964	2942
0.729737186	2942
0.729812306	86
0.739588762	2942
0.739663392	86
0.740004887	2942
0.740005114	2942
0.740077479	86
0.749912913	2942
0.749988397	86
0.750304875	2942
0.750305097	2942
0.750378299	86
0.760203435	2942
0.760278412	86
0.760577688	2942
0.760577905	2942
0.760649562	86
0.770566615	2942
0.770642727	86
0.770852691	2942
0.770852918	2942
0.770884558	98
0.780925050	2942
0.780949038	98
0.781027849	2942
0.781051489	106
0.791241541	1514
0.791265735	106
0.791241748	1514
0.791288343	98
0.791241815	2942
0.791304482	86
0.801525071	2942
0.801549503	86
0.801525318	4370
0.801602500	86
0.811839951	2942
0.811840171	2942
0.811840261	2942
0.811919228	86
0.822165396	2942
0.822165616	2942
0.822165686	2942
0.822241733	86
0.832487444	2942
0.832487664	2942
0.832487732	2942
0.832564806	86
0.842851456	2942
0.842851676	2942
0.842851744	2942
0.842928073	86
0.853168219	2942
0.853168439	2942
0.853168507	2942
0.853168577	2942
0.853246908	86
0.863542839	2942
0.863565846	98
0.863543059	2942
0.863585886	98
0.863543126	2942
0.863601416	98
0.873866077	2942
0.873893011	86
0.873866304	1514
0.884160962	2942
0.884185587	86
0.884161207	2942
0.884237726	86
0.894474365	2942
0.894474585	2942
0.894474652	2942
0.894551357	86
0.904817215	2942
0.904817457	2942
0.904817525	2942
0.904894104	86
0.915186082	2942
0.915186287	2942
0.915186357	2942
0.915263839	86
0.925544280	2942
0.925544497	2942
0.925544567	2942
0.925544637	2942
0.925621224	86
0.935910714	2942
0.935910937	2942
0.935911007	2942
0.935911077	2942
0.936008811	86
0.946281507	2942
0.946281714	2942
0.946315279	98
0.946281782	2942
0.946337284	98
0.956575122	2942
0.956599769	98
0.956575345	2942
0.956575412	1514
0.956629792	98
0.966889140	1514
0.966915332	86
0.966889357	4370
0.966889427	1514
0.966970684	86
0.977171743	1514
0.977171963	2942
0.977172030	2942
0.977172100	1514
0.977249637	86
0.987539368	2942
0.987539588	2942
0.987539678	1514
0.987579780	98
0.997851203	2942
0.997875080	98
0.997851430	2942
0.997895418	98
1.008129101	1514
1.008156138	86
1.008129346	4370
1.008210890	86
1.018447821	1514
1.018448044	2942
1.018481568	98
1.028745662	2942
1.028769569	98
1.037062319	1514
1.037086276	98
1.039049617	1514
1.039075584	86
1.039049844	1514
1.047369124	1514
1.047392936	86
1.049321070	1514
1.057639307	2942
1.057714704	86
1.097044566	1514
1.097066791	98
1.107348034	1514
1.107372919	98
1.117640212	1514
1.117664642	98
1.127947520	1514
1.127970055	98
1.138246170	1514
1.138272338	86
1.148537463	1514
1.177042629	1514
1.177064547	98
1.187356429	1514
1.187378782	106
1.197050107	1514
1.197076021	98
1.197557353	1514
1.197583458	86
1.207365132	1514
1.207820196	1514
1.207843703	86
1.218130209	4370
1.218207291	86
1.228448724	4370
1.228526901	86
1.238813389	4370
1.238889591	86
1.249150436	2942
1.249224266	86
1.259509681	4370
1.259532449	98
1.269786079	1514
1.269812674	86
1.269786309	1514
1.309062542	1514
1.309084402	98
1.319372190	2942
1.319396510	98
1.329655975	1514
1.329682413	86
1.329656201	1514
1.371992936	86
1.373045291	1514
1.373067086	98
1.383332609	1514
1.383361084	86
1.393613042	2942
1.393639737	86
1.437057552	1514
1.479998901	86
1.490287969	2942
1.490344716	86
1.500569867	2942
1.500626394	86
1.510911379	2942
1.510986526	86
1.521231434	2942
1.521231662	2942
1.521308201	86
1.531601317	2942
1.531601542	2942
1.531677846	86
1.541944587	2942
1.541967254	98
1.552232347	2942
1.552256830	98
1.560988151	1514
1.561012319	98
1.571298239	1514
1.571324587	86
1.571298467	1514
1.581590519	1514
1.581614744	86
1.591899512	1514
1.591899740	1514
1.591931964	98
1.602217037	2942
1.602240985	98
1.612520048	1514
1.612547053	86
1.612520295	1514
1.622830646	1514
1.622854473	86
1.633113339	2942
1.633189658	86
1.643473721	2942
1.643548473	86
1.653774731	2942
1.653774951	2942
1.653852821	86
1.664078112	2942
1.664101536	98
1.674388032	2942
1.674412112	98
1.684667235	2942
1.684694377	86
1.694982598	4370
1.695007537	86
1.725051442	1514
1.767992861	86
1.778280444	4370
1.778359508	86
1.788602852	4370
1.788679604	86
1.798962781	4370
1.799039718	86
1.809289022	2942
1.809289242	2942
1.809289309	1514
1.809366704	86
1.819656941	2942
1.819657164	2942
1.819657234	1514
1.819735966	86
1.829972519	2942
1.829972742	2942
1.829972812	1514
1.830049616	86
1.840320734	2942
1.840320979	2942
1.840321052	1514
1.840397676	86
1.850684742	4370
1.850684962	2942
1.850685029	2942
1.850764554	86
1.861057974	2942
1.861058217	2942
1.861058287	2942
1.861058354	1514
1.861134568	86
1.871421739	2942
1.871421959	2942
1.871422026	2942
1.871422096	1514
1.871500106	86
1.881789459	2942
1.881789679	2942
1.881789746	2942
1.881789816	1514
1.881866098	86
1.892148936	2942
1.892149144	2942
1.892149211	2942
1.892149281	1514
1.892228885	86
1.902518758	2942
1.902518976	2942
1.902519046	2942
1.902519116	2942
1.902560253	2942
1.902596383	86
1.912817924	4370
1.912818141	2942
1.912818211	2942
1.912818281	2942
1.912858498	1514
1.912897876	86
1.923197491	2942
1.923220526	98
1.923197711	2942
1.923240998	106
1.923197801	2942
1.923254498	106
1.933463407	2942
1.933463617	2942
1.933500491	98
1.933463687	2942
1.933520109	86
1.943798769	2942
1.943823374	86
1.943799019	4370
1.943844509	98
1.954112024	2942
1.954135949	98
1.954112247	2942
1.954159122	86
1.964404467	2942
1.964428902	86
1.974714335	2942
1.974739030	86
1.974714555	2942
1.974714623	1514
1.974791745	86
1.985006508	2942
1.985006775	2942
1.985006865	1514
1.985082890	86
1.995370118	2942
1.995370335	4370
1.995447515	86
2.005723248	2942
2.005723468	2942
2.005723558	1514
2.005798757	86
2.016052810	2942
2.016053033	2942
2.016053100	2942
2.016053170	1514
2.016129137	86
2.026420213	2942
2.026420433	2942
2.026420503	2942
2.026420570	1514
2.026495970	86
2.036783373	2942
2.036783595	2942
2.036783665	1514
2.036822695	98
2.047114240	2942
2.047137913	98
2.047114463	2942
2.047157860	98
2.056979976	1514
2.057004729	98
2.057318911	1514
2.057345256	86
2.057319131	2942
2.057395101	86
2.067288339	1514
2.067556397	2942
2.067556620	1514
2.067631514	86
2.077877622	2942
2.077877842	2942
2.077877910	1514
2.077954637	86
2.088183381	2942
2.088183614	2942
2.088183675	1514
2.088252027	86
2.098538543	2942
2.098538765	2942
2.098613742	86
2.108897360	2942
2.108920235	98
2.108897635	2942
2.108941590	98
2.119205903	1514
2.119231605	86
2.119206125	2942
2.119285057	86
2.129504521	4370
2.129504741	1514
2.129581555	86
2.139870791	2942
2.139871011	2942
2.139947350	86
2.150208856	2942
2.150209073	2942
2.150286005	86
2.160562611	2942
2.160562828	2942
2.160639420	86
2.170926713	2942
2.170926938	2942
2.170927005	2942
2.171004920	86
2.181276488	2942
2.181276708	2942
2.181276776	2942
2.181353117	86
2.191649040	4370
2.191672075	98
2.191649263	1514
2.191692645	98
2.201963173	2942
2.201989820	86
2.201963393	2942
2.202043187	86
2.212284853	2942
2.212285101	2942
2.212285191	1514
2.212360985	86
2.222651698	2942
2.222651926	2942
2.222651996	1514
2.222728542	86
2.232992516	2942
2.232992763	2942
2.232992831	1514
2.233069965	86
2.243358018	2942
2.243358240	2942
2.243358310	1514
2.243433157	86
2.253699993	2942
2.253700216	2942
2.253700306	1514
2.253739763	98
2.264003866	2942
2.264028508	98
2.264004141	2942
2.264046221	98
2.273015156	1514
2.273039975	98
2.274325401	1514
2.274352091	86
2.274325624	2942
2.274405048	86
2.283310336	1514
2.284603937	4370
2.284680596	86
2.294965554	2942
2.294965776	4370
2.295043738	86
2.305306711	2942
2.305306939	2942
2.305307009	1514
2.305385671	86
2.315671139	2942
2.315671366	2942
2.315671456	1514
2.315748563	86
2.325994519	2942
2.325994747	2942
2.325994817	1514
2.326070713	86
2.353008596	1514
2.395985144	86
2.406244610	2942
2.406244832	2942
2.406244900	2942
2.406244970	2942
2.406285662	1514
2.406323122	86
2.416601800	2942
2.416602022	2942
2.416602092	2942
2.416602162	2942
2.416641870	1514
2.416680162	86
2.426971260	2942
2.426971482	2942
2.426971572	2942
2.426971642	2942
2.427011882	1514
2.427051159	86
2.437325752	2942
2.437325975	2942
2.437326045	2942
2.437366289	98
2.437326115	1514
2.437384849	98
2.447667782	2942
2.447692195	98
2.447668005	2942
2.447668075	2942
2.447668145	1514
2.447726859	98
2.457982770	1514
2.458009430	86
2.457982992	2942
2.457983062	2942
2.457983132	1514
2.458065787	86
2.468304502	4370
2.468304748	2942
2.468304818	2942
2.468382155	86
2.478671557	2942
2.478671780	2942
2.478671850	2942
2.478671920	1514
2.478749580	86
2.489012385	2942
2.489012635	2942
2.489045815	98
2.489012705	1514
2.489066317	98
2.499339145	2942
2.499362883	98
2.499339373	2942
2.500009320	98
2.509571453	1514
2.510211289	2942
2.510238386	98
2.520486019	1514
2.520512577	86
2.520486239	2942
2.520486309	1514
2.520568664	86
2.530803825	4370
2.530877959	86
2.541116932	2942
2.541139412	98
2.551420033	2942
2.551446987	86
2.561723145	4370
2.561748165	86
2.571993586	2942
2.572018093	86
2.571993811	2942
2.572071450	86
2.582247867	2942
2.582248094	2942
2.582324714	86
2.592563889	2942
2.592564137	2942
2.592641811	86
2.602925534	2942
2.602925762	2942
2.603002054	86
2.613292437	2942
2.613292662	2942
2.613292732	2942
2.613370796	86
2.623656834	2942
2.623657056	2942
2.623657126	2942
2.623733841	86
2.634019759	2942
2.634019981	2942
2.634020069	2942
2.634096668	86
2.644350497	2942
2.644350722	2942
2.644350792	2942
2.644428034	86
2.654719929	2942
2.654720151	2942
2.654720221	2942
2.654720291	2942
2.654801563	86
2.665060172	2942
2.665060396	2942
2.665060464	2942
2.665060534	2942
2.665139031	86
2.675430296	2942
2.675430519	2942
2.675430589	2942
2.675430659	2942
2.675508256	86
2.685746692	2942
2.685746914	2942
2.685746984	2942
2.685747054	2942
2.685825363	86
2.696104567	2942
2.696104804	4370
2.696104874	2942
2.696104941	1514
2.696181216	86
2.706473006	2942
2.706473234	2942
2.706473304	2942
2.706473374	2942
2.706516091	2942
2.706516219	1514
2.706552873	86
2.716846959	2942
2.716847196	2942
2.716847286	2942
2.716847356	2942
2.716888393	2942
2.716888546	1514
2.716927128	86
2.727215971	2942
2.727216193	2942
2.727216261	2942
2.727216331	2942
2.727257571	2942
2.727257736	1514
2.727293620	86
2.737584636	2942
2.737584858	2942
2.737584928	2942
2.737584998	4370
2.737626353	2942
2.737664115	86
2.747942131	2942
2.747942356	2942
2.747942443	2942
2.747942513	2942
2.747994070	2942
2.747994193	2942
2.747994263	1514
2.748021320	86
2.758297881	2942
2.758298106	2942
2.758330193	98
2.758298173	2942
2.758349593	98
2.758298243	2942
2.758362565	98
2.758368588	2942
2.758999256	98
2.768598656	2942
2.768626218	86
2.768598876	2942
2.768598944	4370
2.768683830	86
2.769194719	2942
2.769271614	86
2.778918296	2942
2.778918514	2942
2.778918584	2942
2.778995096	86
2.779528154	2942
2.779528379	2942
2.779603209	86
2.789266334	2942
2.789266556	2942
2.789266626	2942
2.789345358	86
2.789811142	2942
2.789883657	86
2.799635321	2942
2.799658706	98
2.799635546	2942
2.799681648	98
2.799635636	2942
2.799694958	98
2.800060406	2942
2.800698013	98
2.809954059	2942
2.809981074	86
2.809954284	2942
2.810001079	98
2.810937007	2942
2.810961209	98
2.820259189	2942
2.820283604	98
2.820259414	2942
2.820923187	98
2.830554187	1514
2.831162485	2942
2.831192830	98
2.841479723	1514
2.841506825	86
2.841479948	2942
2.841480018	1514
2.841562415	86
2.851799598	4370
2.851799826	2942
2.851876512	86
2.862102668	2942
2.862102896	2942
2.862102966	1514
2.862181495	86
2.872436341	4370
2.872436566	2942
2.872514378	86
2.882798693	2942
2.882798918	2942
2.882874258	86
2.893114321	2942
2.893136921	98
2.893114549	2942
2.893157778	98
2.903424469	1514
2.903450764	86
2.903424694	4370
2.903503881	86
2.913739417	4370
2.913739644	2942
2.913814831	86
2.924103939	2942
2.924104189	2942
2.924104279	1514
2.924180913	86
2.934468316	2942
2.934468544	2942
2.934468614	1514
2.934545516	86
2.944810226	2942
2.944810474	2942
2.944885063	86
2.955169686	2942
2.955192334	98
2.955169914	2942
2.955213431	98
2.965471332	1514
2.965497344	86
2.965471554	4370
2.965550154	86
2.975788367	5798
2.975788594	1514
2.975864491	86
2.986156739	2942
2.986156959	2942
2.986157029	1514
2.986234396	86
3.013023760	1514
3.055992211	86
3.066311986	2942
3.066312213	2942
3.066312283	1514
3.066391940	86
3.076653858	2942
3.076654086	2942
3.076654156	1514
3.076732835	86
3.087023186	2942
3.087023411	2942
3.087023478	1514
3.087099323	86
3.097349468	2942
3.097349691	2942
3.097349761	2942
3.097349831	2942
3.097427563	86
3.107720988	2942
3.107721213	2942
3.107721303	2942
3.107721373	2942
3.107800235	86
3.118061901	2942
3.118062126	2942
3.118062196	4370
3.118062263	1514
3.118138908	86
3.128426071	2942
3.128426346	2942
3.128426433	2942
3.128506295	86
3.138796348	2942
3.138818928	98
3.138796570	2942
3.138840022	98
3.138796640	2942
3.138853560	98
3.149136848	2942
3.149137065	2942
3.149784128	98
3.160057949	2942
3.160084726	86
3.170373539	2942
3.170396569	98
3.170373761	2942
3.170417371	98
3.180668419	2942
3.180695152	86
3.180668644	2942
3.180748114	86
3.190986482	2942
3.190986702	2942
3.190986770	1514
3.191062434	86
3.221018424	1514
3.263991028	86
3.274281601	2942
3.274281856	2942
3.274281926	1514
3.274356180	86
3.284558584	2942
3.284558806	2942
3.284558874	1514
3.284634761	86
3.294923469	2942
3.294923716	2942
3.294923784	1514
3.294999666	86
3.305249846	2942
3.305250064	2942
3.305250134	2942
3.305250201	1514
3.305328638	86
3.315621024	2942
3.315621241	2942
3.315621331	2942
3.315621399	1514
3.315698081	86
3.325967904	2942
3.325968129	2942
3.325968196	1514
3.326007653	98
3.336290781	2942
3.336315339	98
3.336291001	2942
3.336336819	98
3.344996971	1514
3.345021978	98
3.346600482	1514
3.346626579	86
3.346600704	2942
3.346677824	86
3.355294621	1514
3.356911322	4370
3.356988729	86
3.367280482	2942
3.367280704	2942
3.367280774	1514
3.367354734	86
3.377603325	2942
3.377603579	2942
3.377603649	1514
3.377679727	86
3.387936860	2942
3.387937102	2942
3.387937192	1514
3.388015289	86
3.398267720	2942
3.398267955	2942
3.398268022	1514
3.398345057	86
3.408593215	2942
3.408593437	2942
3.408593507	1514
3.408669822	86
3.418960770	2942
3.418960992	2942
3.418961062	2942
3.418961130	2942
3.419039747	86
3.429311102	2942
3.429311325	2942
3.429311395	2942
3.429311465	2942
3.429389594	86
3.439677915	2942
3.439678145	2942
3.439678212	2942
3.439678282	2942
3.439754247	86
3.450045837	2942
3.450046057	2942
3.450046127	4370
3.450046197	1514
3.450124001	86
3.460415812	2942
3.460416049	2942
3.460416122	2942
3.460416189	2942
3.460493361	86
3.470786247	2942
3.470786469	2942
3.470786539	2942
3.470786609	2942
3.470827374	2942
3.470866141	86
3.481150394	2942
3.481150634	2942
3.481150701	2942
3.481150771	2942
3.481192834	2942
3.481228144	86
3.491518319	2942
3.491518544	2942
3.491518611	2942
3.491518681	2942
3.491559931	2942
3.491596156	86
3.501842524	2942
3.501866619	98
3.501842749	2942
3.501888121	98
3.501842817	2942
3.501901261	98
3.501842887	2942
3.502550751	98
3.512155274	2942
3.512155497	2942
3.512192409	86
3.512155567	1514
3.512780552	2942
3.512805270	86
3.522485859	2942
3.522510849	86
3.522486107	2942
3.522563074	86
3.523066250	2942
3.523066473	2942
3.523142682	86
3.532795765	2942
3.532795992	2942
3.532872817	86
3.533398250	2942
3.533398473	2942
3.533473452	86
3.543160332	2942
3.543160560	2942
3.543234409	86
3.543720298	2942
3.543720505	2942
3.543794083	86
3.553505437	2942
3.553505665	2942
3.553585586	86
3.553966761	2942
3.553966909	2942
3.554033603	86
3.563868192	2942
3.563868417	2942
3.563945364	86
3.564252387	2942
3.564274904	98
3.574165200	2942
3.574189060	106
3.574165427	2942
3.574208557	106
3.574471325	2942
3.575130378	106
3.584467200	2942
3.584494830	98
3.584467425	2942
3.584516762	86
3.585391426	2942
3.585417183	86
3.594789493	2942
3.594814093	86
3.594789713	4370
3.594868392	86
3.595689829	2942
3.595765623	86
3.605104316	2942
3.605104536	2942
3.605104623	2942
3.605182150	86
3.606019794	2942
3.606094141	86
3.615470245	2942
3.615470465	2942
3.615470533	2942
3.615550010	86
3.616302552	2942
3.616376566	86
3.625842223	2942
3.625842443	2942
3.625842510	2942
3.625919765	86
3.626592607	2942
3.626666012	86
3.636181888	2942
3.636182110	2942
3.636182180	2942
3.636258040	86
3.636921842	2942
3.636993015	86
3.646548808	2942
3.646549030	2942
3.646549098	2942
3.646626555	86
3.647225353	2942
3.647225573	2942
3.647296987	86
3.656881625	2942
3.656881845	2942
3.656881913	2942
3.656956260	86
3.657475539	2942
3.657475746	2942
3.657549073	86
3.667244858	2942
3.667245080	2942
3.667245148	2942
3.667322342	86
3.667806454	2942
3.667806676	2942
3.667879873	86
3.677594355	2942
3.677594583	1514
3.677627330	98
3.678105944	2942
3.678130161	98
3.678106164	2942
3.678149239	98
3.678106234	1514
3.678784029	98
3.687917400	2942
3.687917625	2942
3.688349607	2942
3.688377845	86
3.698666235	2942
3.698690967	86
3.698666455	2942
3.698666522	2942
3.698666592	2942
3.698744417	86
3.708981785	2942
3.708982018	2942
3.708982108	2942
3.708982178	2942
3.709059920	86
3.719350013	2942
3.719350233	2942
3.719350300	2942
3.719350370	2942
3.719428184	86
3.729708207	2942
3.729708413	2942
3.729708480	2942
3.729708550	2942
3.729786904	86
3.740036098	2942
3.740036318	2942
3.740036385	2942
3.740036455	2942
3.740114257	86
3.750409117	2942
3.750409347	2942
3.750409420	2942
3.750409487	2942
3.750449780	2942
3.750449937	1514
3.750486482	86
3.760753365	2942
3.760753585	2942
3.760753652	2942
3.760753722	2942
3.760793467	1514
3.760806482	98
3.784925552	1514
3.784952969	98
3.795247840	2942
3.795271990	98
3.795248060	2942
3.795248128	2942
3.795248198	2942
3.795916425	98
3.804965672	1514
3.804989562	98
3.806158356	1514
3.806184163	86
3.806158576	2942
3.806158643	2942
3.806158713	1514
3.806239898	86
3.815277210	1514
3.816414097	4370
3.816414317	4370
3.816489191	86
3.826779324	2942
3.826779544	2942
3.826779611	2942
3.826779681	2942
3.826857373	86
3.837146836	2942
3.837147059	2942
3.837147129	2942
3.837147199	2942
3.837224286	86
3.847514049	2942
3.847514266	2942
3.847514336	2942
3.847514404	2942
3.847592248	86
3.857883601	2942
3.857883821	2942
3.857883891	2942
3.857883961	2942
3.857961665	86
3.868221566	2942
3.868221786	2942
3.868221853	2942
3.868298831	86
3.897002752	1514
3.897025045	98
3.907315233	2942
3.907339568	98
3.907315453	2942
3.907359782	98
3.907315520	2942
3.907315590	2942
3.907999793	98
3.916966220	1514
3.916990952	98
3.917543451	1514
3.917569776	86
3.917543678	1514
3.927285318	2942
3.927309895	86
3.927285538	2942
3.927285625	1514
3.927362735	86
3.937546363	2942
3.937546583	2942
3.937546651	2942
3.937546721	2942
3.937625646	86
3.947916623	2942
3.947916843	2942
3.947916931	2942
3.947917001	2942
3.948003320	86
3.958275881	2942
3.958276101	2942
3.958276168	2942
3.958352378	86
3.968590431	2942
3.968613258	98
3.968590674	2942
3.968634183	98
3.968590744	2942
3.968649061	98
3.978908144	2942
3.978935411	86
3.978908364	4370
3.978988448	86
3.989226232	2942
3.989226452	2942
3.989226522	2942
3.989303493	86
3.999590191	2942
3.999590411	2942
3.999590481	2942
3.999669428	86
4.009941376	2942
4.009941596	2942
4.009941666	2942
4.010017401	86
4.020291001	2942
4.020291226	2942
4.020367898	86
4.030655661	2942
4.030678344	98
4.030655884	2942
4.030699281	98
4.040925272	2942
4.040949064	98
4.051230769	2942
4.051257864	86
4.061531720	2942
4.061556205	86
4.061531940	2942
4.061607257	86
4.071844115	2942
4.071844333	2942
4.071844403	1514
4.071921072	86
4.082208593	2942
4.082208813	2942
4.082208880	1514
4.082286892	86
4.092546915	4370
4.092547160	2942
4.092623355	86
4.102911290	2942
4.102911512	2942
4.102911582	2942
4.102911652	1514
4.102990939	86
4.113257373	2942
4.113280327	98
4.113257593	2942
4.113301545	98
4.113257663	1514
4.113314052	98
4.123578755	2942
4.123578975	2942
4.123613920	86
4.133871723	2942
4.133896348	86
4.133871943	2942
4.133872013	1514
4.133949835	86
4.144175376	2942
4.144250378	86
4.154540123	2942
4.154540343	2942
4.154540411	1514
4.154617733	86
4.164891836	2942
4.164892056	2942
4.164969353	86
4.175255726	2942
4.175278320	98
4.175255943	2942
4.175298990	98
4.185535364	1514
4.185561009	86
4.185535586	4370
4.185612485	86
4.195845259	1514
4.220993849	1514
4.221069664	86
4.231360659	2942
4.231360881	2942
4.231360949	1514
4.231438678	86
4.241729599	2942
4.241729819	2942
4.241729886	1514
4.241807446	86
4.252095704	2942
4.252095949	2942
4.252096039	1514
4.252173951	86
4.262461298	2942
4.262461521	2942
4.262461591	1514
4.262539705	86
4.272804086	2942
4.272804331	2942
4.272804421	1514
4.272882766	86
4.283169484	2942
4.283169704	2942
4.283203496	98
4.283169774	2942
4.283223533	98
4.293481924	2942
4.293506061	98
4.293482146	2942
4.293482216	1514
4.293535268	98
4.303798002	1514
4.303824206	86
4.303798222	4370
4.303798289	1514
4.303879651	86
4.314118904	4370
4.314119124	2942
4.314119192	1514
4.314196981	86
4.324425559	2942
4.324425779	2942
4.324425847	2942
4.324504414	86
4.334789644	2942
4.334789864	2942
4.334823279	98
4.345039995	2942
4.345063890	98
4.345040218	2942
4.345083805	98
4.355347628	2942
4.355374570	86
4.365642078	2942
4.365666586	86
4.365642298	2942
4.365642366	1514
4.365719895	86
4.375961589	2942
4.375961809	2942
4.375961876	1514
4.376038900	86
4.386321768	2942
4.386321996	1514
4.386354246	98
4.396637069	2942
4.396661931	98
4.404959686	1514
4.404984323	98
4.406946299	1514
4.406972891	86
4.406946526	1514
4.415271224	1514
4.415295058	86
4.425533892	2942
4.425534114	2942
4.425609979	86
4.435897084	2942
4.435897309	2942
4.435988583	86
4.446259996	2942
4.446260216	2942
4.446338421	86
4.456584731	2942
4.456584974	2942
4.456662476	86
4.466947126	2942
4.466947346	2942
4.466947414	2942
4.467024136	86
4.477293537	2942
4.477293761	2942
4.477293831	2942
4.477372896	86
4.487663824	2942
4.487664044	2942
4.487664114	2942
4.487742578	86
4.498034116	2942
4.498034336	2942
4.498034404	2942
4.498113488	86
4.508389141	2942
4.508389364	2942
4.508389431	2942
4.508467481	86
4.518758148	2942
4.518758371	2942
4.518758438	2942
4.518758508	2942
4.518798531	1514
4.518838295	86
4.529117901	2942
4.529118106	2942
4.529118176	2942
4.529118246	2942
4.529158363	1514
4.529198868	86
4.539496786	2942
4.539519796	98
4.539497011	2942
4.539540940	98
4.539497081	2942
4.539554570	98
4.539497151	1514
4.540190753	98
4.549767429	2942
4.549767654	1514
4.549767724	1514
4.550405279	1514
4.550431771	98
4.560692732	1514
4.560719729	86
4.560692977	2942
4.560693067	2942
4.560693137	1514
4.560778334	86
4.571013147	4370
4.571013370	2942
4.571013437	2942
4.571093729	86
4.581367327	2942
4.581367537	2942
4.581367607	2942
4.581367677	1514
4.581445972	86
4.591730257	4370
4.591730475	2942
4.591730565	2942
4.591807237	86
4.602102179	2942
4.602102399	2942
4.602102467	2942
4.602102537	1514
4.602180989	86
4.612427347	2942
4.612427570	2942
4.612427637	2942
4.612427707	1514
4.612507467	86
4.622778520	2942
4.622778740	2942
4.622778810	2942
4.622778880	2942
4.622824939	98
4.633112745	2942
4.633136445	98
4.633112972	2942
4.633156794	106
4.643427847	2942
4.643454925	98
4.643428070	2942
4.643476532	86
4.653681828	2942
4.653706313	86
4.653682046	2942
4.653682116	1514
4.653760235	86
4.664000988	2942
4.664001228	2942
4.664001298	2942
4.664001366	1514
4.664076885	86
4.674368471	2942
4.674368691	2942
4.674368758	2942
4.674368828	2942
4.674446278	86
4.684738243	2942
4.684738478	2942
4.684738568	2942
4.684738635	2942
4.684814462	86
4.695107063	2942
4.695107270	2942
4.695107338	2942
4.695107408	2942
4.695184697	86
4.705475380	2942
4.705475603	2942
4.705475673	2942
4.705475743	2942
4.705555590	86
4.715846145	2942
4.715846362	2942
4.715846432	2942
4.715846500	2942
4.715886230	2942
4.715924082	86
4.726177845	2942
4.726178065	2942
4.726178133	2942
4.726178203	2942
4.726218920	2942
4.726255334	86
4.736518253	2942
4.736518473	2942
4.736518540	2942
4.736518610	2942
4.736559590	2942
4.736597262	86
4.746886345	2942
4.746886550	2942
4.746886617	2942
4.746886687	2942
4.746926800	2942
4.746964980	86
4.757261155	2942
4.757261375	2942
4.757261442	2942
4.757261512	2942
4.757303095	2942
4.757303235	2942
4.757340004	86
4.767635060	2942
4.767635280	4370
4.767635347	2942
4.767635417	2942
4.767675844	2942
4.767675979	1514
4.767714612	86
4.778012107	2942
4.778012327	2942
4.778012395	2942
4.778012465	2942
4.778056127	2942
4.778056277	2942
4.778090754	86
4.788359084	2942
4.788359317	2942
4.788359387	2942
4.788359454	2942
4.788399959	2942
4.788400096	2942
4.788438079	86
4.798732232	2942
4.798732452	2942
4.798732519	2942
4.798732589	2942
4.798775096	2942
4.798775219	2942
4.798775289	2942
4.798812566	86
4.809077779	2942
4.809078012	2942
4.809078082	2942
4.809078149	2942
4.809120466	2942
4.809120614	2942
4.809120686	2942
4.809158404	86
4.819450834	2942
4.819451051	2942
4.819484591	98
4.819451121	2942
4.819504821	98
4.819451191	2942
4.819515644	98
4.819521621	2942
4.819521736	2942
4.820155594	98
4.829753504	2942
4.829753724	2942
4.829753792	2942
4.829794929	86
4.829753862	1514
4.830391500	2942
4.830416050	86
4.840023047	2942
4.840047812	86
4.840023272	2942
4.840023342	2942
4.840102017	86
4.840662085	2942
4.840662310	2942
4.840736475	86
4.850336585	2942
4.850336808	2942
4.850336878	2942
4.850415645	86
4.850968993	2942
4.850969221	2942
4.851043478	86
4.860671945	2942
4.860672168	2942
4.860672238	2942
4.860750290	86
4.861240199	2942
4.861240424	2942
4.861317083	86
4.871041810	2942
4.871042035	2942
4.871042103	2942
4.871118615	86
4.871545174	2942
4.871545399	2942
4.871622946	86
4.881388245	2942
4.881388465	2942
4.881388535	2942
4.881466735	86
4.881885889	2942
4.881886112	2942
4.881886182	2942
4.881964328	86
4.891751265	4370
4.891751490	2942
4.891828364	86
4.902084468	2942
4.902084690	2942
4.902084758	2942
4.902084830	2942
4.902128010	2942
4.902128135	2942
4.902166345	86
4.912421505	2942
4.912421743	2942
4.912421833	2942
4.912421903	2942
4.912463547	2942
4.912463682	2942
4.912501140	86
4.922794750	2942
4.922794972	2942
4.922795040	2942
4.922795110	2942
4.922838407	2942
4.922838550	2942
4.922838620	2942
4.922874472	86
4.933118980	2942
4.933119218	4370
4.933119288	2942
4.933119358	2942
4.933171310	2942
4.933171435	2942
4.933171505	1514
4.933200287	86
4.943496582	2942
4.943496810	2942
4.943496880	2942
4.943496950	2942
4.943537860	2942
4.943538002	2942
4.943578537	86
4.953870627	2942
4.953893512	98
4.953870850	2942
4.953914710	98
4.953870917	2942
4.953927894	98
4.953870987	2942
4.953939002	2942
4.953939102	2942
4.954562372	98
4.964174075	2942
4.964200982	86
4.964174302	1514
4.964795498	2942
4.964820213	86
4.964795723	2942
4.964795793	2942
4.964873843	86
4.975048484	2942
4.975071486	98
4.975048709	2942
4.975093713	98
4.975048796	2942
4.975106528	98
4.975048866	2942
4.975116053	1514
4.975742429	98
4.985354897	2942
4.985355119	1514
4.985391339	86
4.985355189	1514
4.985999214	2942
4.986023752	86
4.985999442	1514
4.995682609	2942
4.995707057	86
4.996225113	2942
4.996249528	86
4.996225338	2942
4.996303975	86
5.005977265	2942
5.005977487	2942
5.006054054	86
5.006454271	2942
5.006528548	86
5.016295825	2942
5.016318642	98
5.016296050	2942
5.016340400	98
5.026611743	2942
5.026635787	98
5.026611970	2942
5.026612040	1514
5.026665462	98
5.036927458	1514
5.036953645	86
5.036927683	1514
5.036927750	2942
5.036927820	1514
5.037010697	86
5.047245346	1514
5.047245568	2942
5.047245638	4370
5.047323007	86
5.057604073	2942
5.057604298	2942
5.057604385	2942
5.057681967	86
5.067923866	2942
5.067924088	2942
5.067924158	2942
5.068006535	86
5.078275135	2942
5.078275358	2942
5.078275448	2942
5.078352070	86
5.088581358	2942
5.088581584	2942
5.088581654	2942
5.088657915	86
5.098946846	2942
5.098947068	2942
5.098947136	2942
5.098947208	2942
5.098986805	1514
5.099025278	86
5.109302701	2942
5.109302926	2942
5.109302993	2942
5.109303063	2942
5.109343015	1514
5.109380090	86
5.119641038	4370
5.119641261	2942
5.119641328	2942
5.119641398	2942
5.119720730	86
5.130011126	2942
5.130011353	2942
5.130011423	2942
5.130011493	2942
5.130052075	1514
5.130089873	86
5.140362203	2942
5.140362438	2942
5.140362528	2942
5.140362598	2942
5.140402565	1514
5.140440682	86
5.150734530	2942
5.150734753	2942
5.150734823	2942
5.150734893	2942
5.150776593	2942
5.150776713	1514
5.150814682	86
5.161104413	2942
5.161104638	2942
5.161104708	2942
5.161104778	2942
5.161150602	98
5.161161085	1514
5.161169970	98
5.171443123	2942
5.171467100	98
5.171443350	2942
5.171443420	1514
5.171496933	98
5.181730188	1514
5.181756745	86
5.181730438	2942
5.181811813	86
5.191992769	2942
5.192015599	98
5.202304302	2942
5.202331399	86
5.202304529	2942
5.202385734	86
5.212583330	2942
5.212583552	2942
5.212583622	2942
5.212583692	1514
5.212661111	86
5.222947167	2942
5.222947390	2942
5.222947457	2942
5.222947527	2942
5.223026704	86
5.233302252	2942
5.233302477	2942
5.233302545	2942
5.233302615	2942
5.233380926	86
5.243673867	2942
5.243674089	2942
5.243674159	2942
5.243714984	98
5.254004092	2942
5.254027219	106
5.254004319	2942
5.254048197	106
5.264297947	2942
5.264325410	98
5.264298195	2942
5.264347114	86
5.274621480	2942
5.274646205	86
5.274621702	4370
5.274698519	86
5.284952420	2942
5.284975477	98
5.284952670	2942
5.284996480	98
5.295263413	2942
5.295287598	98
5.295263635	2942
5.295311142	86
5.305538626	2942
5.305563428	86
5.305538861	2942
5.305615200	86
5.315852206	2942
5.315852454	2942
5.315852521	1514
5.315930486	86
5.326209511	2942
5.326209754	2942
5.326209844	1514
5.326285615	86
5.336539231	2942
5.336539459	2942
5.336539529	1514
5.336615661	86
5.346904746	2942
5.346904971	2942
5.346905038	2942
5.346905108	1514
5.346982723	86
5.357249176	2942
5.357249439	2942
5.357249509	2942
5.357249579	1514
5.357329238	86
5.367615803	2942
5.367616028	2942
5.367649773	98
5.367616098	1514
5.367670178	98
5.377943571	2942
5.377967693	98
5.377943796	2942
5.377943866	1514
5.377997461	98
5.388258934	1514
5.388285914	86
5.388259169	2942
5.388259239	1514
5.388340336	86
5.398577539	4370
5.398577762	2942
5.398656839	86
5.408904567	2942
5.408904794	2942
5.408904864	1514
5.408982746	86
5.419268574	2942
5.419268802	2942
5.419268872	1514
5.419346891	86
5.429615552	2942
5.429615777	2942
5.429615864	1514
5.429693618	86
5.439990459	2942
5.439990734	4370
5.439990806	2942
5.440069128	86
5.450364424	2942
5.450364649	2942
5.450364759	2942
5.450364826	1514
5.450445488	86
5.460706144	2942
5.460706366	2942
5.460706436	2942
5.460706506	1514
5.460783986	86
5.471072566	2942
5.471072791	2942
5.471106623	98
5.471072858	1514
5.471126006	98
5.481398686	2942
5.481422631	98
5.481398911	2942
5.481398981	1514
5.481452821	98
5.491711449	1514
5.491738179	86
5.491711672	4370
5.491711739	1514
5.491793993	86
5.501988512	4370
5.501988737	2942
5.501988807	1514
5.502067719	86
5.512328937	2942
5.512329182	2942
5.512329252	2942
5.512408209	86
5.522692512	2942
5.522692734	2942
5.522692804	2942
5.522771541	86
5.533067112	2942
5.533090289	98
5.533067362	2942
5.533111444	98
5.543391152	2942
5.543418484	86
5.553699332	2942
5.553723707	86
5.563974338	2942
5.563999325	86
5.563974563	2942
5.564054340	86
5.574290480	2942
5.574290708	2942
5.574290778	1514
5.574367295	86
5.584586843	2942
5.584587071	2942
5.584665265	86
5.594950208	2942
5.594973073	98
5.605248164	1514
5.605273931	86
5.615555434	2942
5.615580154	86
5.625866669	4370
5.625944709	86
5.636223734	2942
5.636223961	2942
5.636300948	86
5.646586372	2942
5.646586594	2942
5.646663379	86
5.656924904	2942
5.656925131	2942
5.657002764	86
5.667285766	2942
5.667285994	2942
5.667363993	86
5.677601709	2942
5.677601934	2942
5.677602002	2942
5.677679696	86
5.687972554	2942
5.687972806	2942
5.687972876	2942
5.688052826	86
5.712954590	1514
5.755976171	86
5.766256519	2942
5.766256744	2942
5.766256812	2942
5.766335506	86
5.776573567	2942
5.776573794	2942
5.776607262	98
5.786898035	2942
5.786922124	98
5.786898262	2942
5.786941922	98
5.796948979	1514
5.796973029	98
5.797126955	1514
5.797152908	86
5.797127175	2942
5.797205987	86
5.807255832	1514
5.807333104	2942
5.807333324	1514
5.807415008	86
5.817703806	2942
5.817704031	2942
5.817704101	1514
5.817781671	86
5.828068944	2942
5.828069206	2942
5.828069294	1514
5.828147090	86
5.838432693	2942
5.838432919	2942
5.838432986	1514
5.838511583	86
5.848777684	2942
5.848777944	2942
5.848778034	1514
5.848856505	86
5.859143713	2942
5.859143938	2942
5.859144006	2942
5.859144076	1514
5.859223590	86
5.869474856	2942
5.869475116	2942
5.869475186	2942
5.869554533	86
5.879842913	2942
5.879865428	98
5.879843168	2942
5.879886161	98
5.879843238	2942
5.879899140	98
5.890157109	1514
5.890182841	86
5.890157329	4370
5.890238146	86
5.900449722	2942
5.900471861	98
5.900449949	2942
5.900492169	98
5.910744947	1514
5.910767297	98
5.910745169	1514
5.910791054	86
5.910745239	1514
5.920948233	2942
5.920972440	86
5.931255713	2942
5.931280253	86
5.931255956	2942
5.931333258	86
5.972909699	1514
5.972931396	98
5.983209039	1514
5.983233679	98
5.993475437	2942
5.993500285	98
6.003782735	1514
6.003808862	86
6.003782963	1514
6.014076993	1514
6.014100605	86
6.024381301	1514
6.024404026	98
6.034684949	1514
6.034707708	106
6.044910684	1514
6.044939059	98
6.044910909	1514
6.044967274	86
6.055223547	1514
6.095976122	86
6.106263460	2942
6.106320047	86
6.116573255	2942
6.116630105	86
6.126886423	1514
6.164951647	1514
6.164973609	98
6.175249807	2942
6.175274082	98
6.185510840	1514
6.185535128	98
6.195822606	1514
6.196483586	98
6.206760771	1514
6.206789026	86
6.217064344	2942
6.217089721	86
6.227376122	4370
6.227452874	86
6.237705255	4370
6.237782949	86
6.248012857	4370
6.248088669	86
6.258376817	4370
6.258453844	86
6.268734437	2942
6.268757244	98
6.279040912	2942
6.279064942	98
6.288907128	1514
6.288933326	86
6.289274216	1514
6.299217369	1514
6.299241484	86
6.328935816	1514
6.371976381	86
6.382261372	2942
6.382261594	2942
6.382339881	86
6.392567770	2942
6.392567990	2942
6.392644679	86
6.402930294	2942
6.402930517	2942
6.403008379	86
6.413253407	2942
6.413330604	86
6.423610715	2942
6.423633107	98
6.656904861	1514
6.656929006	98
6.667214314	1514
6.667240421	86
6.667214544	1514
6.667262291	86
6.677512357	4370
6.677537247	86
6.687817180	2942
6.687841557	86
6.698125765	2942
6.698147945	98
6.708403835	1514
6.708430138	86
6.708404085	1514
6.708451088	86
6.718721506	4370
6.718746268	86
6.728999624	4370
6.729024418	86
6.739308044	4370
6.739332849	86
6.749580722	4370
6.749605892	86
6.759890465	4370
6.759915535	86
6.788939632	1514
6.788963704	86
6.799250455	2942
6.799275189	86
6.799250675	2942
6.799295524	86
6.799250765	2942
6.799331211	86
6.809566727	2942
6.809566947	2942
6.809567017	2942
6.809645852	86
6.819911137	2942
6.819911360	2942
6.819911427	2942
6.820002574	86
6.830289190	2942
6.830289407	2942
6.830289477	2942
6.830367506	86
6.840626285	2942
6.840626527	2942
6.840626597	2942
6.840705329	86
6.850992657	2942
6.850992864	2942
6.850992932	2942
6.850993002	2942
6.851072511	86
6.861349802	2942
6.861372412	98
6.861350022	2942
6.861393499	98
6.861350092	2942
6.861407214	98
6.861350162	1514
6.862048012	98
6.871667815	2942
6.871668037	1514
6.871703824	86
6.872280300	2942
6.872304552	86
6.881992225	2942
6.882016845	86
6.882533153	2942
6.882558113	86
6.882533376	2942
6.882610655	86
6.892279965	2942
6.892356915	86
6.892783012	2942
6.892783234	2942
6.892858259	86
6.902641273	2942
6.902717855	86
6.903082884	2942
6.903083107	2942
6.903158571	86
6.912944018	2942
6.913019825	86
6.913374690	2942
6.913374912	2942
6.913448269	86
6.923304430	2942
6.923381527	86
6.923696190	2942
6.923696410	2942
6.923728057	98
6.933616938	2942
6.933640771	98
6.933892334	2942
6.933915536	106
6.943921421	1514
6.943945493	106
6.944092450	1514
6.944118317	98
6.944092672	2942
6.944138884	86
6.954233999	2942
6.954258631	86
6.954234219	4370
6.954315451	86
6.964525392	2942
6.964525634	2942
6.964525704	2942
6.964603946	86
6.974885889	2942
6.974886109	2942
6.974886176	2942
6.974964591	86
6.985232699	2942
6.985232921	2942
6.985232989	2942
6.985311291	86
6.995599626	2942
6.995599846	2942
6.995599914	2942
6.995678043	86
7.005939274	2942
7.005939491	2942
7.005939561	2942
7.005939631	2942
7.006018406	86
7.016281699	2942
7.016281906	2942
7.016281974	2942
7.016282044	2942
7.016357376	86
7.040913220	1514
7.083975826	86
7.094263794	2942
7.094264014	2942
7.094264081	2942
7.094264151	2942
7.094344768	86
7.104571114	2942
7.104571319	2942
7.104571389	2942
7.104571459	2942
7.104651391	86
7.114935747	2942
7.114935967	2942
7.114969036	98
7.114936034	2942
7.114989673	98
7.125266494	2942
7.125290566	98
7.125266714	2942
7.125266782	2942
7.125266852	1514
7.125324389	98
7.135580454	1514
7.135606759	86
7.135580662	4370
7.135580729	2942
7.135580799	1514
7.135662374	86
7.145903539	4370
7.145903747	4370
7.145903815	2942
7.145982026	86
7.156271257	2942
7.156271489	2942
7.156271559	2942
7.156271629	2942
7.156351561	86
7.166638469	2942
7.166638677	2942
7.166638744	2942
7.166638814	2942
7.166717871	86
7.176933767	2942
7.176934002	2942
7.176934070	2942
7.176934140	2942
7.177014627	86
7.187304489	2942
7.187304697	2942
7.187304764	2942
7.187304834	2942
7.187346192	2942
7.187384854	86
7.197616805	2942
7.197617025	2942
7.197617092	2942
7.197617162	4370
7.197657207	1514
7.197698204	86
7.228925593	1514
7.271976111	86
7.282262251	2942
7.282262471	2942
7.282262541	2942
7.282262611	2942
7.282308068	98
7.292569391	2942
7.292593689	98
7.292569609	2942
7.292614194	98
7.292569679	2942
7.292569749	2942
7.293258091	98
7.300928363	1514
7.300952453	98
7.302889004	1514
7.302915011	86
7.302889232	1514
7.303493222	2942
7.303517547	86
7.303493440	2942
7.303569359	86
7.311232994	1514
7.313199890	1514
7.313274431	86
7.313779303	2942
7.313779525	2942
7.313779593	1514
7.313856192	86
7.323559582	2942
7.323636221	86
7.324072451	2942
7.324072671	2942
7.324072738	2942
7.324150145	86
7.333887364	2942
7.333964289	86
7.334404948	1514
7.334405156	2942
7.334405223	2942
7.334405293	1514
7.334480358	86
7.344241275	2942
7.344318529	86
7.344687826	2942
7.344688046	2942
7.344688116	2942
7.344762193	86
7.354602624	2942
7.354679626	86
7.354982732	2942
7.354982939	2942
7.354983007	2942
7.354983079	2942
7.355058379	86
7.364966772	2942
7.365043984	86
7.365268407	2942
7.365268615	2942
7.365268682	2942
7.365268752	2942
7.365344664	86
7.375330856	2942
7.375409109	86
7.375460603	2942
7.375460808	2942
7.375460878	2942
7.375460948	2942
7.375535690	86
7.385688547	2942
7.385688764	2942
7.385688834	2942
7.385729086	98
7.385688904	2942
7.385747966	98
7.395972962	2942
7.395997459	98
7.395973214	2942
7.395973287	2942
7.395973357	1514
7.396030414	98
7.406271000	1514
7.406297150	86
7.406271220	4370
7.406271287	2942
7.406271357	1514
7.406354802	86
7.416527008	4370
7.416527228	2942
7.416527298	2942
7.416527368	1514
7.416608460	86
7.426897450	2942
7.426897658	2942
7.426930875	98
7.437223898	2942
7.437247135	106
7.437224115	2942
7.437268043	106
7.447532766	2942
7.447560108	98
7.447532976	2942
7.447581170	86
7.457831956	2942
7.457856426	86
7.457832161	4370
7.457910886	86
7.468073459	2942
7.468073679	2942
7.468073747	2942
7.468152471	86
7.478443974	2942
7.478444182	2942
7.478444249	2942
7.478522331	86
7.488782522	2942
7.488782767	2942
7.488782837	2942
7.488861729	86
7.499149494	2942
7.499149714	2942
7.499149782	2942
7.499225911	86
7.509497627	2942
7.509497847	2942
7.509497914	2942
7.509497987	2942
7.509577131	86
7.536900941	1514
7.579976156	86
7.590268261	2942
7.590268481	2942
7.590268549	2942
7.590268619	2942
7.590349123	86
7.600525574	2942
7.600525792	2942
7.600525862	2942
7.600566334	98
7.610858972	2942
7.610882854	98
7.610859179	2942
7.610902824	98
7.610859247	2942
7.611537612	98
7.620897524	1514
7.620921502	98
7.621121623	1514
7.621147768	86
7.621121850	1514
7.621775738	2942
7.621800170	86
7.631206745	1514
7.632026394	2942
7.632050901	86
7.642334994	2942
7.642357839	98
7.642335199	2942
7.642379016	98
7.652644092	2942
7.652671219	86
7.652644337	2942
7.652726429	86
7.662959582	2942
7.662959804	2942
7.662959872	1514
7.663037179	86
7.673294860	2942
7.673295084	2942
7.673295152	1514
7.673374201	86
7.683660419	2942
7.683660667	2942
7.683660734	1514
7.683738476	86
7.693968392	2942
7.693968617	2942
7.694045314	86
7.704312500	4370
7.704335419	98
7.714602163	1514
7.714628370	86
7.714602387	2942
7.714683342	86
7.724901806	2942
7.724924363	98
7.724902030	1514
7.724944270	98
7.735215421	2942
7.735239335	98
7.735215643	1514
7.735262365	86
7.745516223	2942
7.745540398	86
7.755823449	4370
7.755899721	86
7.766175379	4370
7.766252356	86
7.776515084	4370
7.776592373	86
7.786878704	4370
7.786956311	86
7.797243354	2942
7.797243586	2942
7.797243654	1514
7.797320983	86
7.807609956	2942
7.807610203	2942
7.807610271	1514
7.807684178	86
7.817970656	2942
7.817970878	2942
7.818049373	86
7.828313478	2942
7.828336251	98
7.828313701	2942
7.828357063	98
7.838621434	1514
7.838647531	86
7.838621659	2942
7.838701306	86
7.848900674	4370
7.848900899	1514
7.848978261	86
7.859264287	2942
7.859264552	2942
7.859341484	86
7.869593957	2942
7.869594182	2942
7.869671046	86
7.879956214	2942
7.880041103	86
7.890327011	2942
7.890349944	98
7.900631862	2942
7.900658892	86
7.910944762	4370
7.910969482	86
7.921237175	2942
7.921262000	86
7.921237397	2942
7.921315914	86
7.931548690	2942
7.931548915	2942
7.931626180	86
7.941885298	2942
7.941885525	2942
7.941962592	86
7.952238510	2942
7.952238735	2942
7.952316422	86
7.962602620	2942
7.962602840	2942
7.962602908	2942
7.962682545	86
7.972934128	2942
7.972934345	2942
7.972934415	2942
7.973013542	86
7.983302567	2942
7.983302787	2942
7.983302855	2942
7.983381134	86
7.993666205	2942
7.993666422	2942
7.993666492	2942
7.993745139	86
8.004024515	2942
8.004024757	2942
8.004024825	2942
8.004103362	86
8.014393915	2942
8.014394135	2942
8.014394205	2942
8.014394275	2942
8.014434004	1514
8.014472884	86
8.024735685	2942
8.024735927	2942
8.024735995	2942
8.024736065	1514
8.024782347	98
8.035075307	2942
8.035099230	98
8.035075530	2942
8.035119477	98
8.035075600	4370
8.035758877	98
8.044914006	1514
8.044938173	98
8.045272451	1514
8.045294848	98
8.046001113	2942
8.046024945	98
8.046001341	1514
8.046685058	98
8.055222621	1514
8.055509847	1514
8.055537909	86
8.055510074	1514
8.056934286	2942
8.056958709	86
8.056934514	1514
8.065825252	2942
8.065849782	86
8.067238289	2942
8.067262874	86
8.076135657	2942
8.076158152	98
8.077532645	1514
8.077554394	106
8.086418280	2942
8.086442100	106
8.087831200	1514
8.087856207	106
8.096679738	1514
8.096706383	98
8.096679966	1514
8.096726148	98
8.098135628	1514
8.098161710	86
8.098135855	1514
8.106995049	2942
8.107019998	86
8.108441498	1514
8.117306459	2942
8.117330586	86
8.117306684	2942
8.117384806	86
8.127621947	2942
8.127622177	2942
8.127622247	1514
8.127700166	86
8.137987436	2942
8.137987661	2942
8.138065166	86
8.148340349	2942
8.148362791	98
8.148340596	1514
8.148382893	98
8.158646929	1514
8.158673292	86
8.158647152	2942
8.158726928	86
8.168896807	4370
8.168897035	1514
8.168974317	86
8.179258685	2942
8.179258907	2942
8.179337559	86
8.189581568	2942
8.189581792	2942
8.189659977	86
8.199919423	2942
8.199919663	2942
8.199996599	86
8.210286505	2942
8.210286745	2942
8.210286832	2942
8.210364607	86
8.220641357	2942
8.220641580	2942
8.220641650	2942
8.220720384	86
8.231013952	2942
8.231036854	98
8.231014177	2942
8.231058192	98
8.241275278	2942
8.241299500	98
8.241275503	2942
8.241322955	86
8.251586231	2942
8.251610850	86
8.251586458	2942
8.251663450	86
8.261875114	2942
8.261875338	4370
8.261953588	86
8.272238088	2942
8.272238338	2942
8.272238428	1514
8.272315943	86
8.282599488	2942
8.282599716	2942
8.282676293	86
8.292964681	2942
8.292987435	98
8.292964905	2942
8.293008723	98
8.303269194	1514
8.303295321	86
8.303269414	4370
8.303351158	86
8.313584901	4370
8.313585131	2942
8.313662918	86
8.323935149	2942
8.323958098	98
8.323935371	1514
8.323978678	98
8.334247174	2942
8.334271171	98
8.334247399	1514
8.334293414	98
8.344519912	1514
8.344546499	86
8.344520137	2942
8.344601729	86
8.354838360	4370
8.354838587	1514
8.354917364	86
8.365204987	2942
8.365205212	2942
8.365282556	86
8.375569587	2942
8.375569814	2942
8.375647119	86
8.385931022	2942
8.386006259	86
8.396267299	2942
8.396290144	98
8.420901583	1514
8.420924126	98
8.431201861	2942
8.431228451	86
8.441498042	2942
8.441520506	98
8.451808952	2942
8.451833104	98
8.460859366	1514
8.460909896	86
8.462058507	1514
8.471198641	1514
8.471222789	86
8.481447322	2942
8.481524792	86
8.491809614	2942
8.491886569	86
8.502162059	2942
8.502238614	86
8.512499909	2942
8.512577089	86
8.522860467	2942
8.522860697	2942
8.522938074	86
8.533223909	2942
8.533224132	2942
8.533224202	1514
8.533302304	86
8.543589842	2942
8.543590069	2942
8.543590159	2942
8.543668366	86
8.553953537	2942
8.553953764	2942
8.553987349	98
8.564269417	2942
8.564293674	98
8.564269642	2942
8.564313951	98
8.574580987	1514
8.574581207	2942
8.575240122	98
8.585514853	1514
8.585542070	86
8.585515075	2942
8.585515143	1514
8.585596967	86
8.595833748	4370
8.595833970	2942
8.595912680	86
8.606196100	2942
8.606196323	2942
8.606196393	1514
8.606273320	86
8.616519428	2942
8.616519656	2942
8.616596483	86
8.626883085	2942
8.626905670	98
8.626883308	2942
8.626927063	98
8.637180996	1514
8.637207240	86
8.637181221	2942
8.637261755	86
8.647499336	4370
8.647499561	1514
8.647577058	86
8.657867721	2942
8.657867948	2942
8.657944930	86
8.668210646	2942
8.668287500	86
8.678572621	2942
8.678595353	98
8.688858864	2942
8.688886246	86
8.699170091	4370
8.699194779	86
8.709464267	4370
8.709489159	86
8.719772650	4370
8.719797819	86
8.730081802	4370
8.730106537	86
8.740321268	4370
8.740346243	86
8.750628711	2942
8.750653166	86
8.750628936	2942
8.750629006	1514
8.750708003	86
8.760921669	2942
8.760921919	2942
8.760921991	1514
8.761000258	86
8.771284676	2942
8.771284904	2942
8.771284974	1514
8.771362783	86
8.781619744	2942
8.781619969	2942
8.781620059	1514
8.781695803	86
8.791991261	2942
8.791991541	2942
8.791991631	1514
8.792070143	86
8.802358076	2942
8.802358303	2942
8.802358373	2942
8.802358443	2942
8.802439288	86
8.812687209	2942
8.812687434	2942
8.812687501	2942
8.812687571	2942
8.812767121	86
8.823054533	2942
8.823054759	2942
8.823088001	98
8.823054826	2942
8.823108666	98
8.833385029	2942
8.833409296	98
8.833385256	2942
8.833385326	1514
8.833439123	98
8.843702589	1514
8.843728504	86
8.843702811	4370
8.843702881	1514
8.843785098	86
8.854009097	4370
8.854009322	2942
8.854009392	1514
8.854089071	86
8.864366949	2942
8.864367197	2942
8.864367269	2942
8.864445501	86
8.874732262	2942
8.874732489	2942
8.874767019	98
8.885058164	2942
8.885082224	98
8.885058439	1514
8.885101584	98
8.895368022	2942
8.895394907	86
8.895368249	1514
8.905676060	2942
8.905700387	86
8.915949163	2942
8.915980135	86
8.915949410	1514
8.915999575	98
8.926267825	2942
8.926291998	98
8.936513816	2942
8.936540548	86
8.946825946	4370
8.946850516	86
8.957137162	2942
8.957161517	86
8.957137384	2942
8.957214119	86
8.967453460	2942
8.967453684	2942
8.967531044	86
8.977813797	2942
8.977814019	2942
8.977890746	86
9.004884513	1514
9.047991513	86
9.058277989	2942
9.058278234	2942
9.058278306	2942
9.058356573	86
9.068639106	2942
9.068639331	2942
9.068639401	2942
9.068717276	86
9.079001778	2942
9.079002006	2942
9.079078685	86
9.089364311	1514
9.089386353	98
9.089364538	2942
9.089408133	98
9.099672036	2942
9.099699398	86
9.099672261	1514
9.109924982	2942
9.109949927	86
9.120195897	2942
9.120220607	86
9.120196125	2942
9.120196195	1514
9.120276357	86
9.130505693	2942
9.130505920	2942
9.130505990	1514
9.130584252	86
9.140871263	2942
9.140871510	2942
9.140871600	1514
9.140950114	86
9.151238667	2942
9.151238895	2942
9.151238965	1514
9.151320757	86
9.184855536	1514
9.227976024	86
9.238266622	2942
9.238266847	2942
9.238266934	2942
9.238267004	1514
9.238345749	86
9.248606682	2942
9.248629669	98
9.248606909	2942
9.248650759	98
9.248606979	1514
9.248663429	98
9.258926537	2942
9.258926762	2942
9.258963637	86
9.269252047	2942
9.269276607	86
9.269252272	2942
9.269295994	98
9.279587474	2942
9.279610964	106
9.288850805	1514
9.288876597	98
9.289883230	2942
9.289910037	86
9.299149495	1514
9.300136621	2942
9.300160948	86
9.310446758	2942
9.310471228	86
9.310446986	2942
9.310526048	86
9.320732649	2942
9.320732899	2942
9.320811236	86
9.331095351	2942
9.331095579	2942
9.331174328	86
9.341445449	2942
9.341445676	2942
9.341523888	86
9.351810834	2942
9.351811059	2942
9.351811146	2942
9.351891770	86
9.362179663	2942
9.362179886	2942
9.362179976	2942
9.362258793	86
9.372514716	2942
9.372514939	2942
9.372515009	2942
9.372595115	86
9.382882731	2942
9.382882959	2942
9.382883029	2942
9.382961750	86
9.393235473	2942
9.393235693	2942
9.393235763	2942
9.393235833	2942
9.393316533	86
9.403607181	2942
9.403607403	2942
9.403607473	2942
9.403607543	2942
9.403687605	86
9.413965556	2942
9.413965778	2942
9.413965846	2942
9.413965918	2942
9.414046287	86
9.424303071	2942
9.424303308	2942
9.424303396	2942
9.424303466	2942
9.424383468	86
9.434675336	2942
9.434675558	2942
9.434675628	2942
9.434675698	2942
9.434718310	2942
9.434755785	86
9.460873616	1514
9.503991173	86
9.514290038	2942
9.514313036	98
9.514290261	2942
9.514334596	98
9.514290328	2942
9.514347778	98
9.514290401	2942
9.514983963	98
9.524602216	2942
9.524602439	2942
9.524639511	86
9.524602509	1514
9.525219804	2942
9.525244372	86
9.534932286	2942
9.534956716	86
9.534932511	2942
9.535009966	86
9.545264684	2942
9.545264906	2942
9.545264974	2942
9.545265044	2942
9.545344753	86
9.555633979	2942
9.555634204	2942
9.555634274	2942
9.555673986	98
9.565921537	2942
9.565945842	98
9.565921759	2942
9.565965702	98
9.565921829	2942
9.566597577	98
9.576173788	1514
9.576198120	98
9.576174035	1514
9.576220452	86
9.576174125	1514
9.576804448	2942
9.576829123	86
9.586487468	1514
9.587055134	2942
9.587079431	86
9.587055359	2942
9.587133181	86
9.597353961	2942
9.597354186	2942
9.597354256	2942
9.597434311	86
9.607722429	2942
9.607722676	2942
9.607722744	2942
9.607801191	86
9.618090559	2942
9.618090786	2942
9.618090856	2942
9.618169236	86
9.628387329	2942
9.628409864	98
9.628387554	2942
9.628430581	98
9.638699662	2942
9.638724297	98
9.638699887	2942
9.638747956	86
9.648928990	2942
9.648953697	86
9.648929225	2942
9.649006622	86
9.659241250	2942
9.659241470	2942
9.659241560	1514
9.659320510	86
9.669548223	2942
9.669548451	2942
9.669548521	1514
9.669625545	86
9.679890356	2942
9.679890596	2942
9.679890686	1514
9.679983540	86
9.690272245	2942
9.690272478	2942
9.690272548	2942
9.690272615	1514
9.690352230	86
9.700641213	2942
9.700641473	2942
9.700641543	2942
9.700641610	1514
9.700721580	86
9.711006008	2942
9.711006230	2942
9.711006298	1514
9.711046475	98
9.721320113	2942
9.721343765	98
9.721320336	2942
9.721363448	98
9.731629793	2942
9.731656738	86
9.731630016	2942
9.731712295	86
9.741913081	2942
9.741913304	2942
9.741913374	1514
9.741992041	86
9.752263669	2942
9.752263891	2942
9.752263961	1514
9.752341053	86
9.762629149	2942
9.762629386	2942
9.762629476	1514
9.762707488	86
9.772923332	2942
9.772923569	2942
9.772923639	1514
9.773002331	86
9.783287761	2942
9.783288019	2942
9.783288106	2942
9.783288176	1514
9.783367481	86
9.793655529	2942
9.793655754	2942
9.793655824	2942
9.793655891	1514
9.793735263	86
9.803993531	2942
9.803993791	2942
9.803993861	2942
9.803993931	1514
9.804073566	86
9.814362251	2942
9.814362476	2942
9.814362546	2942
9.814362614	1514
9.814441275	86
9.824712259	2942
9.824712506	2942
9.824712596	2942
9.824712666	1514
9.824791586	86
9.835082241	2942
9.835082466	2942
9.835082533	2942
9.835082603	2942
9.835128995	98
9.845432316	2942
9.845455633	106
9.845432568	2942
9.845476956	106
9.855743351	2942
9.855770736	98
9.855743576	2942
9.855791301	86
9.866077956	2942
9.866102599	86
9.866078221	2942
9.866155646	86
9.876356192	2942
9.876356419	2942
9.876356489	1514
9.876396904	98
9.886686409	2942
9.886710262	98
9.886686669	2942
9.886730369	98
9.886686739	2942
9.887382487	98
9.896830863	1514
9.896855983	98
9.896831091	1514
9.896877683	86
9.897634748	2942
9.897657312	98
9.907143884	1514
9.907166503	98
9.907869148	2942
9.907892958	98
9.912798753	1514
9.912825445	86
9.918073039	2942
9.918097474	86
9.923110513	1514
9.928295255	2942
9.928319748	86
9.938605248	2942
9.938630368	86
9.938605511	2942
9.938683245	86
9.948884816	2942
9.948885039	2942
9.948962580	86
9.976839546	1514
10.019975851	86
10.030259524	2942
10.030259749	2942
10.030259836	2942
10.030337928	86
10.040589451	2942
10.040589676	2942
10.040589746	2942
10.040669258	86
10.043081166	87
10.043177478	86
10.043235660	87
10.050958376	2942
10.050996763	74
10.050958601	2942
10.051022826	74
10.050958671	2942
10.051032878	74
10.053553502	90
10.053553727	374
10.053630999	86
10.053724991	90
10.053737666	412
10.053747813	87
10.056792416	86
10.056814984	74
10.063968087	86
10.063968317	87
10.063968412	86
10.064069604	86
10.074166838	86
