0.000000000	94
0.000051047	94
0.100352495	86
0.100352722	123
0.100411104	86
0.100500594	87
0.200679043	86
0.200679273	90
0.200679345	210
0.200772375	86
0.200818477	87
0.301156512	94
0.301184809	94
0.343593785	86
0.401439365	86
0.401439610	123
0.401491302	86
0.402546870	87
0.402565044	87
0.502758961	86
0.502765078	2942
0.502759196	86
0.502788343	98
0.502765326	2942
0.502809675	98
0.502765393	2942
0.502823618	98
0.502765463	2942
0.502831505	98
0.603089921	2942
0.603114368	98
0.603090176	1514
0.603141768	98
0.603090244	4370
0.603154176	98
0.703372687	2942
0.703396989	98
0.703372907	1514
0.703416569	98
0.703372977	1514
0.703437724	86
0.703373047	2942
0.703448364	86
0.703373114	1514
0.703456269	86
0.803670437	2942
0.803700700	86
0.803670657	1514
0.803719484	86
0.803670727	2942
0.803733024	98
0.903988520	2942
0.904012980	98
0.903988763	2942
0.904033560	98
0.903988830	2942
0.904046677	98
0.935591964	1514
0.935617764	98
1.004278211	1514
1.004304421	86
1.004278418	4370
1.004326398	86
1.035899924	1514
1.035924727	86
1.104596286	4370
1.104622026	86
1.136209135	2942
1.136234134	86
1.136209407	1514
1.136252009	86
1.204887224	2942
1.204912394	86
1.236524170	2942
1.236549242	86
1.236524410	2942
1.236571100	86
1.305173350	2942
1.305198062	86
1.336838240	2942
1.336863268	86
1.336838486	2942
1.336883590	86
1.405462505	2942
1.405489880	86
1.437151008	2942
1.437177506	86
1.437151256	2942
1.437202733	86
1.505777491	2942
1.505804263	86
1.537467266	2942
1.537493594	86
1.537467511	2942
1.537518688	86
1.537467601	1514
1.537536041	86
1.606087946	2942
1.606114151	86
1.637753884	2942
1.637780697	86
1.637754147	2942
1.637805881	86
1.706395617	2942
1.706418182	98
1.738027900	2942
1.738052135	98
1.738028145	2942
1.738070350	98
1.806697650	1514
1.806725250	86
1.838343425	2942
1.838370243	86
1.838343671	2942
1.838396198	86
1.907014953	1514
1.907040555	86
1.938662006	2942
1.938688691	86
1.938662268	2942
1.938713480	86
1.938662338	1514
1.938731568	86
2.007327898	1514
2.007352191	86
2.038990269	2942
2.039015871	86
2.038990554	2942
2.039036796	86
2.038990624	1514
2.039048368	86
2.107618066	2942
2.107642794	86
2.139294964	2942
2.139320079	86
2.139295234	2942
2.139340524	86
2.207897675	2942
2.207922574	86
2.239600570	2942
2.239625245	86
2.239600795	2942
2.239645764	86
2.239600862	1514
2.239657394	86
2.308196590	2942
2.308221602	86
2.339917980	2942
2.339943257	86
2.339918218	2942
2.339963800	86
2.408508898	2942
2.408531548	98
2.440480079	2942
2.440504209	98
2.440480306	2942
2.440523626	98
2.508796751	1514
2.508822681	86
2.540777327	2942
2.540802002	86
2.540777599	2942
2.540854929	86
2.609063517	1514
2.641065515	2942
2.641090595	86
2.641065763	2942
2.641065853	1514
2.641144367	86
2.741345483	2942
2.741345756	2942
2.741345828	2942
2.741420892	86
2.841717558	2942
2.841717825	4370
2.841717915	2942
2.841717985	1514
2.841795155	86
2.942083746	2942
2.942083983	2942
2.942084051	2942
2.942084121	2942
2.942161080	86
3.042407728	2942
3.042407951	2942
3.042408021	2942
3.042408088	2942
3.042491998	86
3.142783436	2942
3.142783689	2942
3.142783759	2942
3.142783826	2942
3.142863243	86
3.243151389	2942
3.243151671	2942
3.243151741	2942
3.243191838	98
3.343480766	2942
3.343504796	98
3.343481001	2942
3.343524076	98
3.343481071	2942
3.344669170	98
3.371515228	1514
3.371544703	98
3.443794532	1514
3.443825537	86
3.443794779	1514
3.444920771	2942
3.444950071	86
3.471815904	1514
3.522404405	86
3.544109807	1514
3.545212489	2942
3.545268709	86
3.622692048	2942
3.622749000	86
3.645520222	2942
3.645520467	2942
3.645584564	86
3.723032913	2942
3.723108875	86
3.745855405	2942
3.745855647	2942
3.745855715	1514
3.745932089	86
3.823396870	2942
3.823473430	86
3.846216510	4370
3.846216752	2942
3.846294984	86
3.923752490	2942
3.923829710	86
3.946583813	2942
3.946584053	2942
3.946584123	1514
3.946661034	86
4.024115608	2942
4.024190095	86
4.124493666	2942
4.124493888	2942
4.124493956	2942
4.124494026	2942
4.124548325	1514
4.124598425	86
4.224890195	2942
4.224890415	2942
4.224890483	2942
4.224890553	2942
4.224932873	1514
4.224972017	86
4.325245493	2942
4.325245728	2942
4.325245818	2942
4.325245888	2942
4.325287098	1514
4.325325540	86
4.425615033	2942
4.425615268	2942
4.425615338	2942
4.425615405	2942
4.425655700	1514
4.425694660	86
4.525990253	2942
4.525990488	2942
4.525990575	2942
4.525990645	2942
4.526031058	1514
4.526068350	86
4.626341793	2942
4.626342016	2942
4.626342103	2942
4.626342173	2942
4.626383333	1514
4.626423505	86
4.726716673	2942
4.726740188	98
4.726716906	2942
4.726761255	98
4.726716976	2942
4.726774445	98
4.726717043	2942
4.727896324	98
4.827032259	2942
4.827059336	86
4.827032506	4370
4.827115745	86
4.828168123	2942
4.828245365	86
4.927351979	2942
4.927352199	2942
4.927352269	1514
4.927428623	86
4.928528538	2942
4.928528765	1514
4.928605607	86
5.027703761	2942
5.027703984	2942
5.027781846	86
5.028871498	2942
5.028871718	2942
5.028871788	1514
5.028949132	86
5.128060384	2942
5.128060607	2942
5.128138384	86
5.129213153	2942
5.129213373	2942
5.129213441	1514
5.129291738	86
5.228428369	2942
5.228428617	2942
5.228504544	86
5.229555091	2942
5.229555318	1514
5.229586476	98
5.328772902	2942
5.328797012	98
5.328773147	2942
5.328817482	98
5.429091690	2942
5.429119180	86
5.429091932	2942
5.429092000	4370
5.429176402	86
5.529409848	2942
5.529410070	2942
5.529410138	2942
5.529410208	2942
5.529489905	86
5.629779883	2942
5.629780115	2942
5.629780185	2942
5.629780253	2942
5.629858907	86
5.730135993	2942
5.730136225	2942
5.730136313	2942
5.730136383	2942
5.730214462	86
5.830504370	2942
5.830504606	2942
5.830504676	2942
5.830504743	2942
5.830545673	2942
5.830582532	86
5.930872610	2942
5.930872843	2942
5.930872933	2942
5.930873003	2942
5.930914310	2942
5.930953195	86
6.031244265	2942
6.031244501	2942
6.031244568	2942
6.031244638	2942
6.031286230	2942
6.031325667	86
6.131590656	2942
6.131590891	2942
6.131590958	2942
6.131591028	2942
6.131631305	2942
6.131671490	86
6.231958026	2942
6.231958261	2942
6.231958331	4370
6.231958403	2942
6.232000830	2942
6.232000956	1514
6.232038888	86
6.332328731	2942
6.332328953	2942
6.332329021	2942
6.332329091	2942
6.332372175	2942
6.332372330	2942
6.332408108	86
6.432693783	2942
6.432716591	98
6.432694001	2942
6.432737498	98
6.432694071	2942
6.432750545	98
6.432694141	2942
6.432763883	2942
6.433877565	98
6.533013239	2942
6.533013491	2942
6.533050141	86
6.534160213	2942
6.534184883	86
6.534160435	2942
6.534238122	86
6.633343189	2942
6.633343439	2942
6.633420371	86
6.634464538	2942
6.634464758	2942
6.634464846	1514
6.634542123	86
6.733681062	2942
6.733681312	2942
6.733758974	86
6.734824293	2942
6.734824541	2942
6.734824613	2942
6.734902258	86
6.834006299	2942
6.834006525	2942
6.834083076	86
6.835165929	2942
6.835166159	2942
6.835166229	2942
6.835244108	86
6.934330250	2942
6.934330527	2942
6.934417312	86
6.935490684	2942
6.935490907	2942
6.935490977	2942
6.935568903	86
7.034706562	2942
7.034706815	2942
7.034784034	86
7.035831557	2942
7.035831779	2942
7.035831849	2942
7.035831919	1514
7.035910684	86
7.135075325	2942
7.135075572	2942
7.135153459	86
7.136196859	2942
7.136197082	2942
7.136197152	2942
7.136197222	1514
7.136275136	86
7.235406175	2942
7.235406423	2942
7.235484677	86
7.236559687	2942
7.236559912	2942
7.236559982	2942
7.236560049	1514
7.236639031	86
7.335739903	2942
7.335740148	2942
7.335816232	86
7.336922439	2942
7.336922664	2942
7.336922732	2942
7.336922802	2942
7.336961384	1514
7.337002491	86
7.436105851	2942
7.436106101	2942
7.436181942	86
7.437274045	2942
7.437274270	2942
7.437274340	2942
7.437274407	1514
7.437318192	98
7.536473713	2942
7.536498041	98
7.536473963	2942
7.536518388	98
7.537589595	2942
7.537589820	2942
7.537589890	2942
7.538737637	98
7.567445649	1514
7.567470368	98
7.636792221	1514
7.636820386	86
7.636792448	1514
7.639027167	2942
7.639053470	86
7.639027392	2942
7.639027480	2942
7.639086874	86
7.639107484	86
7.667740142	1514
7.718388779	86
7.737103099	1514
7.739322875	2942
7.739323113	2942
7.739323180	2942
7.739383890	86
7.818676438	2942
7.818732412	86
7.839660373	2942
7.839660640	2942
7.839660730	2942
7.839660798	2942
7.839723078	86
7.919009395	2942
7.919065815	86
7.940013516	2942
7.940013771	2942
7.940013841	2942
7.940013911	2942
7.940063790	1514
7.940076783	86
7.982390489	86
8.019323238	2942
8.019378895	86
8.040369658	2942
8.040369893	2942
8.040369983	2942
8.040370051	2942
8.040433148	86
8.082668927	2942
8.082723386	86
8.119654459	2942
8.119731723	86
8.140726506	2942
8.140749468	98
8.140726754	2942
8.140769011	98
8.140726821	2942
8.140782316	98
8.182977512	2942
8.184123894	98
8.220000391	2942
8.221147315	98
8.241033901	2942
8.241034149	2942
8.241070721	86
8.284417227	2942
8.284441829	86
8.321435981	2942
8.321460728	86
8.341316192	2942
8.341340969	86
8.341316440	2942
8.341393864	86
8.384719430	2942
8.384795349	86
8.421743004	2942
8.421819439	86
8.441609488	2942
8.441685857	86
8.485058373	2942
8.485058598	2942
8.485135302	86
8.522101427	2942
8.522177994	86
8.541972453	2942
8.542048630	86
8.585422650	2942
8.585422898	2942
8.585422988	1514
8.585501345	86
8.622461709	2942
8.622538796	86
8.642318348	2942
8.642408440	86
8.685790943	2942
8.685791190	2942
8.685791258	2942
8.685868752	86
8.722823967	2942
8.722901016	86
8.742690781	2942
8.742766382	86
8.786141133	2942
8.786141380	2942
8.786141448	2942
8.786218967	86
8.823187299	2942
8.823263461	86
8.843010043	2942
8.843086403	86
8.886473113	2942
8.886473338	2942
8.886473408	2942
8.886552093	86
8.923554782	2942
8.923630294	86
8.943350079	2942
8.943426360	86
8.986812861	2942
8.986813131	2942
8.986813201	2942
8.986892088	86
9.023903402	2942
9.023980057	86
9.043712001	2942
9.043786983	86
9.087177729	2942
9.087177954	2942
9.087178024	2942
9.087255566	86
9.124271007	2942
9.124271257	2942
9.124348607	86
9.144064956	1514
9.187525919	2942
9.187550944	86
9.187526164	2942
9.187526254	2942
9.187605271	86
9.224623875	2942
9.224624145	2942
9.224624212	1514
9.224701519	86
9.287812912	2942
9.287813189	2942
9.287813257	2942
9.287892401	86
9.324990602	2942
9.324990878	2942
9.324990968	2942
9.324991038	1514
9.325070504	86
9.388184000	2942
9.388184254	2942
9.388184344	2942
9.388262854	86
9.425346683	2942
9.425346957	2942
9.425347027	2942
9.425347095	1514
9.425425450	86
9.488548075	2942
9.488548322	2942
9.488548389	2942
9.488626379	86
9.525701493	2942
9.525701758	2942
9.525701828	2942
9.525701898	2942
9.525780835	86
9.588901442	2942
9.588901690	2942
9.588901760	1514
9.588979441	86
9.626058460	2942
9.626058725	2942
9.626058795	2942
9.626058863	2942
9.626100292	1514
9.626138165	86
9.689267272	2942
9.689267520	2942
9.689267590	1514
9.689344834	86
9.789617087	2942
9.789617325	2942
9.789617395	2942
9.789617462	2942
9.789663070	2942
9.789663210	2942
9.789663280	2942
9.789663352	2942
9.789698567	86
9.889968673	2942
9.889968895	2942
9.889968965	2942
9.889969035	2942
9.890012275	2942
9.890012435	2942
9.890012522	2942
9.890012592	2942
9.890050532	86
9.990308715	2942
9.990308938	2942
9.990309008	2942
9.990309078	2942
9.990352862	2942
9.990353010	2942
9.990353080	4370
9.990353150	1514
9.990406130	86
10.090678813	2942
10.090679035	2942
10.090679105	2942
10.090679175	2942
10.090724580	2942
10.090724722	2942
10.090724810	2942
10.090724878	2942
10.090759987	86
10.191055660	2942
10.191055898	2942
10.191055965	2942
10.191056035	2942
10.191098700	2942
10.191098852	2942
10.191098940	2942
10.191099010	2942
10.191119465	2942
10.191138355	86
10.191161402	86
10.291438465	2942
10.291438705	2942
10.291438773	2942
10.291438843	2942
10.291481340	2942
10.291481490	2942
10.291481560	2942
10.291481627	2942
10.291501057	2942
10.291521032	86
10.291543804	86
10.391802085	2942
10.391802325	2942
10.391802393	2942
10.391802463	2942
10.391847797	4370
10.391847947	2942
10.391866322	98
10.391848017	2942
10.391848085	1514
10.391895040	98
10.492172800	2942
10.492197045	98
10.492173040	2942
10.492173108	2942
10.492173178	2942
10.492227357	2942
10.492227457	2942
10.492227527	1514
10.492246015	98
10.502740001	87
10.502834993	98
10.502890365	87
10.592477951	1514
10.592516358	74
10.592478188	2942
10.592542280	74
10.592478258	2942
10.592551975	74
10.592478328	2942
10.592560078	74
10.592478396	2942
10.592568003	74
10.592573375	2942
10.592579843	74
10.592573487	1514
10.592587785	74
10.603095694	86
10.603171401	90
10.603171631	371
10.603246130	86
10.603256465	86
10.603280047	74
10.603336375	90
10.603348607	415
10.603358604	87
10.703545321	86
10.703583440	87
10.703583616	86
10.703668437	86
10.911303435	86
10.911333621	98
11.038397469	86
11.138690319	86
