0.000000000	94
0.000037223	94
0.010328908	86
0.010329110	123
0.010572439	86
0.010628376	87
0.020818722	86
0.020887957	90
0.020888053	210
0.020928409	86
0.020963423	87
0.031326791	94
0.031367857	94
0.041641731	123
0.041683301	86
0.042269394	87
0.042278764	87
0.052491743	86
0.052497428	2942
0.052523805	86
0.052497653	2942
0.052545307	86
0.052497723	2942
0.052558020	86
0.052497790	2942
0.052566212	86
0.052571275	2942
0.052578105	86
0.062779476	2942
0.062804295	86
0.062779696	2942
0.062826385	86
0.062779766	2942
0.062839593	86
0.062779833	2942
0.062848435	86
0.062857238	4370
0.062864910	86
0.062857353	4370
0.062875328	86
0.062857420	4370
0.062884050	86
0.062888615	4370
0.062895297	86
0.073060951	2942
0.073086051	86
0.073061179	5798
0.073108456	86
0.073061246	5798
0.073122126	86
0.073129951	7226
0.073137918	86
0.073130068	7226
0.073147586	86
0.073155523	5798
0.073163038	86
0.073155635	10082
0.073173355	86
0.083353644	10082
0.083381159	86
0.083353866	11510
0.083405596	86
0.083414376	12938
0.083425591	86
0.083433003	14366
0.083442268	86
0.083446723	4370
0.083453176	86
0.084534313	15794
0.084563200	86
0.087227158	15794
0.087255366	86
0.090115245	17222
0.090144230	86
0.093654012	14366
0.093683164	86
0.096408935	22934
0.096439507	86
0.097883986	8654
0.097910458	86
0.102469741	27218
0.102504178	86
0.103187605	4370
0.103214950	86
0.108019740	28646
0.108052663	86
0.108477454	2942
0.108503637	86
0.114117233	32930
0.114151691	86
0.119404835	31502
0.119438150	86
0.125496289	35786
0.125531928	86
0.130347271	28646
0.130380026	86
0.137134104	40070
0.137207631	86
0.140033048	17222
0.140064628	86
0.141238174	7226
0.141265402	86
0.148276679	41498
0.148371265	86
0.152150095	22934
0.152214895	86
0.158933766	40070
0.159006598	86
0.163037609	24362
0.163101444	86
0.169352166	37214
0.169425305	86
0.173949307	27218
0.174017859	86
0.180467203	38642
0.180541197	86
0.184854158	25790
0.184921960	86
0.191394828	38642
0.191473640	86
0.195752114	25790
0.195819824	86
0.202293417	38642
0.202365769	86
0.206652405	25790
0.206684600	86
0.212908827	37214
0.212943590	86
0.217554771	27218
0.217587543	86
0.223612373	35786
0.223647467	86
0.226728137	18650
0.226758802	86
0.228440992	10082
0.228469917	86
0.234241440	34358
0.234279228	86
0.239336961	30074
0.239368986	86
0.242499856	18650
0.242530433	86
0.245646500	18650
0.245677095	86
0.248794540	18650
0.248825127	86
0.250247757	8654
0.250275414	86
0.253155818	17222
0.253221750	86
0.256027725	17222
0.256110409	86
0.258941891	17222
0.259023243	86
0.261143663	12938
0.261227372	86
0.263814258	15794
0.263896133	86
0.266427067	15794
0.266508982	86
0.268879744	14366
0.268946536	86
0.271323347	14366
0.271404876	86
0.272006362	4370
0.272039952	86
0.274438184	14366
0.274521734	86
0.276849002	14366
0.276876921	86
0.279076271	12938
0.279103720	86
0.281255755	12938
0.281283469	86
0.282939405	10082
0.282965687	86
0.285109072	12938
0.285136454	86
0.287282411	12938
0.287309256	86
0.289488695	12938
0.289515595	86
0.291389546	11510
0.291414778	98
0.291850625	2942
0.291874493	98
0.293850708	11510
0.293876931	98
0.295788862	11510
0.295815234	98
0.297723555	11510
0.297750332	98
0.299648031	11510
0.299673669	98
0.301600162	11510
0.301626374	98
0.302790866	7226
0.302815353	98
0.304715485	11510
0.304741975	98
0.306667433	11510
0.306693125	98
0.308366773	10082
0.308392865	98
0.310051118	10082
0.310076411	98
0.311734469	10082
0.311760468	98
0.313434524	10082
0.313459779	98
0.313667660	1514
0.313690987	98
0.315347550	10082
0.315378302	98
0.317080198	10082
0.317106572	98
0.318734518	10082
0.318760795	98
0.320497103	10082
0.320522965	98
0.322147506	10082
0.322174031	98
0.323608695	8654
0.323634465	98
0.324590916	5798
0.324615895	98
0.326028118	8654
0.326054217	98
0.327473082	8654
0.327498904	98
0.328937792	8654
0.328963674	98
0.330398933	8654
0.330424833	98
0.331812366	8654
0.331838048	98
0.333306522	8654
0.333332647	98
0.334726220	8654
0.334752357	98
0.335516954	4370
0.335541399	98
0.336923854	8654
0.336950058	98
0.338373978	8654
0.338400051	98
0.339843807	8654
0.339869697	98
0.341302777	8654
0.341328694	98
0.342776924	8654
0.342802741	98
0.344229501	8654
0.344255091	98
0.345685830	8654
0.346329033	4370
0.346357628	98
0.347858667	8654
0.348522552	98
0.349296289	8654
0.349944534	98
0.350764446	8654
0.351413294	98
0.351934772	7226
0.352598755	98
0.353194691	7226
0.353840416	98
0.354383095	7226
0.355031630	98
0.355594441	7226
0.356257008	98
0.356798207	7226
0.357263079	2942
0.357446205	98
0.358528705	7226
0.359191107	98
0.359720758	7226
0.360367401	98
0.360935062	7226
0.361599022	98
0.362122899	7226
0.362771321	98
0.363309650	7226
0.363972590	98
0.364549946	7226
0.365212214	98
0.365730397	7226
0.366395218	98
0.366935966	7226
0.367599786	98
0.368188857	7226
0.368849825	106
0.369400756	7226
0.370048091	106
0.370598077	7226
0.371246507	106
0.371807933	7226
0.372470811	106
0.373036590	7226
0.373683952	106
0.374243101	7226
0.374891603	106
0.375435302	7226
0.376095535	106
0.376667343	7226
0.377329648	106
0.377841852	7226
0.378487762	106
0.379074901	7226
0.379713468	106
0.380277502	7226
0.380910675	106
0.381500813	7226
0.382148236	106
0.382712272	7226
0.383359662	106
0.383924651	7226
0.384573411	106
0.385130364	7226
0.385777492	106
0.386339653	7226
0.386367698	106
0.386547709	1514
0.386573324	106
0.386787835	1514
0.386813505	106
0.387057450	1514
0.387085698	98
0.388298576	7226
0.388323261	98
0.389533105	7226
0.389557960	98
0.389728201	1514
0.389751643	98
0.390719081	5798
0.390749806	98
0.390915850	1514
0.390938475	98
0.392104639	7226
0.392128176	98
0.392396576	1514
0.392419361	98
0.393598840	7226
0.393624998	98
0.394571128	5798
0.394584998	98
0.395757352	7226
0.395771447	98
0.396988913	7226
0.397002681	98
0.397215092	1514
0.397227844	98
0.398460733	7226
0.399098708	98
0.399611977	7226
0.400245835	98
0.400867615	7226
0.401499848	98
0.401617270	4370
0.402046989	2942
0.402248900	98
0.403529749	8654
0.404161524	98
0.404497469	5798
0.405130389	98
0.405730555	7226
0.406362740	98
0.406922426	7226
0.407575984	98
0.408150235	7226
0.408797548	98
0.409113878	5798
0.409760873	98
0.409789570	4370
0.410453963	98
0.410808098	5798
0.411462213	98
0.411777164	5798
0.412423801	98
0.412452801	4370
0.412719797	1514
0.413096709	98
0.414196611	8654
0.414844524	98
0.415188334	5798
0.415838374	106
0.416134202	5798
0.416598134	2942
0.416777400	106
0.417551584	5798
0.418190392	106
0.418765665	7226
0.419410958	106
0.419751668	5798
0.420385401	106
0.420698271	5798
0.421203658	2942
0.421216620	106
0.422904321	10082
0.423538788	114
0.423872588	5798
0.424507156	114
0.424820941	5798
0.425452894	114
0.425784372	5798
0.426416330	114
0.426537712	4370
0.427169972	114
0.427504892	5798
0.428136925	114
0.428204937	4370
0.428836400	114
0.429441718	7226
0.430073731	114
0.430415071	5798
0.431047564	114
0.431117626	4370
0.431748999	114
0.431863933	4370
0.432495323	114
0.432822516	5798
0.433456226	114
0.433550436	4370
0.434196921	114
0.434543589	5798
0.435188351	114
0.435212539	4370
0.435854977	114
0.436241004	5798
0.436885232	114
0.436908899	4370
0.436925709	114
0.437424795	2942
0.437453683	114
0.437923529	2942
0.437948426	114
0.438661184	4370
0.438687286	114
0.439635959	5798
0.439665134	114
0.440836078	7226
0.440860780	114
0.442041747	7226
0.442298868	1514
0.442707599	114
0.443251168	5798
0.443884523	114
0.444460469	7226
0.445094050	114
0.445676473	7226
0.446324423	114
0.446897099	7226
0.447544702	114
0.448109355	7226
0.448756138	114
0.450057736	11510
0.450530138	2942
0.450702674	114
0.451718934	7226
0.451969387	1514
0.452218986	1514
0.452362042	114
0.452433894	1514
0.453090934	114
0.453163444	4370
0.453682987	2942
0.453806179	114
0.454658940	5798
0.454894136	1514
0.455139229	1514
0.455302226	114
0.456114565	5798
0.456306721	1514
0.456761578	114
0.457327313	5798
0.457557347	1514
0.457809910	1514
0.457970489	114
0.458776618	5798
0.458980837	1514
0.459422898	114
0.459946377	5798
0.460582065	114
0.460909943	5798
0.461173723	1514
0.461542275	114
0.462391602	7226
0.463029677	114
0.463574343	7226
0.463821329	1514
0.464081342	1514
0.464204906	114
0.465298548	7226
0.465947696	114
0.466262366	5798
0.466894812	114
0.467447818	7226
0.468080001	114
0.468662944	7226
0.469295117	114
0.469661296	5798
0.470292822	114
0.470874393	7226
0.471506371	114
0.472050162	7226
0.472699470	114
0.473052017	5798
0.473539004	2942
0.473682285	114
0.473752744	1514
0.474383032	114
0.474743972	5798
0.475375320	114
0.475692695	5798
0.476324068	114
0.477199297	8654
0.477831617	114
0.477870462	4370
0.477892214	114
0.478852940	5798
0.478877672	114
0.480334727	8654
0.480359836	114
0.481302605	5798
0.481336219	114
0.482512948	7226
0.482537823	114
0.483463579	5798
0.483487984	114
0.484959448	8654
0.484988233	114
0.485674308	4370
0.485698270	114
0.487128775	8654
0.487154367	114
0.488094043	5798
0.488118680	114
0.489060789	5798
0.489088096	114
0.490002657	5798
0.490027142	114
0.490972470	5798
0.490997249	114
0.491931845	5798
0.491956718	114
0.492682872	4370
0.492706939	114
0.493659123	5798
0.493683172	114
0.494376587	4370
0.494400760	114
0.495560001	7226
0.495584716	114
0.496556977	5798
0.496581911	114
0.497291286	4370
0.497315256	114
0.497532137	1514
0.497555714	114
0.498012254	2942
0.498036301	114
0.498972914	5798
0.498998349	114
0.499682772	4370
0.499706789	114
0.500672564	5798
0.500697039	114
0.501416504	4370
0.501440834	114
0.502355562	5798
0.502380639	114
0.503056862	4370
0.503086892	114
0.503557678	2942
0.503581863	114
0.503808692	1514
0.503832522	114
0.504310203	2942
0.504334763	114
0.505038315	4370
0.505063107	114
0.505984601	5798
0.506012501	114
0.506724985	4370
0.506749393	114
0.507411308	4370
0.507435400	114
0.508466245	5798
0.508491063	114
0.509167070	4370
0.509191620	114
0.510075034	5798
0.510090709	114
0.511771319	10082
0.511785751	114
0.512779189	5798
0.512792431	114
0.513013572	1514
0.513025402	114
0.513990138	5798
0.514003288	114
0.514711750	4370
0.514725677	114
0.515686948	5798
0.515700073	114
0.516654091	5798
0.516666966	114
0.517383761	4370
0.517396548	114
0.518078346	4370
0.518091453	114
0.518318834	1514
0.518330311	114
0.519050256	4370
0.519063026	114
0.520288655	7226
0.520302277	114
0.521016074	4370
0.521029077	114
0.521738347	4370
0.521755369	114
0.522450207	4370
0.522474841	114
0.523396577	5798
0.523421062	114
0.523922041	2942
0.523946136	114
0.524655181	4370
0.524679990	114
0.525138437	2942
0.525162834	114
0.525618696	2942
0.525644033	114
0.526583571	5798
0.526608411	114
0.527320801	4370
0.527345428	114
0.527530550	1514
0.527554002	114
0.528058153	2942
0.528082476	114
0.528986604	5798
0.529013034	114
0.529493863	2942
0.529517453	114
0.530194785	4370
0.530219513	114
0.531175613	5798
0.531200756	114
0.531421704	1514
0.531446724	114
0.531923310	2942
0.531947770	114
0.532875426	5798
0.532888951	114
0.534344713	8654
0.534369520	114
0.535074065	4370
0.535098707	114
0.536060690	5798
0.536085480	114
0.536764373	4370
0.536788933	114
0.537256222	2942
0.537280772	114
0.537958739	4370
0.537982794	114
0.538680256	4370
0.538707951	114
0.539399836	4370
0.539424394	114
0.539922830	2942
0.539946890	114
0.541591213	10082
0.541616915	114
0.541838396	1514
0.541860928	114
0.542313147	2942
0.542336952	114
0.543035800	4370
0.543059464	114
0.543294580	1514
0.543317120	114
0.543797802	2942
0.543822252	114
0.544760440	5798
0.544785210	114
0.545463255	4370
0.545487752	114
0.546456123	5798
0.546480787	114
0.547172410	4370
0.547196334	114
0.548124000	5798
0.548148665	114
0.549361546	7226
0.549387349	114
0.549581880	1514
0.549605512	114
0.550089639	2942
0.550737346	114
0.550765826	4370
0.551409819	114
0.551786079	5798
0.552432492	114
0.552461204	4370
0.552756467	1514
0.553105189	114
0.553205276	2942
0.553851334	114
0.554206469	5798
0.554854644	114
0.555660103	8654
0.556307054	114
0.556868230	7226
0.557516165	114
0.557832700	5798
0.558068828	1514
0.558477453	114
0.559023726	5798
0.559670314	114
0.559989567	5798
0.560635825	114
0.560707132	4370
0.561355855	114
0.561707189	5798
0.562353732	114
0.562628453	5798
0.563279855	114
0.563411985	4370
0.563894519	2942
0.564054857	114
0.564081090	1514
0.564369395	1514
0.564713195	114
0.565092142	4370
0.565723675	114
0.566306096	7226
0.566946386	114
0.567020621	4370
0.567652766	114
0.567756693	4370
0.568394516	114
0.568465855	4370
0.569097253	114
0.569445676	5798
0.569661147	1514
0.569679934	106
0.570181073	2942
0.570193338	106
0.570908218	4370
0.570920453	106
0.571393802	2942
0.571405632	106
0.572846334	8654
0.572859554	106
0.573568308	4370
0.573580523	106
0.573783159	1514
0.573794622	106
0.574283473	2942
0.574295331	106
0.575049698	4370
0.575061888	106
0.575754720	4370
0.575767027	106
0.576437245	4370
0.576460232	106
0.577462043	5798
0.577487343	106
0.577670179	1514
0.577693826	106
0.578187710	2942
0.578212210	106
0.580332399	12938
0.580349642	106
0.581082704	4370
0.581095374	114
0.582063382	5798
0.582088749	114
0.582749234	4370
0.582763917	114
0.583514286	4370
0.583538376	114
0.584968938	8654
0.584994296	114
0.585192352	1514
0.585204452	114
0.585423543	1514
0.586067025	114
0.587106110	10082
0.587394226	1514
0.587752241	114
0.587850070	2942
0.588348031	2942
0.588369781	114
0.589076384	4370
0.589089851	114
0.589281985	1514
0.589293887	114
0.589785391	2942
0.589797876	114
0.590739434	5798
0.590752544	114
0.591497663	4370
0.592129469	114
0.592448862	5798
0.593080677	114
0.593167369	4370
0.593799132	114
0.594374575	7226
0.594621421	1514
0.595004533	114
0.595141365	2942
0.595636243	2942
0.595788662	114
0.595819802	1514
0.596458827	114
0.596834145	5798
0.596862097	114
0.597796530	5798
0.597821035	114
0.598745124	5798
0.598769523	114
0.599262425	2942
0.599909232	114
0.600233205	5798
0.600880878	114
0.600910043	4370
0.600931288	114
0.602414967	8654
0.602440227	114
0.603598996	7226
0.603627655	114
0.604800375	7226
0.604826602	114
0.605807025	5798
0.605832135	114
0.606739986	5798
0.606764868	114
0.607470130	4370
0.607494303	114
0.608235240	4370
0.608431163	1514
0.608881890	114
0.609451071	5798
0.610108849	114
0.610649317	7226
0.611296405	114
0.611837819	7226
0.612502334	114
0.613083770	7226
0.613730882	114
0.613750217	4370
0.614409752	114
0.614504679	4370
0.615151857	114
0.615228634	4370
0.615875007	114
0.616231952	5798
0.616681284	2942
0.616704228	114
0.617197542	2942
0.617846895	114
0.618652982	8654
0.618847448	1514
0.619093846	1514
0.619298209	114
0.619606930	2942
0.620092396	2942
0.620249160	114
0.620808984	4370
0.621316405	2942
0.621451161	114
0.621516533	1514
0.621735164	1514
0.622159901	114
0.623475627	10082
0.623693288	1514
0.623715220	114
0.623943111	1514
0.623954741	114
0.624416310	2942
0.624428365	114
0.624909766	2942
0.624927374	114
0.625908402	5798
0.625921557	114
0.626132695	1514
0.626143885	114
0.627572527	8654
0.628205352	114
0.628292649	4370
0.628764728	2942
0.628922620	114
0.628998402	1514
0.629281552	1514
0.629629320	114
0.629782169	2942
0.629983677	1514
0.630414614	114
0.630469026	2942
0.631100029	114
0.631184843	4370
0.631689677	2942
0.631814716	114
0.632676568	5798
0.632694305	106
0.633401350	4370
0.633414607	106
0.633643771	1514
0.633655238	106
0.634130054	2942
0.634141927	106
0.634874597	4370
0.634898269	106
0.635834610	5798
0.635858875	106
0.636548162	4370
0.636572097	106
0.637052788	2942
0.637717431	106
0.638022746	5798
0.638667667	106
0.638964977	5798
0.639611030	106
0.639681062	4370
0.640324917	106
0.640405724	4370
0.641037702	106
0.641159429	4370
0.641641060	2942
0.641789816	106
0.642368622	4370
0.643000585	106
0.643571954	7226
0.644204554	106
0.645042378	8654
0.645683033	106
0.646010706	5798
0.646643151	106
0.646701788	4370
0.647333234	106
0.647465248	4370
0.648109626	106
0.648155270	4370
0.648786611	106
0.649155953	5798
0.649386951	1514
0.649403154	98
0.650369412	5798
0.650382039	98
0.652064677	10082
0.652078177	98
0.652281423	1514
0.652796129	2942
0.652912186	98
0.653286446	2942
0.653928788	98
0.654444827	7226
0.654959523	2942
0.655088100	98
0.656680116	10082
0.656910052	1514
0.657097076	1514
0.657325519	98
0.657891622	4370
0.657919135	86
0.658384639	2942
0.658409646	86
0.658861300	2942
0.658886883	86
0.659828511	5798
0.659854153	86
0.660068249	1514
0.660092556	86
0.661504709	8654
0.661520269	86
0.662702072	7226
0.662717622	86
0.663193579	2942
0.663206889	86
0.663907749	4370
0.663921368	86
0.664412980	2942
0.664425750	86
0.665619331	7226
0.665688911	86
0.666348426	4370
0.666418906	86
0.666785455	2942
0.666797200	86
0.667049609	1514
0.667062226	86
0.667279854	1514
0.668042116	4370
0.668112031	86
0.668533858	2942
0.668606047	86
0.669453594	5798
0.669518953	86
0.670223276	4370
0.670289702	86
0.670702722	2942
0.670755884	86
0.671410812	4370
0.671479804	86
0.671885983	2942
0.671952318	86
0.672420470	2942
0.672443419	98
0.673387607	5798
0.673412330	98
0.674359466	5798
0.674385065	98
0.674547027	1514
0.674561084	98
0.675048535	2942
0.675549697	2942
0.675690976	98
0.676053496	2942
0.676525152	2942
0.676696019	98
0.677476163	5798
0.677964122	2942
0.678119881	98
0.679200408	7226
0.679671217	2942
0.679843698	98
0.681381355	10082
0.682029015	98
0.682808619	8654
0.683301211	2942
0.683453537	98
0.683527314	1514
0.684075655	2942
0.684169404	98
0.684781712	4370
0.685428095	98
0.685457685	4370
0.685960539	2942
0.686102928	98
0.686711393	4370
0.686920444	1514
0.687359366	98
0.687387816	2942
0.688031941	98
0.688177373	4370
0.688840648	98
0.688857085	4370
0.689500676	98
0.689598088	4370
0.690244540	98
0.690324365	4370
0.690970725	98
0.691066702	4370
0.691713680	98
0.691808894	4370
0.692454624	98
0.692498304	4370
0.693130702	98
0.693210236	4370
0.693842197	98
0.693956406	4370
0.694600544	98
0.694706778	4370
0.695353498	98
0.695418653	4370
0.696062756	98
0.696164435	4370
0.696192842	86
0.696898027	4370
0.696924679	86
0.697121438	1514
0.697831875	4370
0.697858472	86
0.698326637	2942
0.698353336	86
0.699281435	5798
0.699318919	86
0.700263550	5798
0.700296675	86
0.700486409	1514
0.701449994	5798
0.701480604	86
0.701694612	1514
0.702658460	5798
0.702697157	86
0.703167604	2942
0.703196384	86
0.703651346	2942
0.703681228	86
0.704871719	7226
0.704902899	86
0.705571027	4370
0.705600002	86
0.706074973	2942
0.706104273	86
0.706529212	2942
0.706557872	86
0.707033526	2942
0.707067531	86
0.708028549	5798
0.708079024	86
0.708510665	2942
0.708557973	86
0.708969337	2942
0.709018442	86
0.709709254	4370
0.709753754	86
0.710418507	4370
0.710466536	86
0.711150686	4370
0.711200461	86
0.711903553	4370
0.711951148	86
0.712636123	4370
0.712685485	86
0.713323310	4370
0.713372255	86
0.714039085	4370
0.714080748	86
0.714763985	4370
0.714801970	86
0.715490497	4370
0.715532257	86
0.716221177	4370
0.716263522	86
0.716953629	4370
0.716996131	86
0.717697274	4370
0.717740346	86
0.718396224	4370
0.718442031	86
0.718907440	2942
0.718949557	86
0.719642765	4370
0.719683127	86
0.720369724	4370
0.720406457	86
0.721095514	4370
0.721133997	86
0.721818652	4370
0.721857684	86
0.722532486	4370
0.722576078	86
0.723282001	4370
0.723323518	86
0.724247036	5798
0.724287141	86
0.725209459	5798
0.725225977	98
0.726153850	5798
0.726174692	106
0.727150995	5798
0.727165998	106
0.727879130	4370
0.728509685	106
0.728820243	5798
0.729450206	106
0.729781704	5798
0.730414617	106
0.730757804	5798
0.731394282	106
0.731756410	5798
0.732388057	106
0.732697255	5798
0.733328865	106
0.733658228	5798
0.734289398	106
0.734658938	5798
0.735291084	106
0.735627784	5798
0.736259407	106
0.736596242	5798
0.737228010	106
0.737538750	5798
0.738170075	106
0.738535053	5798
0.739166828	106
0.739236468	4370
0.739250468	106
0.739748702	2942
0.739761104	106
0.740229625	2942
0.740241563	98
0.740469874	1514
0.740943923	2942
0.741099142	106
0.741656720	4370
0.742166304	2942
0.742286733	106
0.742894904	4370
0.743527084	106
0.743873677	5798
0.744505277	106
0.744812737	5798
0.745452235	106
0.745799335	5798
0.746441066	106
0.746772321	5798
0.747403229	106
0.748478933	10082
0.748701982	1514
0.749121581	106
0.749672207	5798
0.749906908	1514
0.750316915	98
0.750646667	4370
0.751130572	2942
0.751277595	98
0.751321065	1514
0.751611003	1514
0.751949060	98
0.752321340	4370
0.752953803	98
0.753545716	7226
0.754188152	98
0.754256974	4370
0.754899719	98
0.756225197	11510
0.756871070	98
0.757183970	5798
0.757828738	98
0.758158285	5798
0.758789491	98
0.760096419	11510
0.760730387	98
0.761303028	7226
0.761532601	1514
0.761550346	86
0.762516387	5798
0.762530566	86
0.762707920	1514
0.763244159	2942
0.763256926	86
0.763941496	4370
0.764007958	86
0.765180102	7226
0.765248389	86
0.765904372	4370
0.765981406	86
0.767822303	11510
0.767898840	86
0.768782101	5798
0.768853491	86
0.769785974	5798
0.769852678	86
0.771697425	11510
0.771768564	86
0.772690463	5798
0.772756852	86
0.773407808	4370
0.773477220	86
0.774385165	5798
0.774450227	86
0.775355398	5798
0.775421023	86
0.776324491	5798
0.776392556	86
0.777285607	5798
0.777352054	86
0.778261650	5798
0.778327437	86
0.779218916	5798
0.779289945	86
0.780212293	5798
0.780283323	86
0.781181541	5798
0.781256191	86
0.782383407	7226
0.782457267	86
0.783584851	7226
0.783658673	86
0.784313383	4370
0.784385145	86
0.785549794	7226
0.785624804	86
0.786727014	7226
0.786798043	86
0.787957587	7226
0.788031396	86
0.789179878	7226
0.789253725	86
0.790387265	7226
0.790461401	86
0.791593166	7226
0.791665885	86
0.792808287	7226
0.792882481	86
0.794026135	7226
0.794098350	86
0.795218367	7226
0.795293939	86
0.796452721	7226
0.796526577	86
0.797665354	7226
0.797738344	86
0.798874865	7226
0.798946613	86
0.800086812	7226
0.800160581	86
0.801320238	7226
0.801395140	86
0.802508722	7226
0.802582556	86
0.803717325	7226
0.803791075	86
0.804934052	7226
0.805009753	86
0.806141303	7226
0.806216882	86
0.807353422	7226
0.807428336	86
0.808565283	7226
0.808651225	86
0.809775984	7226
0.809850994	86
0.810969833	7226
0.811045762	86
0.812176287	7226
0.812253171	86
0.813387415	7226
0.813464530	86
0.814596629	7226
0.814674426	86
0.815806605	7226
0.815883010	86
0.817041241	7226
0.817109101	86
0.818202413	7226
0.818270425	86
0.819410401	7226
0.819485949	86
0.820657970	7226
0.820723212	86
0.821861984	7226
0.821927608	86
0.823649421	7226
0.823715405	86
0.824287211	7226
0.824350468	86
0.825497543	7226
0.825565932	86
0.826685361	7226
0.826759486	86
0.827906353	7226
0.827976799	86
0.829130324	7226
0.829198156	86
0.830341792	7226
0.830410147	86
0.832089122	7226
0.832157772	86
0.832762907	7226
0.832830407	86
0.834511355	7226
0.834528032	98
0.835700703	7226
0.835714903	98
0.836913325	7226
0.836926397	98
0.838138248	7226
0.838777631	98
0.839362460	7226
0.839994382	98
0.840532051	7226
0.841163894	98
0.842281508	7226
0.842913316	98
0.842982721	7226
0.843614456	98
0.844683163	5798
0.844696693	98
0.847103616	1514
0.847117686	86
0.847103748	5798
0.847183870	86
0.848907675	7226
0.848977907	86
0.850160921	7226
0.850229146	86
0.851319833	7226
0.851387437	86
0.853058660	7226
0.853135005	86
0.853795612	7226
0.853882577	86
0.854868107	5798
0.854942199	86
0.857311657	5798
0.857388331	86
0.859184916	4370
0.859185138	4370
0.859261265	86
0.860407694	4370
0.860477389	86
0.861612221	4370
0.861612353	4370
0.861680243	86
0.863315356	4370
0.863315478	4370
0.863384385	86
0.864044233	4370
0.864111243	86
0.865141653	4370
0.865141775	4370
0.865209847	86
0.867568962	4370
0.867635977	86
0.869445962	4370
0.869446096	4370
0.869514543	86
0.870696502	4370
0.870765762	86
0.871922764	4370
0.871922884	4370
0.871991038	86
0.873607964	4370
0.873608186	4370
0.873684456	86
0.874339329	4370
0.874413700	86
0.875430898	4370
0.875431118	4370
0.875506862	86
0.877892663	4370
0.877967485	86
0.879683630	4370
0.879683850	4370
0.879760997	86
0.880929341	4370
0.881004973	86
0.882256789	4370
0.882257011	4370
0.882332658	86
0.883930827	4370
0.883931047	4370
0.884007471	86
0.884581054	4370
0.884655301	86
0.885768031	4370
0.885768251	4370
0.885842518	86
0.888215668	4370
0.888290750	86
0.889976673	4370
0.889976895	4370
0.890053022	86
0.891184064	4370
0.891259686	86
0.892592281	4370
0.892592506	4370
0.892668168	86
0.894250587	4370
0.894250809	4370
0.894327246	86
0.896092003	4370
0.896092223	4370
0.896092293	4370
0.896169753	86
0.898573970	5798
0.898649920	86
0.900291428	5798
0.900291653	5798
0.900369832	86
0.901472694	4370
0.901548641	86
0.902933491	5798
0.903010941	86
0.904595822	5798
0.904596042	5798
0.904674451	86
0.906386009	5798
0.906386229	5798
0.906472013	86
0.908843218	5798
0.908917480	86
0.910632680	5798
0.910632900	5798
0.910720517	86
0.911719455	5798
0.911791725	86
0.913276994	5798
0.913350078	86
0.914934337	5798
0.914934557	5798
0.915009801	86
0.916712171	5798
0.916712394	5798
0.916787933	86
0.919157954	5798
0.919232161	86
0.920930111	5798
0.920930331	5798
0.921006133	86
0.923573994	5798
0.923597879	98
0.925215525	5798
0.925239944	98
0.925215747	5798
0.925258699	98
0.927048996	5798
0.927049219	5798
0.927692862	98
0.929472166	5798
0.930128944	98
0.931220466	5798
0.931220686	5798
0.931866252	98
0.933878542	1514
0.933904517	86
0.933878762	2942
0.933963334	86
0.935434688	4370
0.935434906	4370
0.935507568	86
0.937965370	5798
0.938042137	86
0.940389000	5798
0.940466727	86
0.942156092	7226
0.942156315	4370
0.942233274	86
0.944151675	4370
0.944227364	86
0.945679446	2942
0.945679669	2942
0.945679739	2942
0.945756288	86
0.948286923	2942
0.948287147	2942
0.948362850	86
0.950722725	2942
0.950722947	2942
0.950802462	86
0.952503204	2942
0.952503430	2942
0.952534919	98
0.952503500	2942
0.952553806	98
0.954500538	2942
0.954524332	98
0.954500758	2942
0.955168553	98
0.955944225	2942
0.955944449	2942
0.955944519	1514
0.956595502	98
0.958646812	2942
0.958647040	2942
0.959307773	98
0.961022128	2942
0.961022350	2942
0.961665580	98
0.962792302	2942
0.962792522	2942
0.962792592	2942
0.962833157	86
0.964767693	1514
0.965386086	2942
0.965410223	86
0.966865043	1514
0.969587488	4370
0.969587713	1514
0.969663020	86
0.971946551	4370
0.972022031	86
0.973120403	2942
0.973152127	98
0.973120627	2942
0.973171190	98
0.973120695	2942
0.973182590	98
0.975690024	2942
0.976352252	98
0.979960178	2942
0.979960401	2942
0.979960471	2942
0.980606398	98
0.982262826	2942
0.982913642	98
0.983446168	2942
0.983446388	1514
0.983481535	86
0.983446458	2942
0.983537269	86
0.986636475	1514
0.990890481	2942
0.990890704	2942
0.990966881	86
0.993152707	2942
0.993224339	86
0.993717166	2942
0.993717391	2942
0.993789255	86
1.001255023	2942
1.001255249	2942
1.001328718	86
1.003467925	2942
1.003490360	98
1.003967809	2942
1.003992186	98
1.003968034	2942
1.004010314	98
1.003968104	1514
1.004649772	98
1.011591341	2942
1.011591569	2942
1.012253399	98
1.013772465	2942
1.014211127	2942
1.014239589	86
1.014905367	1514
1.024520748	2942
1.024545992	86
1.024520972	2942
1.024521040	2942
1.024597507	86
1.034810170	2942
1.034833030	98
1.034810393	2942
1.034855043	98
1.034810463	2942
1.034867843	98
1.034810530	1514
1.035504580	98
1.045121611	2942
1.045148473	86
1.045121836	2942
1.045121903	2942
1.045203028	86
1.045781756	1514
1.055441068	2942
1.055441296	2942
1.055441363	2942
1.055517928	86
1.065778963	2942
1.065779213	2942
1.065779283	2942
1.065779353	2942
1.065857330	86
1.076127894	2942
1.076128118	2942
1.076128188	2942
1.076128258	2942
1.076206255	86
1.086492218	2942
1.086492453	2942
1.086526955	98
1.086492523	2942
1.086547150	98
1.096774496	2942
1.096798221	98
1.096774721	2942
1.096774789	1514
1.096827506	98
1.107061264	1514
1.107086892	86
1.107061507	4370
1.107061577	1514
1.107141454	86
1.117370117	5798
1.117447376	86
1.127741032	2942
1.127763817	98
1.127741304	2942
1.127784974	98
1.137981738	2942
1.138008595	86
1.137981965	2942
1.138061567	86
1.148336297	2942
1.148336525	2942
1.148336595	1514
1.148412724	86
1.158705295	2942
1.158705560	2942
1.158705632	1514
1.158781949	86
1.169074260	2942
1.169096907	98
1.169074482	1514
1.169117124	98
1.179378555	2942
1.179402405	98
1.179378782	1514
1.179424435	98
1.189688043	1514
1.189714263	86
1.189688263	2942
1.189766350	86
1.200007938	4370
1.200008163	1514
1.200084288	86
1.210367773	2942
1.210367995	2942
1.210443142	86
1.220708420	2942
1.220708646	2942
1.220783397	86
1.231062985	2942
1.231063211	2942
1.231138100	86
1.241431955	2942
1.241454528	98
1.241432178	2942
1.241475370	98
1.251758068	2942
1.251785120	86
1.262070096	2942
1.262094320	86
1.272344869	2942
1.272369244	86
1.272345094	2942
1.272419003	86
1.282673456	2942
1.282696039	98
1.282673681	1514
1.282715766	98
1.292958207	2942
1.292982177	98
1.292958429	1514
1.293004219	98
1.303279394	2942
1.303303237	98
1.313565345	1514
1.313591692	86
1.313565573	1514
1.323881163	2942
1.323905342	86
1.334194180	2942
1.334218465	86
1.334194403	2942
1.334268627	86
1.344483606	2942
1.344483828	2942
1.344560123	86
1.354852536	2942
1.354852788	2942
1.354927873	86
1.365212561	2942
1.365212783	2942
1.365286538	86
1.375576908	2942
1.375577153	2942
1.375577223	2942
1.375653495	86
1.385902146	2942
1.385902368	2942
1.385902438	2942
1.385979243	86
1.396250036	2942
1.396250276	2942
1.396250361	2942
1.396326733	86
1.406611525	2942
1.406611748	2942
1.406611815	2942
1.406699310	86
1.416990380	2942
1.416990603	2942
1.416990670	2942
1.416990740	2942
1.417068132	86
1.427327043	2942
1.427327270	2942
1.427327340	2942
1.427327408	2942
1.427404922	86
1.437697513	2942
1.437697745	2942
1.437697815	2942
1.437697883	2942
1.437777395	86
1.448038450	2942
1.448038685	2942
1.448038753	2942
1.448038823	2942
1.448116547	86
1.458410930	2942
1.458411153	2942
1.458411243	2942
1.458411313	2942
1.458451925	2942
1.458488499	86
1.468762903	2942
1.468785450	98
1.468763130	2942
1.468806232	98
1.468763198	2942
1.468819477	106
1.479081078	2942
1.479081300	2942
1.479118078	98
1.479081370	2942
1.479137055	86
1.489411693	2942
1.489435985	86
1.489411918	2942
1.489411988	4370
1.489489970	86
1.499727496	2942
1.499727728	2942
1.499727798	2942
1.499727868	2942
1.499805203	86
1.524535108	1514
1.566729113	86
1.577017283	4370
1.577017500	2942
1.577017570	2942
1.577017640	1514
1.577095360	86
1.587344658	2942
1.587344881	2942
1.587344948	2942
1.587345018	2942
1.587422235	86
1.597711496	2942
1.597711713	2942
1.597711783	2942
1.597711853	2942
1.597788200	86
1.608081905	2942
1.608082128	2942
1.608082195	2942
1.608082265	2942
1.608159425	86
1.618450553	2942
1.618450775	2942
1.618450845	2942
1.618450913	2942
1.618491442	2942
1.618529712	86
1.628824190	2942
1.628846607	98
1.628824415	4370
1.628867932	98
1.628824485	2942
1.628880507	98
1.639137415	1514
1.639163883	86
1.639137660	2942
1.639183733	98
1.639137730	2942
1.639196627	98
1.649462075	2942
1.649488363	86
1.649462308	4370
1.649462378	2942
1.649541180	86
1.659757118	2942
1.659831650	86
1.670121741	2942
1.670121963	2942
1.670122033	2942
1.670122103	2942
1.670200068	86
1.680464136	2942
1.680464363	2942
1.680464431	2942
1.680464501	2942
1.680543420	86
1.690812131	2942
1.690812353	2942
1.690812423	2942
1.690812493	2942
1.690890855	86
1.701179038	2942
1.701179258	2942
1.701179328	2942
1.701179396	2942
1.701256763	86
1.711549870	2942
1.711550095	2942
1.711550163	2942
1.711550233	2942
1.711593130	2942
1.711626442	86
1.721856151	2942
1.721856373	2942
1.721856441	2942
1.721896645	98
1.721856511	2942
1.721914988	98
1.732175833	2942
1.732199621	98
1.732176053	2942
1.732176123	2942
1.732176193	1514
1.732232995	98
1.742489136	1514
1.742514506	86
1.742489356	4370
1.742489426	1514
1.742542326	98
1.752787219	4370
1.752811244	98
1.752787442	2942
1.752830726	98
1.763054587	2942
1.763081955	86
1.763054840	2942
1.763135881	86
1.773349893	2942
1.773350115	2942
1.773350183	1514
1.773427280	86
1.783712537	2942
1.783712780	2942
1.783712850	1514
1.783791504	86
1.794065405	2942
1.794065635	2942
1.794065702	1514
1.794141682	86
1.804405940	2942
1.804406180	2942
1.804406247	1514
1.804483687	86
1.814724957	2942
1.814725187	2942
1.814725257	2942
1.814725325	1514
1.814802830	86
1.825077142	2942
1.825077362	2942
1.825077432	2942
1.825077502	1514
1.825154745	86
1.835422355	2942
1.835422575	2942
1.835422643	2942
1.835422713	1514
1.835501010	86
1.845791490	2942
1.845791712	2942
1.845791782	2942
1.845791850	1514
1.845868502	86
1.856157022	2942
1.856157245	2942
1.856157315	2942
1.856157382	1514
1.856234289	86
1.866525475	2942
1.866525695	2942
1.866525762	2942
1.866525832	2942
1.866566457	2942
1.866601947	86
1.876870700	2942
1.876870920	2942
1.876870987	2942
1.876871057	2942
1.876912879	2942
1.876950196	86
1.887241482	2942
1.887241719	2942
1.887241787	2942
1.887241857	2942
1.887282897	2942
1.887320101	86
1.897590007	2942
1.897612734	98
1.897590230	2942
1.897633737	98
1.897590297	4370
1.897648536	98
1.897590367	1514
1.898299129	98
1.907907805	2942
1.907908025	2942
1.907944472	86
1.907908095	2942
1.907999837	86
1.918291880	2942
1.918314542	98
1.918292102	2942
1.918334984	98
1.918292170	2942
1.918347576	98
1.928593517	1514
1.928619460	86
1.928593737	4370
1.928672734	86
1.938910777	4370
1.938910997	2942
1.938987622	86
1.949274130	2942
1.949274350	2942
1.949274420	1514
1.949350894	86
1.959608163	2942
1.959608387	2942
1.959608457	1514
1.959685707	86
1.969955760	2942
1.969955982	2942
1.969956052	1514
1.970029742	86
1.980287797	2942
1.980288020	2942
1.980288090	1514
1.980361977	86
1.990650675	2942
1.990650898	4370
1.990650968	2942
1.990651035	1514
1.990730372	86
2.001003692	2942
2.001003915	2942
2.001003985	2942
2.001004052	2942
2.001082142	86
2.011337040	2942
2.011337285	2942
2.011337355	2942
2.011412885	86
2.021702177	2942
2.021724877	98
2.021702402	2942
2.021744805	106
2.032027890	1514
2.032049592	106
2.032028112	2942
2.032711715	98
2.042333135	1514
2.042358798	86
2.042925743	2942
2.042950606	86
2.053177702	2942
2.053200099	98
2.053177944	1514
2.053219682	98
2.063495862	2942
2.063519684	98
2.063496087	1514
2.063541614	98
2.073799255	1514
2.073825557	86
2.073799497	2942
2.073877704	86
2.084108180	1514
2.108548905	1514
2.108629827	86
2.118922338	2942
2.118922605	2942
2.118996587	86
2.129281173	4370
2.129281395	1514
2.129358420	86
2.139587028	2942
2.139587276	2942
2.139662052	86
2.149943985	2942
2.150021062	86
2.160271531	2942
2.160294683	98
2.170573548	2942
2.170600206	86
2.180870594	4370
2.180895441	86
2.191181216	4370
2.191206071	86
2.201458727	4370
2.201483597	86
2.211769752	4370
2.211794977	86
2.222081575	2942
2.222106172	86
2.222081815	2942
2.222081885	1514
2.222159594	86
2.232354646	2942
2.232354870	2942
2.232354940	1514
2.232432703	86
2.242712843	2942
2.242713071	2942
2.242713158	1514
2.242790360	86
2.253066718	2942
2.253066946	2942
2.253067016	1514
2.253143495	86
2.263437663	2942
2.263437910	2942
2.263437980	2942
2.263438048	1514
2.263515970	86
2.273794628	2942
2.273794850	2942
2.273794920	2942
2.273794990	1514
2.273870867	86
2.284131645	2942
2.284131868	2942
2.284131958	2942
2.284132028	1514
2.284209002	86
2.294496598	2942
2.294496825	2942
2.294529963	98
2.294496895	1514
2.294548647	98
2.304813040	2942
2.304836893	98
2.304813260	2942
2.304813350	1514
2.304866855	98
2.315126061	4370
2.315150458	98
2.315126286	1514
2.315169640	98
2.325429671	1514
2.325456131	86
2.325429891	2942
2.325429981	1514
2.325511095	86
2.335744374	2942
2.335744599	2942
2.335744669	1514
2.335820821	86
2.346098506	4370
2.346098726	2942
2.346174688	86
2.356438169	2942
2.356460721	98
2.356438394	2942
2.356481721	98
2.366748604	1514
2.366774494	86
2.366748849	4370
2.366827871	86
2.377066722	4370
2.377066942	2942
2.377143166	86
2.387420934	2942
2.387421179	2942
2.387421269	1514
2.387497374	86
2.412538975	1514
2.454722602	86
2.465015879	2942
2.465016102	2942
2.465016172	1514
2.465094369	86
2.475342744	2942
2.475342974	2942
2.475343042	1514
2.475419391	86
2.485710407	2942
2.485710632	2942
2.485710719	1514
2.485786666	86
2.496074007	2942
2.496074229	2942
2.496074299	1514
2.496150609	86
2.506437319	2942
2.506437552	2942
2.506437639	2942
2.506437709	2942
2.506514976	86
2.516797866	2942
2.516798089	2942
2.516798159	2942
2.516798229	2942
2.516876638	86
2.527162066	2942
2.527162309	2942
2.527195361	98
2.527162399	2942
2.527215456	98
2.537459069	2942
2.537483019	98
2.537459292	2942
2.537459362	1514
2.537512636	98
2.547748915	1514
2.547775442	86
2.547749157	4370
2.547749227	1514
2.547827852	86
2.558085867	2942
2.558108517	98
2.558086092	2942
2.558128232	98
2.558086160	1514
2.558142897	98
2.568374963	1514
2.568401872	86
2.568375188	2942
2.568375258	1514
2.568455867	86
2.578695163	4370
2.578695385	2942
2.578773522	86
2.589053628	4370
2.589053850	2942
2.589130445	86
2.599421078	2942
2.599421300	2942
2.599421370	1514
2.599498365	86
2.609764293	2942
2.609764533	2942
2.609764600	1514
2.609840240	86
2.640536642	1514
2.682722201	86
2.692950735	2942
2.692950957	2942
2.692951025	2942
2.692951095	1514
2.693029084	86
2.740531212	1514
2.782722281	86
2.793013064	2942
2.793013312	2942
2.793013402	2942
2.793013470	1514
2.793092874	86
2.803345497	2942
2.803345717	2942
2.803345785	2942
2.803345855	1514
2.803425957	86
2.813716444	2942
2.813716674	2942
2.813716744	2942
2.813716812	1514
2.813796171	86
2.824082054	4370
2.824082277	2942
2.824082344	2942
2.824159694	86
2.834450867	2942
2.834451097	2942
2.834451167	2942
2.834451234	2942
2.834492641	2942
2.834530699	86
2.844801781	2942
2.844802001	2942
2.844802069	2942
2.844802139	2942
2.844843684	2942
2.844881384	86
2.855160054	2942
2.855160302	2942
2.855160392	2942
2.855160459	2942
2.855201826	2942
2.855240849	86
2.865494682	2942
2.865494902	2942
2.865494972	2942
2.865495039	2942
2.865536579	2942
2.865571594	86
2.875833739	2942
2.875834012	2942
2.875834102	2942
2.875834169	2942
2.875876579	2942
2.875912476	86
2.886205937	2942
2.886206157	2942
2.886206227	2942
2.886206294	2942
2.886248611	2942
2.886248739	2942
2.886287544	86
2.924525544	1514
2.966722031	86
2.977017541	2942
2.977017803	2942
2.977017891	2942
2.977017961	2942
2.977060680	2942
2.977060823	2942
2.977096100	86
2.987374103	2942
2.987374326	2942
2.987374393	2942
2.987374463	2942
2.987416013	4370
2.987455533	86
2.997751586	2942
2.997774220	98
2.997751806	2942
2.997795540	98
2.997751876	2942
2.997808365	98
2.997751946	2942
2.997819945	2942
2.997820035	1514
2.998461155	98
3.008063646	1514
3.008090168	86
3.008063871	2942
3.008146350	86
3.008705106	2942
3.008727483	98
3.008705331	1514
3.008746086	98
3.018387281	4370
3.018411563	98
3.018874873	2942
3.018875015	1514
3.018896552	98
3.028658376	1514
3.028684036	86
3.028658602	1514
3.029148765	2942
3.029173223	86
3.029148991	1514
3.038954519	1514
3.038978257	86
3.039403029	2942
3.039474941	86
3.049239607	2942
3.049239835	2942
3.049313744	86
3.049663709	2942
3.049735064	86
3.059577115	2942
3.059649989	86
3.059916997	2942
3.059939190	98
3.069933932	2942
3.069957660	98
3.070135158	2942
3.070159418	98
3.080229283	2942
3.080256038	86
3.090541618	2942
3.090564018	98
3.100821823	2942
3.100848541	86
3.111120179	4370
3.111144811	86
3.121426364	4370
3.121451569	86
3.131735025	4370
3.131760602	86
3.142048430	4370
3.142073330	86
3.152317073	4370
3.152341982	86
3.176524470	1514
3.218721796	86
3.228991107	2942
3.228991330	2942
3.228991400	2942
3.229069099	86
3.239358422	2942
3.239358644	2942
3.239392469	98
3.249667740	2942
3.249692030	98
3.249667990	2942
3.249713004	98
3.259975265	2942
3.260002380	86
3.259975485	2942
3.260056562	86
3.270348187	2942
3.270348410	4370
3.270423742	86
3.280705610	2942
3.280705832	2942
3.280705902	1514
3.280781194	86
3.291041122	2942
3.291064015	98
3.291041352	1514
3.291084704	98
3.301333358	2942
3.301357270	98
3.311615271	1514
3.311615518	1514
3.312270693	98
3.322552344	1514
3.322579321	86
3.322552566	1514
3.332841544	2942
3.332866257	86
3.343153382	2942
3.343178107	86
3.343153605	2942
3.343230082	86
3.353429963	2942
3.353430193	2942
3.353505560	86
3.363763020	2942
3.363763243	2942
3.363838740	86
3.374121535	2942
3.374121785	2942
3.374197730	86
3.384470875	2942
3.384471095	2942
3.384546765	86
3.394838702	2942
3.394838958	2942
3.394839048	2942
3.394839118	1514
3.394916092	86
3.405206560	2942
3.405206782	2942
3.405206850	2942
3.405206920	1514
3.405284859	86
3.415574935	2942
3.415575197	2942
3.415575267	2942
3.415575335	1514
3.415652492	86
3.425908447	2942
3.425908667	2942
3.425908737	2942
3.425908805	1514
3.425985849	86
3.436264137	2942
3.436264367	2942
3.436264435	2942
3.436264507	1514
3.436341869	86
3.446633795	2942
3.446634017	2942
3.446634087	2942
3.446634155	2942
3.446674917	1514
3.446724741	86
3.457005372	2942
3.457005594	2942
3.457005664	2942
3.457005734	2942
3.457045004	1514
3.457081794	86
3.467334592	2942
3.467334815	2942
3.467334885	2942
3.467334952	2942
3.467376097	1514
3.467413559	86
3.477701397	2942
3.477701617	2942
3.477701687	2942
3.477701757	2942
3.477741482	1514
3.477780171	86
3.488073632	2942
3.488073852	2942
3.488073922	2942
3.488073992	2942
3.488114016	1514
3.488152544	86
3.498445539	2942
3.498445761	2942
3.498445829	2942
3.498445899	2942
3.498487574	2942
3.498487736	2942
3.498524728	86
3.508791866	2942
3.508792086	2942
3.508792156	4370
3.508792226	2942
3.508831871	1514
3.508845056	98
3.519141839	2942
3.519165954	98
3.519142081	2942
3.519185929	98
3.519142169	2942
3.519142241	2942
3.519825789	106
3.528518184	1514
3.528542806	106
3.529394347	1514
3.529420629	98
3.530042595	2942
3.530069435	86
3.530042828	2942
3.530042898	2942
3.530120802	86
3.538825474	1514
3.539702122	1514
3.539775819	86
3.540262594	2942
3.540262814	2942
3.540262884	2942
3.540338905	86
3.550619931	2942
3.550642473	98
3.550620151	2942
3.550663061	98
3.550620221	2942
3.550675903	98
3.550620291	1514
3.551312923	98
3.560923716	2942
3.560923936	2942
3.560960291	86
3.560924006	1514
3.561534962	1514
3.561558756	86
3.571233184	2942
3.571233411	1514
3.571309181	86
3.571786245	2942
3.571786470	2942
3.571862377	86
3.582152920	2942
3.582153152	2942
3.582153222	2942
3.582153290	1514
3.582232337	86
3.592507625	2942
3.592507850	2942
3.592507920	2942
3.592585904	86
3.602876962	2942
3.602899854	98
3.602877210	2942
3.602923502	98
3.613185152	1514
3.613210802	86
3.613185380	1514
3.613230660	98
3.623497453	2942
3.623524010	86
3.623497703	1514
3.660505017	1514
3.660526939	98
3.670819232	2942
3.670842777	98
3.681122893	2942
3.681149487	86
3.691409913	4370
3.691435135	86
3.701723731	2942
3.701748263	86
3.701723953	2942
3.701802155	86
3.712037966	2942
3.712038193	2942
3.712116438	86
3.722393821	2942
3.722394046	2942
3.722471173	86
3.732759693	2942
3.732759943	2942
3.732837178	86
3.743121920	2942
3.743122146	2942
3.743122213	2942
3.743200515	86
3.753454481	2942
3.753454716	2942
3.753454786	2942
3.753532400	86
3.763821120	2942
3.763821346	2942
3.763821413	2942
3.763899030	86
3.774190250	2942
3.774190470	2942
3.774190540	2942
3.774267267	86
3.784547480	2942
3.784570373	98
3.784547700	2942
3.784590718	98
3.784547770	2942
3.784603877	98
3.794868151	2942
3.794868393	2942
3.794904695	86
3.794868463	1514
3.838722118	86
3.849017683	2942
3.849017906	2942
3.849018016	2942
3.849093838	86
3.859322613	2942
3.859322833	2942
3.859322903	2942
3.859399983	86
3.869685513	2942
3.869685736	2942
3.869685806	2942
3.869762538	86
3.880048793	2942
3.880049018	2942
3.880125680	86
3.890411358	2942
3.890434626	98
3.890411578	2942
3.890455970	98
3.900696606	2942
3.900723386	86
3.900696831	2942
3.900777383	86
3.911008076	2942
3.911008324	2942
3.911008414	1514
3.911083168	86
3.921369306	2942
3.921369534	1514
3.921402226	98
3.931687059	2942
3.931710714	98
3.940499407	1514
3.940524080	98
3.941988534	1514
3.942014616	86
3.941988759	1514
3.952259930	1514
3.952281882	98
3.962564463	2942
3.962588397	98
3.972872298	1514
3.972898585	86
3.972872523	1514
3.983180193	1514
3.983203688	86
3.993446664	4370
3.993521148	86
4.003809894	4370
4.003886356	86
4.014172543	4370
4.014247465	86
4.024516534	4370
4.024592343	86
4.056503374	1514
4.098721853	86
4.109000919	2942
4.109001139	2942
4.109001209	2942
4.109077743	86
4.119362469	2942
4.119362694	2942
4.119437558	86
4.129679481	2942
4.129702156	98
4.129679704	2942
4.129723608	98
4.139988572	2942
4.140015611	86
4.139988799	2942
4.140066543	86
4.150307614	2942
4.150307837	2942
4.150307927	1514
4.150383584	86
4.160653147	2942
4.160653369	2942
4.160653439	1514
4.160730576	86
4.171015972	2942
4.171016217	2942
4.171016287	1514
4.171091239	86
4.181362122	2942
4.181385222	98
4.191667879	2942
4.191691009	106
4.200501358	1514
4.200525243	106
4.201921703	1514
4.201947343	98
4.201921930	1514
4.201967138	86
4.210810533	1514
4.212216083	1514
4.212240103	86
4.222529136	2942
4.222529358	2942
4.222604895	86
4.232876396	2942
4.232876663	2942
4.232953383	86
4.243200801	2942
4.243201024	2942
4.243276565	86
4.253562141	2942
4.253562364	2942
4.253637900	86
4.263924913	2942
4.263925141	2942
4.263999968	86
4.274291483	2942
4.274291706	2942
4.274291776	2942
4.274291843	1514
4.274369933	86
4.284637698	2942
4.284637921	2942
4.284637991	2942
4.284714378	86
4.295001766	2942
4.295024725	98
4.295001988	2942
4.295044975	98
4.295002056	2942
4.295057915	98
4.305301099	1514
4.305326666	86
4.305301321	4370
4.305379700	86
4.315574839	1514
4.340486856	1514
4.340561045	86
4.350849893	2942
4.350850143	2942
4.350850213	1514
4.350923908	86
4.361209708	2942
4.361209931	2942
4.361210001	1514
4.361284245	86
4.371533709	2942
4.371533963	2942
4.371534053	1514
4.371611100	86
4.381897153	2942
4.381897378	2942
4.381897448	1514
4.381973835	86
4.416495555	1514
4.458721007	86
4.469004287	2942
4.469004509	2942
4.469004579	2942
4.469004649	1514
4.469081191	86
4.479356474	2942
4.479356697	2942
4.479356764	2942
4.479356834	1514
4.479431584	86
4.489675287	4370
4.489675509	2942
4.489675579	2942
4.489753059	86
4.500042500	2942
4.500042722	2942
4.500042792	2942
4.500042862	1514
4.500120797	86
4.510415502	2942
4.510415724	2942
4.510415834	2942
4.510415902	2942
4.510455799	1514
4.510493391	86
4.520769772	2942
4.520769994	2942
4.520770064	2942
4.520770134	2942
4.520809861	1514
4.520845691	86
4.531127782	2942
4.531128017	2942
4.531128087	2942
4.531128154	2942
4.531168734	1514
4.531206178	86
4.541500064	2942
4.541500287	2942
4.541500357	4370
4.541500424	2942
4.541577636	86
4.580477757	1514
4.622721258	86
4.633013871	2942
4.633014091	2942
4.633014161	2942
4.633014231	2942
4.633055445	2942
4.633055583	1514
4.633092175	86
4.643373025	2942
4.643373248	2942
4.643373315	2942
4.643373385	2942
4.643416825	2942
4.643416983	1514
4.643451575	86
4.653742140	2942
4.653742365	2942
4.653742433	2942
4.653742503	2942
4.653783093	2942
4.653783218	1514
4.653821810	86
4.664113240	2942
4.664113460	2942
4.664113530	2942
4.664113600	4370
4.664154032	2942
4.664194225	86
4.674483603	2942
4.674483823	2942
4.674483893	2942
4.674483963	2942
4.674527275	2942
4.674527400	2942
4.674527472	1514
4.674564337	86
4.684858408	2942
4.684858630	2942
4.684858700	2942
4.684858770	2942
4.684903084	2942
4.684903230	2942
4.684903300	1514
4.684939299	86
4.695233117	2942
4.695233355	2942
4.695233422	2942
4.695233492	2942
4.695276582	2942
4.695276704	2942
4.695276774	1514
4.695312462	86
4.705581482	2942
4.705581705	2942
4.705581775	2942
4.705581845	2942
4.705624069	2942
4.705624214	2942
4.705624287	1514
4.705661829	86
4.715961119	2942
4.715961345	2942
4.715961415	2942
4.715961485	2942
4.716005794	2942
4.716005939	2942
4.716006012	1514
4.716039719	86
4.726335512	2942
4.726335734	2942
4.726335804	2942
4.726335874	2942
4.726378969	2942
4.726379109	2942
4.726379197	2942
4.726379267	2942
4.726415766	86
4.736678032	2942
4.736678252	2942
4.736678322	2942
4.736718402	98
4.736678392	2942
4.736737132	98
4.736746341	2942
4.736753264	98
4.736746454	2942
4.736746524	2942
4.737407239	98
4.747001117	2942
4.747001337	2942
4.747001407	2942
4.747001477	1514
4.747046704	98
4.747650545	2942
4.747674017	98
4.747650770	1514
4.747691535	98
4.757303210	1514
4.757329830	86
4.757303440	2942
4.757303530	2942
4.757303600	2942
4.757303667	1514
4.757386374	86
4.757892878	2942
4.757893103	1514
4.757967815	86
4.767622333	1514
4.767622553	2942
4.767655712	98
4.767622623	2942
4.767675552	98
4.768226378	2942
4.768249300	106
4.768226606	1514
4.768889621	106
4.777906106	1514
4.777906330	1514
4.777948798	114
4.778515736	1514
4.778541446	106
4.778515956	2942
4.778563618	98
4.779062020	1514
4.779084689	98
4.788799891	2942
4.788824471	98
4.788800114	2942
4.788800181	1514
4.789329435	1514
4.789467094	98
4.799110847	2942
4.799137754	86
4.799746562	2942
4.799771055	86
4.799746787	2942
4.799818472	86
4.809387180	2942
4.809387405	2942
4.809462787	86
4.809999231	2942
4.809999453	2942
4.810075742	86
4.819722167	2942
4.819722390	2942
4.819800099	86
4.820268361	2942
4.820268586	2942
4.820268653	1514
4.820344598	86
4.830085847	2942
4.830086077	2942
4.830163252	86
4.830615124	2942
4.830615346	2942
4.830615416	1514
4.830699928	86
4.840448082	2942
4.840448305	2942
4.840526042	86
4.840902327	2942
4.840902549	2942
4.840974926	86
4.850781460	2942
4.850804262	98
4.850781685	2942
4.850823657	98
4.851190604	2942
4.851214754	98
4.851190827	2942
4.851858104	98
4.861102535	1514
4.861128485	86
4.861102757	2942
4.861183462	86
4.871423435	2942
4.871423665	2942
4.871423733	2942
4.871423803	2942
4.871502312	86
4.881744025	2942
4.881744251	2942
4.881744318	2942
4.881744388	2942
4.881821405	86
4.892080410	2942
4.892080633	2942
4.892080703	2942
4.892080773	2942
4.892159722	86
4.902450318	2942
4.902450540	2942
4.902450628	2942
4.902450698	2942
4.902528557	86
4.912821835	2942
4.912844422	98
4.912822060	2942
4.912865535	98
4.912822130	2942
4.912878350	98
4.912822198	2942
4.913531025	98
4.923129608	2942
4.923129828	2942
4.923166158	86
4.923774526	2942
4.923796753	98
4.933455141	2942
4.933478820	98
4.933455368	2942
4.933498968	98
4.933994452	2942
4.934636512	98
4.940466125	1514
4.940491830	86
4.943765718	1514
4.944904363	2942
4.944928327	86
4.950716313	1514
4.955192761	2942
4.955217135	86
4.955192985	2942
4.955270488	86
4.965507783	2942
4.965508013	2942
4.965508103	1514
4.965583915	86
4.975869538	2942
4.975869766	2942
4.975869836	1514
4.975946310	86
4.986239123	2942
4.986239348	2942
4.986239418	1514
4.986314393	86
4.996598348	2942
4.996598568	1514
4.996598638	2942
4.996598708	2942
4.996673898	86
5.006942463	2942
5.006942705	2942
5.006942775	2942
5.006942845	1514
5.007019990	86
5.017311800	2942
5.017312025	2942
5.017312095	2942
5.017312165	1514
5.017389262	86
5.027678115	2942
5.027678358	2942
5.027678428	2942
5.027678498	1514
5.027755362	86
5.038044878	2942
5.038045102	2942
5.038045170	2942
5.038045240	2942
5.038085377	1514
5.038122504	86
5.064483171	1514
5.106720840	86
5.117011065	2942
5.117011285	2942
5.117011355	2942
5.117011425	1514
5.117056432	98
5.127337010	4370
5.127360868	98
5.127337230	2942
5.127380937	98
5.127337300	2942
5.128019650	98
5.137612176	1514
5.137612396	2942
5.138268971	98
5.148531512	1514
5.148558504	86
5.148531734	2942
5.148531804	2942
5.148531874	1514
5.148614241	86
5.158851357	4370
5.158851602	2942
5.158851692	2942
5.158928864	86
5.169213942	2942
5.169214167	2942
5.169214234	2942
5.169214304	1514
5.169291729	86
5.179561112	2942
5.179561332	2942
5.179561402	2942
5.179561472	1514
5.179638219	86
5.189926332	2942
5.189926554	2942
5.189926624	2942
5.189926694	1514
5.190002174	86
5.200252042	2942
5.200252267	2942
5.200252334	2942
5.200252404	1514
5.200331011	86
5.210622072	2942
5.210622297	2942
5.210622364	2942
5.210622434	2942
5.210663241	2942
5.210712139	86
5.221001166	2942
5.221001386	2942
5.221001456	2942
5.221001526	2942
5.221042944	2942
5.221081596	86
5.231363531	2942
5.231363754	2942
5.231363824	2942
5.231363894	2942
5.231404626	2942
5.231442886	86
5.241718584	2942
5.241718809	2942
5.241718879	2942
5.241718946	2942
5.241759321	2942
5.241796588	86
5.252082514	2942
5.252082736	2942
5.252082804	2942
5.252082874	2942
5.252126131	2942
5.252162886	86
5.262458181	2942
5.262458401	2942
5.262491756	98
5.262458471	2942
5.262511693	98
5.262458541	2942
5.262522328	98
5.262527331	2942
5.263175251	98
5.272777119	2942
5.272777339	2942
5.272777409	2942
5.272819836	86
5.273448969	2942
5.273474109	86
5.283059814	2942
5.283084686	86
5.283060047	2942
5.283060114	2942
5.283136661	86
5.283687285	2942
5.283687507	1514
5.283760827	86
5.293359914	2942
5.293360137	2942
5.293360207	2942
5.293435224	86
5.293937028	2942
5.293937260	1514
5.294008050	86
5.303706555	4370
5.303706777	2942
5.303784232	86
5.304202381	2942
5.304202603	2942
5.304275763	86
5.314074799	2942
5.314075022	2942
5.314152269	86
5.314524689	2942
5.314524914	2942
5.314524981	1514
5.314598636	86
5.324419109	2942
5.324441852	98
5.324811272	2942
5.324834494	106
5.324811492	2942
5.324853856	106
5.334717050	2942
5.335056265	2942
5.335085300	98
5.335056487	2942
5.335106127	86
5.345376590	2942
5.345401185	86
5.345376820	2942
5.345376907	4370
5.345456984	86
5.355689413	2942
5.355689635	2942
5.355689705	2942
5.355689773	2942
5.355768532	86
5.366058957	4370
5.366059183	2942
5.366059253	2942
5.366059320	1514
5.366138054	86
5.376420452	2942
5.376443190	98
5.376420675	2942
5.376464642	98
5.386737915	2942
5.386762405	98
5.386738160	2942
5.386784925	98
5.397023743	2942
5.397051516	86
5.397023968	2942
5.397024036	1514
5.397107095	86
5.407339418	2942
5.407339641	2942
5.407339711	2942
5.407418868	86
5.417701136	2942
5.417701358	2942
5.417701428	2942
5.417778253	86
5.428035191	2942
5.428035428	2942
5.428035496	2942
5.428114450	86
5.438399996	2942
5.438400218	2942
5.438400288	2942
5.438477645	86
5.448755266	4370
5.448755491	2942
5.448755558	2942
5.448755628	1514
5.448831193	86
5.459112086	2942
5.459112313	2942
5.459112383	2942
5.459112451	2942
5.459191920	86
5.469476645	2942
5.469476873	2942
5.469476943	2942
5.469477011	2942
5.469555480	86
5.479832460	2942
5.479832683	2942
5.479832753	2942
5.479832823	2942
5.479910012	86
5.490197308	2942
5.490197530	2942
5.490197600	2942
5.490197668	2942
5.490238863	2942
5.490272575	86
5.500500538	2942
5.500523303	98
5.500500758	2942
5.500544205	98
5.500500828	2942
5.500557038	98
5.500500898	2942
5.501207708	98
5.510815641	2942
5.510815906	2942
5.510852258	86
5.510815976	1514
5.511485926	2942
5.511509966	86
5.521142339	2942
5.521166343	86
5.521142563	2942
5.521216688	86
5.521684132	2942
5.521684357	2942
5.521759592	86
5.531432854	2942
5.531433084	2942
5.531508133	86
5.531933405	2942
5.531933628	2942
5.532007310	86
5.541796556	2942
5.541796781	2942
5.541871476	86
5.542202188	2942
5.542202408	2942
5.542275785	86
5.552564041	2942
5.552564266	2942
5.552564336	2942
5.552564403	2942
5.552643738	86
5.562895914	2942
5.562896136	2942
5.562896204	2942
5.562896274	2942
5.562941478	98
5.573230701	2942
5.573254393	98
5.573230921	2942
5.573274006	106
5.573230991	2942
5.573934136	106
5.583520114	2942
5.583547064	98
5.583520339	2942
5.583568539	86
5.584161592	2942
5.584185514	86
5.593828829	2942
5.593853144	86
5.593829052	2942
5.593873284	98
5.604122102	2942
5.604145692	106
5.604122325	2942
5.604165962	106
5.612445259	1514
5.612470924	98
5.614428500	1514
5.614452337	98
5.614428720	1514
5.614473310	86
5.614428812	1514
5.622729640	1514
5.622754085	86
5.624722535	1514
5.633022185	2942
5.633099490	86
5.643379173	2942
5.643379395	2942
5.643379463	1514
5.643453707	86
5.672464019	1514
5.714721626	86
5.725007856	2942
5.725008079	2942
5.725008146	1514
5.725086208	86
5.735375476	2942
5.735375708	2942
5.735375776	1514
5.735452503	86
5.745719113	2942
5.745719341	2942
5.745719408	1514
5.745796690	86
5.756071803	2942
5.756072026	2942
5.756072093	1514
5.756149215	86
5.766435998	2942
5.766436228	2942
5.766436296	2942
5.766436366	2942
5.766515178	86
5.776810068	2942
5.776810290	2942
5.776810358	2942
5.776810428	2942
5.776890015	86
5.787147481	2942
5.787147743	2942
5.787147813	2942
5.787147881	2942
5.787224992	86
5.797513760	2942
5.797513980	2942
5.797514050	2942
5.797514118	2942
5.797592742	86
5.807882023	2942
5.807882250	2942
5.807882320	2942
5.807882388	2942
5.807961070	86
5.818248283	2942
5.818248503	2942
5.818248573	2942
5.818248643	2942
5.818288865	2942
5.818327739	86
5.828595648	2942
5.828595870	2942
5.828595940	2942
5.828596010	2942
5.828636295	2942
5.828675797	86
5.838933545	2942
5.838933775	2942
5.838933845	2942
5.838933915	2942
5.838974470	2942
5.839013327	86
5.849307342	2942
5.849307568	2942
5.849307635	4370
5.849307708	2942
5.849348045	1514
5.849386832	86
5.859675255	2942
5.859675475	2942
5.859675545	2942
5.859675615	2942
5.859717382	2942
5.859754347	86
5.870043332	2942
5.870043552	2942
5.870043622	2942
5.870043692	2942
5.870085642	2942
5.870085804	2942
5.870085874	1514
5.870124432	86
5.880406135	2942
5.880406355	2942
5.880406425	2942
5.880406495	2942
5.880450687	2942
5.880450817	2942
5.880450904	1514
5.880485294	86
5.890779482	2942
5.890779719	2942
5.890779789	2942
5.890779857	2942
5.890822007	2942
5.890822134	2942
5.890822222	1514
5.890859804	86
5.901154612	2942
5.901154832	2942
5.901154902	2942
5.901154972	2942
5.901196659	2942
5.901196806	2942
5.901196879	1514
5.901236189	86
5.911529781	2942
5.911530004	2942
5.911530074	2942
5.911530144	2942
5.911574391	2942
5.911574536	2942
5.911592609	98
5.911574606	1514
5.911618741	98
5.921844282	2942
5.921868457	98
5.921844502	2942
5.921844572	2942
5.921844642	2942
5.921898176	2942
5.921898289	1514
5.921914006	106
5.932148690	1514
5.932175047	98
5.932148910	2942
5.932196374	86
5.932148980	2942
5.932149050	2942
5.932149114	2942
5.932217804	1514
5.932234259	86
5.942474042	4370
5.942474262	2942
5.942474332	2942
5.942474402	2942
5.942554132	86
5.952835145	2942
5.952835367	2942
5.952835437	2942
5.952835507	2942
5.952876684	2942
5.952876832	1514
5.952913999	86
5.963181977	2942
5.963182200	2942
5.963182270	2942
5.963182340	1514
5.963227067	98
5.973520082	2942
5.973543812	98
5.973520307	4370
5.973564557	98
5.973520375	2942
5.974217500	98
5.983832283	2942
5.983857747	98
5.983832505	2942
5.983879657	86
5.983832575	1514
5.984437915	2942
5.984461960	86
5.994146628	2942
5.994171028	86
5.994682464	2942
5.994714934	86
5.994682684	2942
5.994682754	1514
5.994768873	86
6.005004409	2942
6.005004632	2942
6.005004702	2942
6.005004772	2942
6.005082166	86
6.015374591	2942
6.015374826	2942
6.015374896	2942
6.015374964	2942
6.015453316	86
6.025717529	2942
6.025717749	2942
6.025717819	2942
6.025717889	2942
6.025795181	86
6.036082434	2942
6.036082654	2942
6.036082724	2942
6.036082794	2942
6.036159258	86
6.046459951	2942
6.046482886	98
6.046460179	2942
6.046504306	98
6.046460264	2942
6.046518518	98
6.046460334	2942
6.047152179	98
6.056760256	2942
6.056760484	2942
6.056797071	86
6.056760574	1514
6.067054414	2942
6.067078964	86
6.067054637	2942
6.067054707	2942
6.067131754	86
6.077358415	2942
6.077358640	2942
6.077358710	2942
6.077358780	2942
6.077437269	86
6.087725402	2942
6.087725624	2942
6.087725694	2942
6.087804069	86
6.098091622	2942
6.098114217	98
6.098091844	2942
6.098135391	98
6.098091914	2942
6.098148404	98
6.108383842	1514
6.108408252	98
6.108384065	1514
6.108432720	86
6.108384132	4370
6.108461132	86
6.118699295	4370
6.118699535	2942
6.118776925	86
6.129065385	2942
6.129065610	2942
6.129141732	86
6.156433012	1514
6.156455199	98
6.166748607	2942
6.166773067	98
6.166748854	2942
6.166793411	98
6.176459076	1514
6.176483991	98
6.177014170	1514
6.177040635	86
6.177014400	2942
6.177091562	86
6.186772177	1514
6.187267353	2942
6.187267578	1514
6.187342955	86
6.197630253	2942
6.197630475	2942
6.197707590	86
6.207995695	2942
6.208018865	98
6.207995918	2942
6.208040135	98
6.218306238	1514
6.218332763	86
6.218306468	2942
6.218383615	86
6.228598229	4370
6.228598466	1514
6.228674320	86
6.238930724	2942
6.238953591	98
6.249200529	2942
6.249224786	98
6.260426890	1514
6.260451338	98
6.476423692	1514
6.476445527	106
6.486729195	1514
6.486755497	86
6.486729425	1514
6.486776217	86
6.497043313	2942
6.497067958	86
6.507314538	2942
6.507339303	86
6.517613476	2942
6.517638081	86
6.517613706	2942
6.517660391	86
6.527926104	2942
6.527950824	86
6.527926331	2942
6.527972464	86
6.538240627	2942
6.538266194	86
6.538240852	2942
6.538287151	86
6.584446227	1514
6.584470459	86
6.594762045	2942
6.594789919	86
6.594762289	2942
6.594816434	86
6.594762359	2942
6.594831634	86
6.594762427	1514
6.594845919	86
6.605086240	2942
6.605112694	86
6.605086462	2942
6.605086532	2942
6.605086600	1514
6.605146717	86
6.605171434	86
6.615404600	2942
6.615404842	2942
6.615404912	2942
6.615404982	1514
6.615467542	86
6.652418279	1514
6.694722310	86
6.705013680	2942
6.705013900	2942
6.705013995	2942
6.705014065	2942
6.705076597	86
6.715358443	2942
6.715358668	2942
6.715358738	2942
6.715358808	2942
6.715420422	86
6.725705288	2942
6.725705510	2942
6.725705580	2942
6.725705650	2942
6.725771142	86
6.736064990	2942
6.736065223	2942
6.736065293	2942
6.736065360	2942
6.736116380	1514
6.736129020	86
6.746417283	2942
6.746417508	2942
6.746417595	2942
6.746462645	98
6.756732678	2942
6.756756440	98
6.756732901	2942
6.756776643	98
6.756732973	2942
6.756733043	2942
6.757431880	98
6.767049008	2942
6.767077538	86
6.767049251	1514
6.767674649	2942
6.767698796	86
6.767674871	2942
6.767752388	86
6.777312056	2942
6.777388001	86
6.777890002	2942
6.777890225	2942
6.777890295	2942
6.777964764	86
6.787674091	2942
6.787749456	86
6.788167220	2942
6.788167440	2942
6.788167510	2942
6.788243455	86
6.798034179	2942
6.798109031	86
6.798515153	2942
6.798515380	2942
6.798515450	2942
6.798589167	86
6.808377191	2942
6.808454376	86
6.808764644	2942
6.808764866	2942
6.808764936	2942
6.808838260	86
6.818734731	2942
6.818810003	86
6.819010294	2942
6.819010517	2942
6.819010587	2942
6.819010657	2942
6.819087959	86
6.829371844	4370
6.829372064	2942
6.829372134	2942
6.829372201	2942
6.829411714	1514
6.829451558	86
6.839742001	2942
6.839742226	2942
6.839742296	2942
6.839742366	2942
6.839782929	2942
6.839823128	86
6.850112069	2942
6.850112296	2942
6.850112364	2942
6.850112434	2942
6.850190463	86
6.860442999	2942
6.860465514	98
6.860443221	2942
6.860486549	98
6.860443291	2942
6.860499501	98
6.860443361	2942
6.861146859	98
6.870757629	2942
6.870784491	86
6.870757871	4370
6.870840714	86
6.881060100	2942
6.881082477	98
6.881060320	4370
6.881103394	98
6.891359157	2942
6.891386000	86
6.891359412	2942
6.891441557	86
6.901680785	2942
6.901681010	2942
6.901681080	1514
6.901757430	86
6.912042657	2942
6.912042885	2942
6.912042975	1514
6.912118124	86
6.922411427	2942
6.922411647	2942
6.922411737	1514
6.922487457	86
6.932742097	2942
6.932742325	2942
6.932742395	1514
6.932816984	86
6.943110077	2942
6.943132467	98
6.943110297	2942
6.943152919	98
6.943110367	1514
6.943165482	98
6.953420207	2942
6.953420430	2942
6.953456552	86
6.963747953	2942
6.963772100	86
6.963748180	2942
6.963748250	1514
6.963824710	86
6.974058983	2942
6.974059208	2942
6.974059278	1514
6.974132082	86
6.984414005	2942
6.984414233	1514
6.984446797	98
6.994735450	2942
6.994759313	98
7.004413905	1514
7.004438353	98
7.005026808	1514
7.005049491	98
7.014726486	1514
7.014748535	98
7.015307751	1514
7.015333911	86
7.025036073	1514
7.025511067	2942
7.025535487	86
7.035796763	2942
7.035821663	86
7.035797000	2942
7.035875855	86
7.046110601	2942
7.046110823	2942
7.046185100	86
7.056452708	2942
7.056452931	2942
7.056529728	86
7.066747846	2942
7.066748094	2942
7.066821763	86
7.077112539	2942
7.077135236	98
7.077112766	2942
7.077156338	98
7.087422651	2942
7.087446224	98
7.087422876	2942
7.087469763	86
7.097688579	2942
7.097712904	86
7.097688799	2942
7.097764239	86
7.108009989	2942
7.108032399	98
7.118311777	2942
7.118334735	106
7.128433941	1514
7.128458054	106
7.128484016	1514
7.128497659	98
7.128484166	1514
7.128522428	86
7.138732189	2942
7.138756657	86
7.149042330	2942
7.149066547	86
7.149042550	2942
7.149120527	86
7.159351965	2942
7.159352210	2942
7.159428864	86
7.169675048	2942
7.169675272	2942
7.169752240	86
7.180037840	2942
7.180038065	2942
7.180115629	86
7.190402240	2942
7.190402465	2942
7.190402535	2942
7.190481009	86
7.200724497	2942
7.200724720	2942
7.200724810	2942
7.200802232	86
7.211050608	2942
7.211050833	2942
7.211050903	2942
7.211128124	86
7.221415763	2942
7.221415987	2942
7.221416057	2942
7.221494594	86
7.231779872	2942
7.231780092	4370
7.231780162	1514
7.231858857	86
7.242150122	2942
7.242150342	2942
7.242150412	2942
7.242150482	2942
7.242190079	1514
7.242226344	86
7.252491475	2942
7.252491697	2942
7.252491765	2942
7.252491835	1514
7.252536602	98
7.262828887	2942
7.262852697	98
7.262829130	2942
7.262872239	98
7.262829200	2942
7.263511698	98
7.272431723	1514
7.272456200	98
7.273070788	1514
7.273096793	86
7.273071008	2942
7.273150920	86
7.273759133	2942
7.273833203	86
7.282737091	1514
7.283375278	2942
7.283450453	86
7.284025936	2942
7.284026159	1514
7.284100788	86
7.293739686	2942
7.293739911	2942
7.293816420	86
7.294379974	2942
7.294380199	1514
7.294457093	86
7.304077946	4370
7.304155175	86
7.304672026	2942
7.304672252	2942
7.304747419	86
7.314440718	2942
7.314516650	86
7.314963555	2942
7.314985992	98
7.314963779	1514
7.315004602	98
7.324777323	2942
7.324801113	98
7.325187018	2942
7.325187243	1514
7.325222440	98
7.335082541	1514
7.335109306	86
7.335082764	1514
7.335476521	2942
7.335501336	86
7.335476746	1514
7.345356437	1514
7.345380941	86
7.345757554	2942
7.345831651	86
7.355665434	2942
7.355665662	2942
7.355740356	86
7.356054019	2942
7.356124496	86
7.366031642	2942
7.366054407	98
7.366305320	2942
7.366329110	98
7.376284487	2942
7.376308157	98
7.384429774	1514
7.384453961	98
7.394747164	1514
7.394773426	86
7.394747406	2942
7.394747476	1514
7.394827541	86
7.405071524	4370
7.405071746	2942
7.405149381	86
7.415433649	2942
7.415433871	2942
7.415510458	86
7.425783624	2942
7.425806451	98
7.425783846	2942
7.425827323	98
7.436085182	1514
7.436110921	86
7.436085407	1514
7.446393314	1514
7.446415502	98
7.476398747	1514
7.476422194	98
7.486711345	2942
7.486735842	98
7.496420819	1514
7.496446969	86
7.496972525	1514
7.506731335	1514
7.506755324	86
7.517042745	4370
7.517118299	86
7.527408600	4370
7.527486404	86
7.537766515	4370
7.537844006	86
7.548107142	4370
7.548182731	86
7.558470947	2942
7.558471202	2942
7.558471290	1514
7.558545179	86
7.568820095	2942
7.568820337	2942
7.568897767	86
7.579169744	2942
7.579192622	98
7.579169970	2942
7.579213762	98
7.589479140	1514
7.589505317	86
7.589479367	2942
7.589558127	86
7.599799127	4370
7.599799357	1514
7.599875672	86
7.610162175	2942
7.610162397	2942
7.610239027	86
7.620518652	2942
7.620518875	2942
7.620594352	86
7.630879297	2942
7.630879542	2942
7.630955184	86
7.641242192	2942
7.641242415	2942
7.641242482	2942
7.641318779	86
7.651587442	2942
7.651664707	86
7.661948722	2942
7.661971164	98
7.672212170	2942
7.672237222	98
7.682523081	2942
7.682550128	86
7.682523343	1514
7.692809821	2942
7.692833948	86
7.703115656	2942
7.703140061	86
7.703115879	2942
7.703115949	1514
7.703194048	86
7.713411427	2942
7.713411651	2942
7.713411721	1514
7.713488329	86
7.723773736	4370
7.723773959	2942
7.723851221	86
7.734134424	2942
7.734134644	2942
7.734134714	1514
7.734210868	86
7.744483701	2942
7.744483924	2942
7.744483994	2942
7.744484061	1514
7.744561083	86
7.754851631	2942
7.754851881	2942
7.754851971	2942
7.754928493	86
7.765174109	2942
7.765196406	98
7.765174334	2942
7.765217056	98
7.765174401	2942
7.765229651	98
7.775487612	1514
7.775513664	86
7.775487854	4370
7.775567286	86
7.785788507	4370
7.785864239	86
7.796132507	2942
7.796155174	98
7.806432017	2942
7.806458630	86
7.816731370	4370
7.816755932	86
7.827006168	2942
7.827030440	86
7.827006393	2942
7.827081913	86
7.837307989	2942
7.837308209	2942
7.837386078	86
8.088415293	1514
8.088439531	86
8.098724716	2942
8.098747106	98
8.109027947	2942
8.109053124	98
8.119335865	2942
8.119362494	86
8.129630725	2942
8.129655067	86
8.139941440	2942
8.139965712	86
8.150252593	2942
8.150277698	86
8.150252815	2942
8.150298277	86
8.160565623	2942
8.160590453	86
8.160565846	2942
8.160612138	86
8.170869236	2942
8.170894568	86
8.170869458	2942
8.170916578	86
8.181163124	2942
8.181187919	86
8.181163374	2942
8.181209883	86
8.191475227	2942
8.191499999	86
8.191475449	2942
8.191521916	86
8.201778304	2942
8.201802982	86
8.201778554	2942
8.201825374	98
8.201778644	1514
8.201838677	98
8.212097949	2942
8.212121869	98
8.212098175	1514
8.212144597	98
8.222411160	1514
8.222437800	86
8.222411395	2942
8.222491069	86
8.232717373	2942
8.232717598	2942
8.232792662	86
8.243044998	2942
8.243045270	2942
8.243045340	1514
8.243123077	86
8.253412835	2942
8.253413125	2942
8.253413193	1514
8.253490685	86
8.263782768	2942
8.263783040	2942
8.263783108	1514
8.263860007	86
8.274147050	2942
8.274147275	1514
8.274179849	98
8.284445875	2942
8.284470115	98
8.284446123	2942
8.284490382	98
8.294724348	2942
8.294751833	86
8.294724576	2942
8.294806715	86
8.305042176	2942
8.305042396	2942
8.305042466	1514
8.305120545	86
8.315373306	2942
8.315373526	2942
8.315373594	1514
8.315450813	86
8.325742331	2942
8.325742553	2942
8.325775753	98
8.336064261	2942
8.336088218	98
8.336064479	2942
8.336108438	98
8.344406836	1514
8.344432730	86
8.346380786	2942
8.346405256	86
8.354724656	1514
8.356668537	2942
8.356698117	86
8.356668767	1514
8.366970147	2942
8.366999609	86
8.377276530	2942
8.377305960	86
8.377276757	2942
8.377352312	86
8.387580803	2942
8.387581055	2942
8.387646077	86
8.397928125	2942
8.397928348	2942
8.397928418	2942
8.398002092	86
8.408260940	2942
8.408261163	2942
8.408261250	2942
8.408335137	86
8.418625373	2942
8.418648122	98
8.418625598	2942
8.418669232	98
8.428940608	2942
8.428964698	98
8.428940833	2942
8.428993147	86
8.439258868	2942
8.439288468	86
8.439259088	2942
8.439334692	86
8.449557106	2942
8.449557334	2942
8.449622431	86
8.459905136	2942
8.459927621	98
8.484375694	1514
8.484397333	106
8.494676664	1514
8.494708504	98
8.494676884	2942
8.494729824	86
8.505001057	4370
8.505031101	86
8.515287785	2942
8.515317509	86
8.515288032	2942
8.515367194	86
8.525618612	2942
8.525640994	98
8.535925288	2942
8.535949010	98
8.544405804	1514
8.544429938	98
8.546223658	1514
8.546249345	86
8.554717609	1514
8.556506971	1514
8.556530521	86
8.566815876	4370
8.566892653	86
8.577167219	4370
8.577240503	86
8.587499861	4370
8.587575121	86
8.597860606	4370
8.597937886	86
8.608199569	4370
8.608276278	86
8.618566871	2942
8.618567093	2942
8.618567163	1514
8.618643223	86
8.628927301	2942
8.628927523	2942
8.628927591	1514
8.629004370	86
8.639291668	2942
8.639291916	2942
8.639292006	1514
8.639370573	86
8.649630583	2942
8.649630806	2942
8.649630873	1514
8.649708925	86
8.659994738	2942
8.659994958	2942
8.660072880	86
8.684372684	1514
8.684394521	98
8.694685307	2942
8.694709541	98
8.694685527	2942
8.694729007	98
8.694685594	2942
8.695384102	98
8.704401849	1514
8.704427979	86
8.704908540	2942
8.704932955	86
8.705619465	2942
8.705643760	86
8.714715979	1514
8.715123924	2942
8.715148453	86
8.715852373	2942
8.715877053	86
8.715852598	1514
8.725433699	2942
8.725458541	86
8.725433922	2942
8.725512083	86
8.735732614	2942
8.735755384	98
8.746041835	2942
8.746066689	98
8.746042057	2942
8.746086734	98
8.756356615	2942
8.756381972	98
8.756356837	1514
8.756404167	86
8.756356905	1514
8.766676740	2942
8.766701862	86
8.776990758	2942
8.777015565	86
8.776990983	2942
8.776991050	1514
8.777069810	86
8.787286316	2942
8.787286538	2942
8.787286606	1514
8.787363900	86
8.797660443	2942
8.797683283	98
8.797660665	1514
8.797703593	98
8.807946518	2942
8.807970778	98
8.807946743	1514
8.807993338	98
8.818255419	1514
8.818282426	86
8.818255639	2942
8.818336893	86
8.828543507	4370
8.828543731	1514
8.828622394	86
8.838878272	2942
8.838901129	98
8.849185397	2942
8.849210204	98
8.859466407	2942
8.859493395	86
8.869780508	4370
8.869805235	86
8.880068726	4370
8.880093478	86
8.890377911	4370
8.890402733	86
8.900642779	4370
8.900667759	86
8.910958632	1514
8.910980564	98
8.921259885	1514
8.921284812	98
8.931529590	1514
8.931553438	98
8.941820588	2942
8.941845580	98
8.952116249	1514
8.952141873	86
8.952116473	2942
8.952194133	86
8.962431279	4370
8.962431539	1514
8.962507068	86
8.972767554	2942
8.972767776	2942
8.972844973	86
8.983133276	2942
8.983133551	2942
8.983210736	86
8.993479209	2942
8.993479431	2942
8.993556683	86
9.003841918	2942
9.003842196	2942
9.003918940	86
9.014207756	2942
9.014207983	2942
9.014208053	2942
9.014208121	1514
9.014285280	86
9.024560883	2942
9.024561106	2942
9.024561173	4370
9.024635655	86
9.034903923	2942
9.034904146	2942
9.034904213	2942
9.034904283	1514
9.034980420	86
9.045256851	2942
9.045257083	2942
9.045257153	2942
9.045257221	1514
9.045333460	86
9.055617178	2942
9.055617401	2942
9.055617471	2942
9.055617538	1514
9.055696140	86
9.065988986	2942
9.065989210	2942
9.065989278	2942
9.065989348	1514
9.066033538	98
9.076300493	2942
9.076324153	98
9.076300716	2942
9.076343733	98
9.076300786	2942
9.076983234	98
9.084365715	1514
9.084390205	98
9.086610184	1514
9.086636271	86
9.086610404	2942
9.086700916	86
9.094682180	2942
9.094682405	1514
9.094758540	86
9.096926819	4370
9.097001508	86
9.107248029	2942
9.107248274	2942
9.107248344	2942
9.107248411	1514
9.107324986	86
9.117613314	2942
9.117613539	2942
9.117613606	2942
9.117613676	1514
9.117691491	86
9.127978766	2942
9.127978996	2942
9.127979066	2942
9.127979134	1514
9.128056996	86
9.138346191	2942
9.138346414	2942
9.138346481	2942
9.138346551	1514
9.138423138	86
9.148689466	2942
9.148689689	2942
9.148689756	2942
9.148689826	2942
9.148769088	86
9.159061199	2942
9.159083716	98
9.159061421	2942
9.159104278	98
9.159061489	2942
9.159117653	98
9.159061559	1514
9.159755551	98
9.169358899	1514
9.169385409	86
9.169359119	2942
9.169439286	86
9.169965957	2942
9.169966180	1514
9.170038256	86
9.179678042	4370
9.179752446	86
9.180299967	2942
9.180300187	2942
9.180375159	86
9.190038461	2942
9.190111648	86
9.190622267	2942
9.190622487	2942
9.190622557	1514
9.190709284	86
9.200382782	2942
9.200459566	86
9.200904243	2942
9.200904465	1514
9.200934970	98
9.210722699	2942
9.210747246	98
9.211091034	2942
9.211114636	98
9.220365584	1514
9.220390069	98
9.220961000	1514
9.220987295	86
9.221369457	2942
9.221393612	86
9.230678902	1514
9.231614908	2942
9.231639013	86
9.231615130	1514
9.241873198	2942
9.241897441	86
9.252165286	2942
9.252187586	98
9.262470242	2942
9.262496941	86
9.272783762	4370
9.272808197	86
9.283087195	2942
9.283111862	86
9.283087417	2942
9.283162572	86
9.293449415	2942
9.293449639	2942
9.293524284	86
9.303784750	2942
9.303784975	2942
9.303859559	86
9.314144575	2942
9.314144802	2942
9.314222619	86
9.324419445	2942
9.324419667	2942
9.324419737	2942
9.324497524	86
9.334785487	2942
9.334785710	2942
9.334785797	2942
9.334863387	86
9.345115097	2942
9.345115320	2942
9.345115387	2942
9.345191274	86
9.355463412	2942
9.355463655	2942
9.355463725	2942
9.355541607	86
9.380359197	1514
9.422721255	86
9.433010883	2942
9.433011105	2942
9.433011173	2942
9.433011243	2942
9.433087932	86
9.443355925	2942
9.443356148	2942
9.443356215	2942
9.443396078	98
9.453691013	2942
9.453714920	98
9.453691238	2942
9.453734465	98
9.453691308	2942
9.454392638	98
9.464006523	2942
9.464033298	86
9.464006746	1514
9.464618404	2942
9.464642289	86
9.474320446	2942
9.474345008	86
9.474832002	2942
9.474856295	86
9.474832232	2942
9.474909104	86
9.485124408	2942
9.485124633	2942
9.485124728	2942
9.485199732	86
9.495489410	2942
9.495489653	2942
9.495489743	2942
9.495566404	86
9.505836542	2942
9.505836762	2942
9.505836832	2942
9.505915462	86
9.516160183	2942
9.516160408	2942
9.516160478	2942
9.516237977	86
9.526532780	2942
9.526533002	2942
9.526533092	2942
9.526533160	2942
9.526572520	1514
9.526612852	86
9.556354986	1514
9.598721997	86
9.609011132	2942
9.609011355	2942
9.609011425	2942
9.609011492	2942
9.609051382	1514
9.609090112	86
9.619366437	2942
9.619366660	2942
9.619366730	2942
9.619366797	2942
9.619406444	1514
9.619446089	86
9.629738662	2942
9.629738884	2942
9.629738954	2942
9.629739022	2942
9.629779432	1514
9.629817449	86
9.640096617	2942
9.640096842	2942
9.640129507	98
9.640096909	2942
9.640149394	98
9.640096979	1514
9.640159932	98
9.650428747	2942
9.650428970	2942
9.650429037	2942
9.650470482	86
9.650429107	1514
9.660746860	2942
9.660769470	98
9.660747080	2942
9.660790062	98
9.671065502	2942
9.671089572	98
9.671065748	2942
9.671065838	1514
9.671118905	98
9.681357578	1514
9.681383068	86
9.681357813	4370
9.681357883	1514
9.681438305	86
9.691652766	4370
9.691653008	2942
9.691653078	1514
9.691730928	86
9.720377843	1514
9.762721781	86
9.773009286	2942
9.773009509	2942
9.773042456	98
9.783318534	2942
9.783342109	98
9.783318756	2942
9.783361886	98
9.793599087	1514
9.793599307	2942
9.794250560	98
9.804512398	1514
9.804539773	86
9.804512618	2942
9.804512688	1514
9.804595510	86
9.814831050	4370
9.814831290	2942
9.814909267	86
9.825196395	2942
9.825196620	2942
9.825196688	1514
9.825274915	86
9.835496183	2942
9.835496433	2942
9.835496503	1514
9.835571290	86
9.845855278	2942
9.845855498	2942
9.845855568	1514
9.845940375	86
9.856190183	2942
9.856190406	2942
9.856190473	1514
9.856276312	86
9.866569005	2942
9.866569228	2942
9.866569298	2942
9.866569365	2942
9.866653667	86
9.876938965	2942
9.876939185	2942
9.876939255	2942
9.876939323	2942
9.877010346	86
9.887306568	4370
9.887306790	2942
9.887306860	2942
9.887306928	1514
9.887391925	86
9.897642160	2942
9.897642383	2942
9.897642450	2942
9.897642520	2942
9.897726332	86
9.908000550	2942
9.908000773	2942
9.908000840	2942
9.908000910	2942
9.908079025	86
9.918362745	2942
9.918362965	2942
9.918363032	2942
9.918363102	2942
9.918403030	2942
9.918442372	86
9.928719015	2942
9.928719237	2942
9.928719305	2942
9.928719375	2942
9.928759515	2942
9.928795314	86
9.939045813	2942
9.939046043	2942
9.939046133	2942
9.939046203	2942
9.939087725	2942
9.939126460	86
9.949419160	2942
9.949419380	2942
9.949419450	2942
9.949419517	2942
9.949459447	2942
9.949497334	86
9.959789022	2942
9.959789252	2942
9.959822470	98
9.959789322	2942
9.959843535	98
9.959789392	2942
9.959853372	98
9.970123850	2942
9.970124067	2942
9.970124137	2942
9.970165237	86
9.970124205	1514
9.980455378	2942
9.980479857	86
9.980455595	2942
9.980455680	2942
9.980532827	86
9.990725933	2942
9.990726151	2942
9.990726218	2942
9.990726288	2942
9.990806097	86
10.001098658	2942
10.001098878	2942
10.001098966	2942
10.001099036	2942
10.001176500	86
10.011405951	2942
10.011406168	2942
10.011406238	2942
10.011406308	2942
10.011483695	86
10.021774141	2942
10.021774361	2942
10.021774428	2942
10.021774498	2942
10.021815620	2942
10.021851625	86
10.052347019	1514
10.053002349	87
10.053094861	86
10.053149628	87
10.063406651	2942
10.063425824	90
10.063444749	74
10.063426051	359
10.063406871	2942
10.063470473	74
10.063406941	2942
10.063480411	74
10.063407009	2942
10.063490753	74
10.063495981	2942
10.063502266	74
10.063503411	86
10.063598845	90
10.063611237	406
10.063621775	87
10.073857651	86
10.073857875	87
10.073857948	86
10.073959257	86
10.084081221	86
