0.000000000	90
0.000033616	86
0.000091791	87
0.010378661	94
0.010418369	94
0.020533552	86
0.020598670	123
0.020612957	86
0.021522467	87
0.021537333	87
0.031693600	86
0.031697830	2942
0.031728435	86
0.031698050	2942
0.031762677	86
0.031698118	2942
0.031698188	2942
0.031774175	86
0.031775312	2942
0.031781986	86
0.042028975	2942
0.042055375	86
0.042029195	2942
0.042086205	86
0.042029265	2942
0.042029333	2942
0.042096559	86
0.042099629	4370
0.042103623	86
0.042099713	4370
0.042099775	4370
0.042107922	86
0.042112735	86
0.042112113	4370
0.042117964	86
0.052310836	2942
0.052336458	86
0.052311058	5798
0.052359020	86
0.052311128	7226
0.052372650	86
0.052381615	7226
0.052390000	86
0.052381730	7226
0.052404755	4370
0.052404858	10082
0.052418440	4842
0.052485417	86
0.062639849	10082
0.062666851	86
0.062640053	5798
0.062688081	86
0.062701103	1042
0.062710795	86
0.062701225	20078
0.062724208	86
0.062730493	11510
0.062739243	86
0.062925686	15794
0.062954591	86
0.072986124	15794
0.073014888	86
0.073032528	22934
0.073048840	86
0.073056958	8654
0.073065498	86
0.075611207	27218
0.075642967	86
0.076296302	4370
0.076321282	86
0.080866821	27218
0.080902213	86
0.081577649	4370
0.081603076	86
0.086480086	28646
0.086511953	86
0.086951607	2942
0.086976442	86
0.092000226	30074
0.092033973	86
0.092230969	1514
0.092255751	86
0.097611665	31502
0.097644815	86
0.102952266	31502
0.102984536	86
0.108246218	31502
0.108279180	86
0.113589707	31502
0.113621801	86
0.118949093	31502
0.118981693	86
0.124237539	31502
0.124272649	86
0.129586948	31502
0.129619435	86
0.136655779	41498
0.136690609	86
0.140500194	22934
0.140530761	86
0.147068231	38642
0.147160003	86
0.151370370	25790
0.151454662	86
0.158209636	40070
0.158302782	86
0.162324848	24362
0.162408915	86
0.169112942	40070
0.169207791	86
0.173211410	24362
0.173297319	86
0.180014998	40070
0.180109104	86
0.184080333	24362
0.184166035	86
0.190644436	38642
0.190738072	86
0.195030804	25790
0.195117793	86
0.201570846	38642
0.201664848	86
0.205930327	25790
0.206017674	86
0.212229204	37214
0.212324764	86
0.216830486	27218
0.216861826	86
0.223131455	37214
0.223165057	86
0.226517416	20078
0.226547245	86
0.227699742	7226
0.227725452	86
0.231121447	20078
0.231150374	86
0.234026421	17222
0.234053566	98
0.235449621	8654
0.235475503	98
0.238385340	17222
0.238412367	98
0.241240689	17222
0.241267826	106
0.243465115	12938
0.243490313	106
0.246135771	15794
0.246162866	106
0.248741607	15794
0.248769319	106
0.251204814	14366
0.251239202	106
0.253645437	14366
0.253672779	106
0.254353444	4370
0.254991487	106
0.256739192	14366
0.257395039	106
0.259183996	14366
0.259825394	106
0.261394973	12938
0.262034836	106
0.263542067	12938
0.264182933	106
0.265200818	10082
0.265840128	106
0.267384807	12938
0.268024925	106
0.269575821	12938
0.270215599	106
0.271751115	12938
0.272406568	106
0.273991647	12938
0.274647247	106
0.276115864	12938
0.276772791	106
0.278074172	11510
0.278730967	106
0.279989088	11510
0.280643783	106
0.281940459	11510
0.282595737	106
0.283884692	11510
0.284540215	106
0.285815291	11510
0.286469471	106
0.287028857	7226
0.287668262	106
0.288767002	10082
0.289406010	106
0.290436020	10082
0.291075755	106
0.292114938	10082
0.292760593	106
0.293851435	10082
0.294492298	106
0.295489486	10082
0.296133286	106
0.297245263	10082
0.297882521	106
0.297898531	4370
0.298547329	106
0.299643936	10082
0.300283446	106
0.301304049	10082
0.301943874	106
0.303018611	10082
0.303658102	106
0.304757818	10082
0.305397924	106
0.306173328	8654
0.306812916	106
0.307656855	8654
0.308297358	106
0.308823684	7226
0.309477359	106
0.310318558	8654
0.310958041	114
0.311735163	8654
0.312390141	114
0.313199192	8654
0.313838708	114
0.314644589	8654
0.315283500	114
0.316115809	8654
0.316770207	114
0.317552076	8654
0.318191669	114
0.318255883	4370
0.318895078	114
0.319738280	8654
0.320378243	114
0.321193717	8654
0.321833490	114
0.322679881	8654
0.323316066	114
0.324069369	8654
0.324096383	114
0.324823763	4370
0.324849455	114
0.326039017	7226
0.326064209	114
0.326797596	4370
0.326821881	114
0.327988088	7226
0.328627761	114
0.328948326	5798
0.329601681	114
0.329666458	4370
0.330305471	114
0.330370425	4370
0.331009403	114
0.331617356	7226
0.332256227	114
0.332320806	4370
0.332824065	2942
0.332955804	114
0.334245137	8654
0.334889445	114
0.335700227	8654
0.336348377	114
0.337200681	8654
0.337399419	1514
0.337855424	114
0.338911803	8654
0.339567494	114
0.339865482	5798
0.340519782	114
0.341327696	8654
0.341525830	1514
0.341988704	114
0.343031081	8654
0.343671882	114
0.343688401	4370
0.344326157	114
0.344444138	4370
0.345082674	114
0.345657510	7226
0.346296923	114
0.347114431	8654
0.347754399	114
0.348599068	8654
0.348767492	1514
0.349239051	114
0.350223411	8654
0.350859074	114
0.351689821	8654
0.352329816	114
0.353167583	8654
0.353806908	114
0.354603060	8654
0.355241968	114
0.356064619	8654
0.356721077	114
0.357312360	7226
0.357951295	114
0.358775865	8654
0.359413438	114
0.359949136	7226
0.360588019	114
0.360918299	5798
0.361572449	114
0.362113330	7226
0.362751486	114
0.363313134	7226
0.363939287	114
0.364317977	5798
0.364965082	114
0.365531110	7226
0.366155411	114
0.366734404	7226
0.367176006	2942
0.367358540	114
0.368410967	7226
0.369036865	114
0.369650611	7226
0.370275021	114
0.370838867	7226
0.371289606	2942
0.371463370	114
0.372771748	8654
0.373396226	114
0.374010789	7226
0.374639474	114
0.375437249	8654
0.376066469	114
0.376673885	7226
0.377297930	114
0.378127204	8654
0.378751720	114
0.379550062	8654
0.380175032	114
0.381036416	8654
0.381662599	114
0.382441355	8654
0.383065523	114
0.383925505	8654
0.384551043	114
0.384674984	4370
0.385298237	114
0.386086947	8654
0.386710467	114
0.387314670	7226
0.387535874	1514
0.387939368	114
0.389041325	8654
0.389677671	114
0.390441283	8654
0.391080165	114
0.391919259	8654
0.392558372	114
0.392655914	4370
0.393292247	114
0.393651462	5798
0.393681896	106
0.394826358	7226
0.394850971	106
0.395558968	4370
0.395583143	106
0.396793154	7226
0.397431274	106
0.397746422	5798
0.398384935	106
0.398404600	4370
0.399039963	106
0.399194592	4370
0.399832807	106
0.400396850	7226
0.400608424	1514
0.401035161	106
0.401635386	5798
0.402273389	106
0.403064266	8654
0.403703179	106
0.404513193	8654
0.405151846	106
0.406726915	12938
0.407366767	106
0.407667700	5798
0.408305343	106
0.408603211	5798
0.409241399	106
0.410298964	10082
0.410938856	106
0.411547520	7226
0.411775528	1514
0.412186325	106
0.412487530	4370
0.413125845	106
0.413204722	4370
0.413843113	106
0.414434334	7226
0.415092834	106
0.415883205	8654
0.416508761	106
0.417550459	10082
0.418186422	106
0.419034085	8654
0.419665283	106
0.420510867	8654
0.421150542	106
0.421948639	8654
0.422448498	2942
0.422584544	106
0.423370906	5798
0.424010044	106
0.424835788	8654
0.425490466	106
0.426074664	7226
0.426729664	106
0.428749307	15794
0.429405837	106
0.429701853	5798
0.430347368	106
0.430937419	7226
0.431575734	106
0.432111355	7226
0.432765338	106
0.433348306	7226
0.433987409	106
0.434305085	5798
0.434943382	106
0.435988685	10082
0.436629190	106
0.437198974	7226
0.437838189	106
0.440376843	18650
0.441018338	106
0.441585442	7226
0.442237900	106
0.442789488	7226
0.443429016	106
0.444236908	8654
0.444876258	106
0.445460576	7226
0.445697115	1514
0.446100069	98
0.447159202	8654
0.447797887	98
0.448573116	8654
0.449235516	98
0.450058915	8654
0.450713938	98
0.451517965	8654
0.452157313	98
0.452981649	8654
0.453639175	98
0.453656149	4370
0.454287880	98
0.455147058	8654
0.455319290	1514
0.455781576	98
0.456632588	7226
0.457265881	98
0.458075267	8654
0.458710655	98
0.459511034	8654
0.460154717	98
0.460950104	8654
0.461604179	98
0.461684699	4370
0.462318396	98
0.462392971	4370
0.463030866	98
0.463342517	5798
0.463805818	2942
0.463970940	98
0.464622790	4370
0.465258385	98
0.465272460	4370
0.465823499	2942
0.465902346	98
0.466286978	2942
0.466921321	98
0.467485537	7226
0.467957386	2942
0.468108590	98
0.469204017	7226
0.469827892	98
0.470176880	5798
0.470800215	98
0.471587204	8654
0.472211290	98
0.472305799	4370
0.472928757	98
0.473013307	4370
0.473635550	98
0.474291657	7226
0.474913275	98
0.475210128	5798
0.475743377	2942
0.475831084	98
0.476173294	2942
0.476439672	1514
0.476796199	106
0.477415077	5798
0.478036605	106
0.478626036	7226
0.479249421	106
0.479596081	5798
0.480233324	106
0.480597269	5798
0.481235675	106
0.482034364	8654
0.482674089	106
0.482758106	4370
0.483403051	114
0.484692729	11510
0.485332257	114
0.485396294	4370
0.485654933	1514
0.486035035	114
0.486129891	2942
0.486765774	114
0.486842109	4370
0.486857836	114
0.487339485	2942
0.487357713	106
0.487551906	1514
0.487570816	114
0.488799607	7226
0.488813280	114
0.489529094	4370
0.489541494	114
0.491482420	11510
0.491508437	114
0.491685891	1514
0.491708379	114
0.492684452	5798
0.492698906	114
0.493407776	4370
0.493420571	114
0.494599280	7226
0.494624427	114
0.495597945	5798
0.495622720	114
0.496546741	5798
0.496570736	114
0.496772827	1514
0.496796199	114
0.497549049	4370
0.497572903	114
0.498470427	5798
0.498495349	114
0.499710261	7226
0.499735438	114
0.500677668	5798
0.500710316	114
0.501138085	2942
0.501162485	114
0.502394174	7226
0.502419626	114
0.503828161	8654
0.503854113	114
0.505291810	8654
0.505317217	114
0.506004862	4370
0.506029460	114
0.506208041	1514
0.506220561	114
0.506758057	2942
0.506770527	114
0.508915994	12938
0.508942216	114
0.510172082	7226
0.510198159	114
0.510582947	2942
0.510595864	114
0.512351484	10082
0.512377189	114
0.513560135	7226
0.513585547	114
0.514504768	5798
0.514529670	114
0.515951593	8654
0.515977205	114
0.516678770	4370
0.516703252	114
0.517146424	2942
0.517170571	114
0.517361670	1514
0.517385215	114
0.518609131	7226
0.518634463	114
0.519325406	4370
0.519353911	114
0.521522113	12938
0.521548080	114
0.522700041	7226
0.522724574	114
0.523663527	5798
0.523688964	114
0.524661607	5798
0.524686294	114
0.526126232	8654
0.526151164	114
0.526588953	2942
0.526614510	114
0.527776427	7226
0.527803844	114
0.528547469	4370
0.528571986	114
0.529518552	5798
0.529543349	114
0.530485105	5798
0.530509942	114
0.531423236	5798
0.531447761	114
0.531938709	2942
0.531962602	114
0.532862820	5798
0.532890687	106
0.533613695	4370
0.533638770	106
0.534073249	2942
0.534097466	106
0.535070997	5798
0.535095699	106
0.535528518	2942
0.535552678	106
0.536744209	7226
0.536768837	106
0.536981148	1514
0.537004655	106
0.537750892	4370
0.537775382	106
0.538199999	2942
0.538224279	106
0.539159747	5798
0.539184495	106
0.539921572	4370
0.539945989	106
0.540415368	2942
0.540438995	106
0.540607679	1514
0.540630224	106
0.541111453	2942
0.541135450	106
0.541381386	1514
0.541409303	106
0.541825300	2942
0.541849998	106
0.542809223	5798
0.542836543	106
0.543262025	2942
0.543285125	106
0.543813601	2942
0.543838631	106
0.544497801	4370
0.544521858	106
0.545473264	5798
0.545499681	106
0.546703067	7226
0.546729957	106
0.546886686	1514
0.546913996	98
0.547191784	1514
0.547214091	98
0.547674693	2942
0.547698528	98
0.549095388	8654
0.549119640	98
0.550048703	5798
0.550063621	98
0.550316929	1514
0.550329376	98
0.551550092	7226
0.551563497	98
0.552225015	4370
0.552240127	98
0.552963987	4370
0.552977107	98
0.553714406	4370
0.553726824	98
0.554440906	4370
0.554453121	106
0.554671947	1514
0.554684277	106
0.554922775	1514
0.554934428	106
0.555675395	4370
0.555688097	106
0.556136822	2942
0.556148846	106
0.557798534	10082
0.557812222	106
0.558556957	4370
0.558572134	106
0.558778177	1514
0.558804927	98
0.559308784	2942
0.559332033	98
0.559997874	4370
0.560021856	98
0.560238104	1514
0.560260654	98
0.560736816	2942
0.560760468	98
0.561962904	7226
0.561987844	98
0.562692969	4370
0.562717161	98
0.564600715	11510
0.564626007	98
0.565355145	4370
0.565379757	98
0.565560848	1514
0.565583416	98
0.566061715	2942
0.566085542	98
0.567015830	5798
0.567040323	98
0.567745418	4370
0.567769502	98
0.568237314	2942
0.568261409	98
0.569220104	5798
0.569244821	98
0.569687298	2942
0.569711131	98
0.570937837	7226
0.570962987	98
0.571129353	1514
0.571152895	98
0.571901112	4370
0.571924792	98
0.572380881	2942
0.572404556	98
0.573325714	5798
0.573350559	98
0.574061177	4370
0.574085284	98
0.574560685	2942
0.574584933	98
0.574771179	1514
0.574793526	98
0.575531778	4370
0.575556008	98
0.575989165	2942
0.576012695	98
0.576203116	1514
0.576226021	98
0.576954111	4370
0.576978553	98
0.577435982	2942
0.577460202	98
0.577937886	2942
0.577963646	98
0.578683588	4370
0.578708388	98
0.579616851	5798
0.579642089	98
0.580849853	7226
0.580874540	98
0.581062651	1514
0.581085531	98
0.581302029	1514
0.581326392	98
0.581812196	2942
0.581837848	98
0.583279832	8654
0.583310052	98
0.584223335	5798
0.584247865	98
0.584472366	1514
0.584496163	98
0.585705680	7226
0.585730837	98
0.586394140	4370
0.586419152	98
0.587153692	4370
0.587178577	98
0.587858462	4370
0.587882579	98
0.588099300	1514
0.588132787	86
0.588848455	4370
0.588877894	86
0.589059888	1514
0.589089545	86
0.589295024	1514
0.589324194	86
0.590062638	4370
0.590092126	86
0.590530535	2942
0.590548737	86
0.592225600	10082
0.592258622	86
0.592936197	4370
0.592965867	86
0.593174023	1514
0.593203695	86
0.593688077	2942
0.593712864	86
0.594146529	2942
0.594171711	86
0.594660310	2942
0.594685135	86
0.595361855	4370
0.595386944	86
0.595849716	2942
0.595874388	86
0.597090382	7226
0.597116257	86
0.597300438	1514
0.597324873	86
0.597559254	1514
0.597581449	98
0.597811642	1514
0.597835112	98
0.598528414	4370
0.598542732	98
0.599012513	2942
0.599025101	98
0.599216534	1514
0.599228834	98
0.599960591	4370
0.599973544	98
0.600443463	2942
0.600457030	98
0.601175622	4370
0.601188420	98
0.601430303	1514
0.601442348	98
0.601920062	2942
0.601932560	98
0.602129241	1514
0.602141421	98
0.602852000	4370
0.602864733	98
0.603338390	2942
0.603350894	98
0.603836746	2942
0.603848976	98
0.604338765	2942
0.604351725	98
0.604798371	2942
0.604810694	98
0.605309613	2942
0.605322170	98
0.605789954	2942
0.605802307	98
0.606028412	1514
0.606040202	98
0.606483912	2942
0.606496182	98
0.607233019	4370
0.607245648	98
0.608211424	5798
0.608227421	98
0.608428387	1514
0.608440525	98
0.608649611	1514
0.608658631	98
0.609879585	7226
0.609893034	98
0.610389503	2942
0.610401508	98
0.610587114	1514
0.610596239	98
0.611589627	5798
0.611602757	98
0.612084843	2942
0.612096871	98
0.612547618	2942
0.612559773	98
0.613047876	2942
0.613059922	98
0.613252988	1514
0.613262438	98
0.613773449	2942
0.613785566	98
0.614025765	1514
0.614037152	98
0.614515433	2942
0.614527208	98
0.614965170	2942
0.614977190	98
0.615700445	4370
0.615712982	98
0.616454182	4370
0.616466497	98
0.617148497	4370
0.617160822	98
0.617922931	4370
0.617935334	98
0.618633476	4370
0.618646399	98
0.619336911	4370
0.619349306	98
0.619556929	1514
0.619569959	98
0.620329164	4370
0.620341501	98
0.621047986	4370
0.621060416	98
0.621513843	2942
0.621540312	86
0.621792283	1514
0.621816503	86
0.622029849	1514
0.622059736	86
0.622761131	4370
0.622786101	86
0.622973470	1514
0.622997739	86
0.623495621	2942
0.623520351	86
0.623699342	1514
0.623723644	86
0.623934988	1514
0.623959135	86
0.624178643	1514
0.624203463	86
0.624658132	2942
0.624671425	86
0.625174846	2942
0.625187308	86
0.625410152	1514
0.625422327	86
0.625654668	1514
0.625666645	86
0.626108549	2942
0.626121217	86
0.626376707	1514
0.626388687	86
0.626589573	1514
0.626601796	86
0.626833942	1514
0.626845952	86
0.627336663	2942
0.627349408	86
0.627812497	2942
0.627824937	86
0.628323861	2942
0.628336253	86
0.628533014	1514
0.628544974	86
0.628769170	1514
0.628781245	86
0.629534957	4370
0.629548774	86
0.630018051	2942
0.630030461	86
0.630960457	5798
0.630973559	86
0.631186263	1514
0.631212428	86
0.631424571	1514
0.631439586	86
0.631676509	1514
0.631925530	1514
0.631940220	86
0.632173688	1514
0.632414894	1514
0.632428301	86
0.632898373	2942
0.632929352	86
0.633374197	2942
0.633387909	98
0.633863213	2942
0.633876655	98
0.634376675	2942
0.634388994	98
0.635065304	4370
0.635078099	98
0.635797809	4370
0.636053532	1514
0.636422990	98
0.637504792	8654
0.638129217	98
0.638227974	4370
0.638851635	98
0.638962896	4370
0.639586227	98
0.639679391	4370
0.640302916	98
0.640423616	4370
0.641048446	98
0.641174725	4370
0.641644997	2942
0.641796463	98
0.642370101	4370
0.642993382	98
0.643072376	4370
0.643708069	98
0.643799474	4370
0.644422819	98
0.644552598	4370
0.645175826	98
0.645267316	4370
0.645890588	98
0.646004965	4370
0.646628366	98
0.646704572	4370
0.647335088	106
0.647673845	5798
0.648297424	106
0.648686483	5798
0.648923346	1514
0.648952106	98
0.649180932	1514
0.649204250	98
0.649431433	1514
0.649453878	98
0.649899154	2942
0.650535887	98
0.650599044	4370
0.651235875	98
0.651563457	5798
0.652048124	2942
0.652197908	98
0.652543780	2942
0.653167286	98
0.653267078	4370
0.653890828	98
0.653966070	4370
0.654464514	2942
0.654588093	106
0.654960755	2942
0.655584136	106
0.656043158	4370
0.656668460	106
0.656790245	4370
0.657413675	106
0.658420183	4370
0.658435980	98
0.658568999	8654
0.658582152	98
0.659302536	4370
0.659314766	106
0.659798098	2942
0.660046506	1514
0.660294899	1514
0.660420591	106
0.660777750	2942
0.661400824	106
0.661480388	4370
0.662104021	106
0.662442168	5798
0.662931490	2942
0.663069157	106
0.663396789	2942
0.664020640	106
0.664173091	4370
0.664774004	2942
0.664790841	98
0.665841331	7226
0.665854726	98
0.666353378	2942
0.666365400	98
0.667528344	4370
0.668151347	106
0.668594499	4370
0.669218037	106
0.669424651	1514
0.669437428	98
0.670575865	2942
0.670587529	106
0.671549082	2942
0.671561847	106
0.672274450	2942
0.672897518	106
0.673222065	5798
0.673846269	106
0.674173221	1514
0.674802469	106
0.676043997	7226
0.676548221	2942
0.676666830	106
0.678299229	4370
0.678313619	98
0.678299379	4370
0.678327836	98
0.679399473	4370
0.679412218	98
0.679633589	1514
0.680255907	98
0.680774591	5798
0.680787988	98
0.680774731	1514
0.680803321	86
0.680774818	2942
0.680851123	86
0.681718109	2942
0.681789681	86
0.683094834	2942
0.683166811	86
0.684025907	5798
0.684100091	86
0.684931073	1514
0.686797697	7226
0.686797922	2942
0.686875861	86
0.688437473	4370
0.688437698	2942
0.688516419	86
0.689577637	2942
0.689653261	86
0.690952029	4370
0.690952249	1514
0.690952317	1514
0.691026979	86
0.691906245	2942
0.691988914	86
0.693330970	1514
0.697024551	2942
0.697024775	2942
0.697024845	2942
0.697024915	2942
0.697104227	86
0.698714686	2942
0.698714911	2942
0.698789645	86
0.699844215	2942
0.699917297	86
0.701197735	2942
0.701197958	2942
0.701198025	2942
0.701272337	86
0.702115314	2942
0.702167843	86
0.707234401	2942
0.707234614	2942
0.707234681	2942
0.707234751	2942
0.707275139	2942
0.707311663	86
0.708974589	2942
0.708974809	2942
0.709047833	86
0.710152618	2942
0.710224140	86
0.711510796	2942
0.711511013	2942
0.711511083	2942
0.711584482	86
0.712333757	2942
0.712415209	86
0.717477757	2942
0.717477987	2942
0.717478057	4370
0.717478127	2942
0.717556084	86
0.720514730	2942
0.720514950	2942
0.720589180	86
0.721870680	2942
0.721893663	98
0.721870900	2942
0.721913167	98
0.721870968	2942
0.721926260	98
0.722599410	2942
0.722599635	1514
0.723237951	98
0.727700053	2942
0.727700273	2942
0.727700343	2942
0.727700411	2942
0.728338554	98
0.730875190	2942
0.730875410	2942
0.731530128	98
0.732179516	2942
0.732179738	2942
0.732216520	86
0.732179808	1514
0.733444451	2942
0.733468959	86
0.738518487	4370
0.738518702	2942
0.738596386	86
0.741825601	1514
0.741847668	98
0.742470401	2942
0.742494616	98
0.742470626	2942
0.742514603	98
0.743643540	2942
0.743643793	1514
0.744282090	98
0.748794683	2942
0.748794908	2942
0.749429581	98
0.752069514	2942
0.752724847	98
0.752740514	2942
0.752759657	98
0.754480284	1514
0.754504239	86
0.754480484	2942
0.754562853	86
0.759582684	2942
0.759582910	2942
0.759655471	86
0.763019729	2942
0.763042004	98
0.764699465	4370
0.764723397	98
0.769862483	2942
0.769895502	98
0.774944068	2942
0.774969233	86
0.774944281	1514
0.774986828	98
0.780115268	2942
0.780138881	98
0.785186889	2942
0.785211981	86
0.785187104	2942
0.785187172	1514
0.785266481	86
0.790342681	2942
0.790420191	86
0.795397147	2942
0.795397318	2942
0.795468159	86
0.800631220	2942
0.800653417	98
0.800631442	1514
0.800674017	98
0.805705105	2942
0.805727400	98
0.805705323	2942
0.806378543	98
0.810848849	1514
0.810882718	86
0.815898394	2942
0.815932482	86
0.816650546	2942
0.816681534	86
0.821059606	1514
0.826959911	2942
0.826989531	98
0.837250701	2942
0.837281025	98
0.837250927	2942
0.837296216	98
0.847537672	2942
0.847570196	86
0.847537900	2942
0.847627804	86
0.857873497	2942
0.857902606	98
0.857873745	1514
0.857917764	98
0.868184692	2942
0.868216946	98
0.868184917	1514
0.868233895	98
0.878505488	1514
0.878534235	86
0.878505712	2942
0.878570270	86
0.888828290	4370
0.888828513	1514
0.888887785	86
0.899174300	2942
0.899174523	2942
0.899233742	86
0.909517068	2942
0.909517290	2942
0.909576207	86
0.919823146	2942
0.919823396	2942
0.919897815	86
0.930183135	2942
0.930183355	2942
0.930183423	2942
0.930261497	86
0.956042416	1514
0.999367394	86
1.009658219	2942
1.009658439	2942
1.009658529	2942
1.009737359	86
1.019992320	2942
1.019992537	2942
1.019992607	2942
1.020067874	86
1.030352057	2942
1.030352277	2942
1.030352347	2942
1.030429481	86
1.040719929	2942
1.040720137	2942
1.040720207	2942
1.040720277	2942
1.040798924	86
1.051087054	2942
1.051087259	2942
1.051087329	2942
1.051087399	2942
1.051166491	86
1.061437269	2942
1.061437494	2942
1.061437562	2942
1.061477734	98
1.071732785	2942
1.071756789	98
1.071733009	2942
1.071777034	98
1.071733077	2942
1.072425257	98
1.079988445	1514
1.080012459	98
1.082051300	1514
1.082076950	86
1.082051527	1514
1.082708957	2942
1.082733320	86
1.090296910	1514
1.092359945	1514
1.092383782	86
1.092943816	2942
1.092944041	1514
1.093017555	86
1.102669218	2942
1.102742315	86
1.103195751	2942
1.103195977	2942
1.103270861	86
1.113013968	2942
1.113089447	86
1.113494517	2942
1.113494739	2942
1.113569546	86
1.123370590	2942
1.123445665	86
1.123808807	2942
1.123809030	2942
1.123884289	86
1.133731028	2942
1.133806545	86
1.134063590	2942
1.134063820	2942
1.134095510	98
1.144035021	1514
1.144057618	98
1.144320023	2942
1.144343966	98
1.144320249	2942
1.144982941	98
1.154340106	1514
1.154364966	98
1.155232224	1514
1.155258669	86
1.155232447	2942
1.155232517	1514
1.155313214	86
1.164608259	1514
1.165474702	2942
1.165474928	2942
1.165552329	86
1.192020808	1514
1.235363091	86
1.245653429	2942
1.245653654	2942
1.245653721	2942
1.245653791	1514
1.245731176	86
1.255980834	2942
1.255981109	2942
1.255981179	2942
1.255981246	1514
1.256059263	86
1.266346971	2942
1.266347194	2942
1.266347264	2942
1.266347331	1514
1.266424611	86
1.308046359	1514
1.351364060	86
1.361664608	2942
1.361687238	98
1.361664836	1514
1.361708005	98
1.371942091	1514
1.371966789	98
1.382245264	1514
1.382269864	98
1.392509307	2942
1.392536127	86
1.402820152	2942
1.402844810	86
1.402820405	1514
1.402894827	86
1.413103173	2942
1.413103398	2942
1.413179582	86
1.423442243	2942
1.423442488	2942
1.423442558	1514
1.423518370	86
1.433806593	2942
1.433806815	2942
1.433806885	1514
1.433882632	86
1.444174450	2942
1.444174720	2942
1.444174810	1514
1.444249025	86
1.454535240	2942
1.454535463	2942
1.454535533	1514
1.454610854	86
1.464898055	2942
1.464898302	2942
1.464898372	2942
1.464898440	1514
1.464974244	86
1.475235055	2942
1.475235305	2942
1.475235375	2942
1.475235445	1514
1.475313159	86
1.485607427	2942
1.485607655	2942
1.485607725	2942
1.485607792	1514
1.485683227	86
1.495940830	2942
1.495941055	2942
1.495941125	2942
1.495941192	1514
1.496018239	86
1.506308640	2942
1.506308860	2942
1.506308930	2942
1.506308997	2942
1.506349272	1514
1.506389887	86
1.516633190	2942
1.516633415	2942
1.516633485	2942
1.516633555	2942
1.516713772	86
1.527005867	2942
1.527028542	98
1.527006097	2942
1.527049467	98
1.527006167	2942
1.527062369	98
1.527006235	2942
1.527691462	98
1.537323502	1514
1.537349125	86
1.537323725	4370
1.537403472	86
1.537942068	2942
1.538017030	86
1.547639273	4370
1.547716102	86
1.548191411	2942
1.548191636	2942
1.548267096	86
1.558004510	2942
1.558080910	86
1.558480927	2942
1.558481152	2942
1.558481222	1514
1.558556519	86
1.568377627	2942
1.568492209	86
1.568786187	2942
1.568786409	2942
1.568786479	1514
1.568858444	86
1.578783030	2942
1.578858289	86
1.579048790	2942
1.579049012	2942
1.579049082	1514
1.579123369	86
1.589087250	2942
1.589163807	86
1.589225141	2942
1.589225364	2942
1.589225434	2942
1.589225504	1514
1.589298888	86
1.599389610	2942
1.599389845	2942
1.599389915	2942
1.599389985	2942
1.599431810	1514
1.599469314	86
1.623977779	1514
1.667358555	86
1.677655423	2942
1.677655643	2942
1.677655713	4370
1.677655783	2942
1.677734722	86
1.687966898	2942
1.687967118	2942
1.687967188	2942
1.687967258	2942
1.688007878	1514
1.688045795	86
1.698335510	2942
1.698335733	2942
1.698335803	2942
1.698335870	2942
1.698376145	1514
1.698414827	86
1.708650188	2942
1.708650413	2942
1.708650483	2942
1.708650551	2942
1.708691815	2942
1.708691988	2942
1.708729983	86
1.719023436	2942
1.719023658	2942
1.719023748	2942
1.719023816	2942
1.719070208	98
1.719083135	2942
1.719106740	98
1.729365881	2942
1.729390115	98
1.729366105	2942
1.729366173	2942
1.729366243	2942
1.729421125	1514
1.729433118	98
1.739686518	1514
1.739712730	86
1.739686768	2942
1.739686838	2942
1.739686906	2942
1.739686976	1514
1.739771543	86
1.750008291	4370
1.750008513	2942
1.750008583	2942
1.750008653	2942
1.750087500	86
1.760375778	2942
1.760376013	2942
1.760376103	2942
1.760376173	2942
1.760416988	1514
1.760456838	86
1.770750003	2942
1.770750225	2942
1.770750295	2942
1.770750363	2942
1.770790890	1514
1.770826805	86
1.781092403	2942
1.781092626	2942
1.781092696	2942
1.781092766	2942
1.781133963	1514
1.781171577	86
1.791419546	2942
1.791419771	2942
1.791419841	2942
1.791419908	2942
1.791460860	1514
1.791497675	86
1.801790748	2942
1.801790970	2942
1.801791040	2942
1.801791108	2942
1.801832090	2942
1.801832240	2942
1.801871880	86
1.812157495	2942
1.812157720	2942
1.812157790	2942
1.812157858	2942
1.812199728	2942
1.812199865	2942
1.812237202	86
1.822534420	2942
1.822534653	2942
1.822534725	4370
1.822534795	2942
1.822577130	2942
1.822577273	1514
1.822615715	86
1.832913155	2942
1.832913378	2942
1.832913448	2942
1.832913518	2942
1.832956252	2942
1.832956395	2942
1.832992309	86
1.843270117	2942
1.843270343	2942
1.843270413	2942
1.843270483	2942
1.843312025	2942
1.843312157	2942
1.843363514	86
1.853637292	2942
1.853637520	2942
1.853637590	2942
1.853637657	2942
1.853680260	2942
1.853680387	2942
1.853680457	2942
1.853718379	86
1.863994485	2942
1.863994722	2942
1.863994812	2942
1.863994882	2942
1.864037034	2942
1.864037189	2942
1.864037259	2942
1.864075419	86
1.874365152	2942
1.874365377	2942
1.874365444	2942
1.874365514	2942
1.874409052	2942
1.874409204	2942
1.874409272	2942
1.874448581	86
1.884713542	2942
1.884713767	2942
1.884713837	2942
1.884713905	2942
1.884756737	2942
1.884756879	2942
1.884756949	2942
1.884796906	86
1.895070762	2942
1.895070982	4370
1.895071052	2942
1.895071122	2942
1.895115089	2942
1.895115224	2942
1.895115294	2942
1.895115364	1514
1.895152467	86
1.905450164	2942
1.905450389	2942
1.905450459	2942
1.905450527	2942
1.905496164	2942
1.905496304	2942
1.905496374	2942
1.905496442	2942
1.905530819	86
1.915815329	2942
1.915815552	2942
1.915815622	2942
1.915815692	2942
1.915862286	2942
1.915862424	2942
1.915862494	2942
1.915862564	2942
1.915898321	86
1.926195844	2942
1.926196066	2942
1.926196136	2942
1.926196206	2942
1.926239658	2942
1.926239791	2942
1.926239861	2942
1.926239931	2942
1.926276603	86
1.936511069	2942
1.936511292	2942
1.936511362	2942
1.936511432	2942
1.936554609	2942
1.936568209	98
1.936554769	2942
1.936554841	2942
1.936597349	98
1.936613063	98
1.946871776	2942
1.946871999	2942
1.946872069	2942
1.946872139	2942
1.946909496	2942
1.946909619	2942
1.946931191	98
1.957207809	2942
1.957234707	86
1.957208032	4370
1.957208102	2942
1.957208172	2942
1.957266969	2942
1.957267069	1514
1.957298681	86
1.967474255	2942
1.967551494	86
1.977842627	2942
1.977842852	2942
1.977842922	2942
1.977842992	2942
1.977885109	2942
1.977885229	2942
1.977885317	1514
1.977924079	86
1.988219784	2942
1.988220022	2942
1.988220092	2942
1.988220159	2942
1.988262344	2942
1.988262469	2942
1.988262539	1514
1.988302021	86
1.998597529	2942
1.998597754	2942
1.998597824	2942
1.998597892	2942
1.998642541	2942
1.998642671	2942
1.998642759	1514
1.998678723	86
2.008972349	2942
2.008972574	2942
2.008972644	2942
2.008972714	2942
2.009016264	2942
2.009016408	2942
2.009016478	1514
2.009050941	86
2.019343749	2942
2.019343994	2942
2.019344084	2942
2.019344154	2942
2.019387563	2942
2.019387691	2942
2.019387758	1514
2.019426011	86
2.029718964	2942
2.029719184	2942
2.029719254	2942
2.029719321	2942
2.029764821	2942
2.029764971	2942
2.029765061	2942
2.029765131	2942
2.029802113	86
2.040061663	2942
2.040061883	2942
2.040061953	2942
2.040062023	2942
2.040107318	2942
2.040107461	2942
2.040107531	2942
2.040107601	2942
2.040148633	86
2.050442283	2942
2.050442501	2942
2.050442571	2942
2.050442641	2942
2.050485298	2942
2.050485438	2942
2.050485508	2942
2.050485578	2942
2.050524263	86
2.060785913	2942
2.060786133	2942
2.060786201	2942
2.060786271	2942
2.060830821	2942
2.060830963	1514
2.060831033	2942
2.060852726	98
2.060831101	1514
2.060881028	98
2.071127438	2942
2.071152103	98
2.071127646	2942
2.071127716	2942
2.071127786	2942
2.071183418	2942
2.071183521	2942
2.071183591	1514
2.071202430	98
2.081443476	1514
2.081470096	86
2.081443684	2942
2.081443751	2942
2.081443821	2942
2.081443889	2942
2.081504568	2942
2.081531870	86
2.091763549	2942
2.091786439	98
2.091763756	2942
2.091807628	98
2.091763826	2942
2.091820756	98
2.091763896	2942
2.091832986	2942
2.091833101	1514
2.092465656	98
2.102081644	2942
2.102081852	1514
2.102118466	86
2.102081922	1514
2.102753754	2942
2.102778506	86
2.102753974	2942
2.102829944	86
2.112405252	2942
2.112480704	86
2.113051140	2942
2.113051360	2942
2.113051430	2942
2.113051497	1514
2.113126481	86
2.122769389	2942
2.122845499	86
2.123346623	2942
2.123346843	2942
2.123346913	2942
2.123346980	1514
2.123424507	86
2.133072254	2942
2.133147824	86
2.133712367	2942
2.133712587	2942
2.133712655	2942
2.133712725	1514
2.133787029	86
2.143365997	2942
2.143442639	86
2.153735650	2942
2.153735870	2942
2.153735940	2942
2.153736007	2942
2.153777289	2942
2.153777417	1514
2.153818009	86
2.164063885	2942
2.164064090	2942
2.164064160	2942
2.164064230	2942
2.164105744	2942
2.164105892	1514
2.164145712	86
2.174439035	2942
2.174439255	2942
2.174439325	2942
2.174439395	2942
2.174481027	1514
2.174493939	98
2.184769850	2942
2.184793880	98
2.184770067	2942
2.184814282	98
2.184770137	2942
2.184770207	2942
2.185463185	98
2.195089403	2942
2.195116522	86
2.195089625	1514
2.195725445	2942
2.195749743	86
2.195725668	2942
2.195802880	86
2.205385893	2942
2.205463137	86
2.205978734	2942
2.205978956	2942
2.205979026	2942
2.206056000	86
2.215686743	2942
2.215761153	86
2.216295171	2942
2.216318521	98
2.216295394	2942
2.216339113	98
2.226051475	2942
2.226075188	98
2.226593637	2942
2.226593859	1514
2.226629009	98
2.236321814	1514
2.236347851	86
2.236322041	1514
2.236836857	2942
2.236861117	86
2.236837080	1514
2.246895804	1514
2.246919199	86
2.247033126	2942
2.247104440	86
2.257208305	2942
2.257208525	2942
2.257251992	2942
2.257288034	86
2.267566092	2942
2.267566317	2942
2.267566385	2942
2.267644757	86
2.277934272	2942
2.277934515	2942
2.277934585	2942
2.278011346	86
2.288293167	2942
2.288293387	2942
2.288293457	2942
2.288293524	2942
2.288370544	86
2.319996760	1514
2.363361325	86
2.373654803	2942
2.373655023	2942
2.373655093	4370
2.373655161	1514
2.373735213	86
2.383971306	2942
2.383971511	2942
2.383971581	2942
2.383971651	2942
2.384050695	86
2.394337511	2942
2.394337731	2942
2.394337821	2942
2.394337888	2942
2.394418530	86
2.404675513	2942
2.404675733	2942
2.404675803	2942
2.404675873	2942
2.404716638	2942
2.404756163	86
2.415056023	2942
2.415079045	98
2.415056228	2942
2.415100500	98
2.415056298	2942
2.415113625	98
2.415056368	2942
2.415742766	98
2.425374226	2942
2.425374446	2942
2.425411626	86
2.425374516	1514
2.425970086	2942
2.425994481	86
2.435697051	4370
2.435774591	86
2.436183950	2942
2.436206787	98
2.436184175	1514
2.436225550	98
2.446065713	2942
2.446089958	98
2.446402566	2942
2.446402793	1514
2.446438383	98
2.456359276	1514
2.456385961	86
2.456359501	1514
2.456672504	1514
2.456694454	98
2.466677901	1514
2.466701231	98
2.466916450	2942
2.466940337	98
2.476018444	1514
2.476042403	98
2.477188728	1514
2.477214223	86
2.477188958	1514
2.486325899	1514
2.486349856	86
2.487447476	1514
2.496634034	2942
2.496707589	86
2.527993192	1514
2.571359675	86
2.581646613	2942
2.581646841	2942
2.581724168	86
2.631988548	1514
2.675359242	86
2.685644422	2942
2.685644644	2942
2.685723304	86
2.695968165	2942
2.695968385	2942
2.696046149	86
2.706332907	2942
2.706333132	2942
2.706410129	86
2.716663972	2942
2.716664189	2942
2.716664259	2942
2.716664329	1514
2.716743534	86
2.727034102	2942
2.727034322	2942
2.727034392	2942
2.727034459	1514
2.727114521	86
2.737404714	2942
2.737404934	2942
2.737405004	2942
2.737405074	1514
2.737485826	86
2.747773939	2942
2.747774157	2942
2.747774227	2942
2.747774297	1514
2.747854271	86
2.758138902	2942
2.758139122	2942
2.758139192	2942
2.758179876	98
2.758139259	1514
2.758198164	98
2.768448357	2942
2.768472439	98
2.768448579	2942
2.768448649	2942
2.768448719	1514
2.768506501	98
2.778760917	1514
2.778787702	86
2.778761139	2942
2.778761207	2942
2.778761277	1514
2.778846494	86
2.789049420	4370
2.789049668	2942
2.789049735	2942
2.789128829	86
2.799377328	2942
2.799377550	2942
2.799377618	2942
2.799377688	1514
2.799457022	86
2.809746095	2942
2.809746320	2942
2.809746408	2942
2.809746478	1514
2.809821899	86
2.820093517	2942
2.820093743	2942
2.820093810	2942
2.820093880	1514
2.820173557	86
2.852008464	1514
2.895353287	86
2.905643237	2942
2.905643480	2942
2.905643550	2942
2.905643620	2942
2.905683602	1514
2.905722744	86
2.915976790	2942
2.915977010	2942
2.915977080	2942
2.915977148	2942
2.916017395	1514
2.916058084	86
2.926346925	2942
2.926347142	2942
2.926347212	2942
2.926347282	2942
2.926388177	1514
2.926427417	86
2.936720315	2942
2.936720532	2942
2.936720602	2942
2.936720672	2942
2.936760932	1514
2.936800769	86
2.947057260	2942
2.947057480	2942
2.947057547	2942
2.947057617	2942
2.947098197	1514
2.947138479	86
2.957427817	2942
2.957428034	2942
2.957428104	2942
2.957428174	2942
2.957469339	2942
2.957508377	86
2.967745885	2942
2.967768929	98
2.967746090	2942
2.967790184	98
2.967746160	4370
2.967804414	98
2.967746230	2942
2.968449015	98
2.978066132	2942
2.978093455	86
2.978066352	4370
2.978148032	86
2.978695000	2942
2.978717508	98
2.988388970	2942
2.988413757	98
2.988389190	2942
2.988434470	98
2.988929274	2942
2.989583117	98
2.995968645	1514
2.995994345	86
2.998711648	2942
2.998736113	86
2.999799805	2942
2.999824197	86
3.009006451	2942
3.009028968	98
3.019313961	2942
3.019345856	98
3.019314186	2942
3.019366018	98
3.029633929	1514
3.029660156	86
3.029634149	1514
3.029634239	2942
3.029715676	86
3.039918814	1514
3.039919034	2942
3.039919104	2942
3.039996991	86
3.050285709	2942
3.050285931	2942
3.050286001	1514
3.050364978	86
3.060599282	2942
3.060599489	2942
3.060599559	1514
3.060678799	86
3.070963689	2942
3.070963917	1514
3.070996536	98
3.081284792	2942
3.081308942	98
3.081285012	2942
3.081329426	98
3.091553995	2942
3.091581160	86
3.091554245	2942
3.091636884	86
3.101867785	2942
3.101868010	2942
3.101868078	1514
3.101945567	86
3.112233280	2942
3.112233545	2942
3.112233632	1514
3.112311629	86
3.122600330	2942
3.122600555	2942
3.122600625	1514
3.122677942	86
3.132921375	2942
3.132921602	2942
3.132921670	1514
3.133000692	86
3.143286337	2942
3.143286585	2942
3.143286655	1514
3.143376644	86
3.153670757	2942
3.153671000	2942
3.153671070	2942
3.153671140	2942
3.153751439	86
3.164018317	4370
3.164018540	2942
3.164018610	2942
3.164018677	1514
3.164098264	86
3.174386955	2942
3.174387175	2942
3.174387242	2942
3.174387312	2942
3.174467691	86
3.184758932	2942
3.184759154	2942
3.184759224	2942
3.184759292	2942
3.184836864	86
3.212003582	1514
3.255348385	86
3.265596106	2942
3.265596326	2942
3.265596396	2942
3.265596466	2942
3.265639581	2942
3.266160479	86
3.276429950	2942
3.276430170	2942
3.276430240	2942
3.276430310	2942
3.276471977	2942
3.276508617	86
3.286797535	4370
3.286797755	2942
3.286797825	2942
3.286797892	2942
3.286838402	1514
3.286880387	86
3.297171282	2942
3.297171487	2942
3.297171557	2942
3.297211899	98
3.297171627	2942
3.297230902	98
3.307454437	2942
3.307478775	98
3.307454683	2942
3.307454750	2942
3.307454823	1514
3.307512682	98
3.317773015	1514
3.317798862	86
3.317773233	4370
3.317773303	2942
3.317773373	1514
3.317858157	86
3.328018801	4370
3.328019041	2942
3.328019111	1514
3.328059446	98
3.338354431	2942
3.338378421	98
3.338354651	2942
3.338398438	98
3.338354721	2942
3.339030344	98
3.348001899	1514
3.348027309	98
3.348621577	1514
3.348648222	86
3.348621804	1514
3.349227680	2942
3.349251934	86
3.358305032	1514
3.359446876	2942
3.359471330	86
3.359447096	2942
3.359524133	86
3.369760543	2942
3.369760763	2942
3.369760833	2942
3.369840420	86
3.380097599	2942
3.380120311	98
3.380097821	2942
3.380141366	98
3.390400004	2942
3.390424256	98
3.390400224	2942
3.390447921	86
3.400717124	2942
3.400741849	86
3.400717341	2942
3.400795656	86
3.411029152	2942
3.411029374	2942
3.411029464	1514
3.411108051	86
3.421398209	2942
3.421398439	2942
3.421398507	1514
3.421477169	86
3.431726317	2942
3.431726567	2942
3.431726637	1514
3.431805501	86
3.442092119	2942
3.442092342	2942
3.442092412	2942
3.442092482	1514
3.442172519	86
3.452463289	2942
3.452463536	2942
3.452463606	2942
3.452463674	1514
3.452543663	86
3.462832526	2942
3.462832749	2942
3.462832819	2942
3.462832889	1514
3.462912866	86
3.473204366	2942
3.473204591	2942
3.473204681	2942
3.473204749	1514
3.473284528	86
3.483555631	2942
3.483555856	2942
3.483555924	2942
3.483555994	1514
3.483635316	86
3.493924421	2942
3.493924643	2942
3.493924713	2942
3.493924783	1514
3.493969941	98
3.504228691	2942
3.504252741	98
3.504228919	2942
3.504273251	98
3.504228991	4370
3.504905411	98
3.514529714	2942
3.514556489	86
3.514529939	1514
3.515126947	2942
3.515151357	86
3.515127172	1514
3.524791537	2942
3.524815542	86
3.525387273	2942
3.525411388	86
3.535102413	2942
3.535128042	86
3.535653761	2942
3.535676141	98
3.535653986	1514
3.535696083	98
3.545973031	2942
3.545997084	98
3.545973256	2942
3.545973326	1514
3.546026728	98
3.556270944	1514
3.556297247	86
3.556271164	2942
3.556271234	1514
3.556351966	86
3.566589587	1514
3.566589807	2942
3.566667611	86
3.576952682	2942
3.576974979	98
3.587215530	2942
3.587242472	86
3.597529225	4370
3.597553780	86
3.607800116	2942
3.607824376	86
3.607800338	2942
3.607876730	86
3.618112829	2942
3.618113053	2942
3.618189678	86
3.628474506	2942
3.628474738	2942
3.628552065	86
3.655963834	1514
3.699361624	86
3.709646208	2942
3.709646430	2942
3.709646520	2942
3.709725839	86
3.719967363	2942
3.719967588	2942
3.719967660	2942
3.720046735	86
3.730328568	2942
3.730328790	2942
3.730328880	2942
3.730407409	86
3.740649995	2942
3.740650223	2942
3.740650293	2942
3.740728467	86
3.751013920	2942
3.751014143	2942
3.751014213	2942
3.751093067	86
3.761381717	2942
3.761381940	2942
3.761382010	2942
3.761382080	2942
3.761422025	1514
3.761459960	86
3.771752022	2942
3.771752245	2942
3.771752332	2942
3.771752402	2942
3.771792237	1514
3.771833119	86
3.782121092	2942
3.782121317	2942
3.782121385	2942
3.782161977	98
3.782121455	1514
3.782180367	98
3.792418955	2942
3.792442937	98
3.792419180	2942
3.792419250	2942
3.792419320	1514
3.792476520	98
3.802735193	1514
3.802762130	86
3.802735415	2942
3.802735485	2942
3.802735555	1514
3.802820015	86
3.813037661	2942
3.813060303	98
3.813037888	2942
3.813081543	98
3.813037958	2942
3.813094358	98
3.823343358	2942
3.823343581	1514
3.823379908	86
3.823343648	1514
3.833668393	2942
3.833693173	86
3.843961349	2942
3.843985906	86
3.843961574	2942
3.843961642	1514
3.844040593	86
3.854274572	2942
3.854274797	1514
3.854352286	86
3.864638044	2942
3.864660529	98
3.874943232	2942
3.874970504	86
4.087959408	1514
4.087979340	98
4.098273608	4370
4.098298743	86
4.108526271	4370
4.108551344	86
4.118835009	4370
4.118860444	86
4.129145719	2942
4.129170457	86
4.129145945	2942
4.129192467	86
4.129146012	1514
4.129204119	86
4.139439665	2942
4.139465170	86
4.139439910	2942
4.139486910	86
4.139439980	1514
4.139498167	86
4.149761570	2942
4.149785790	86
4.149761795	2942
4.149807315	86
4.149761862	1514
4.149818587	86
4.160058631	2942
4.160083153	86
4.160058901	2942
4.160105057	86
4.160058985	1514
4.160116333	86
4.170378036	2942
4.170402280	86
4.170378258	2942
4.170378328	2942
4.170378396	1514
4.170456668	86
4.180642884	2942
4.180643109	2942
4.180643176	4370
4.180720396	86
4.191008609	2942
4.191008836	2942
4.191008903	2942
4.191008973	1514
4.191087728	86
4.201380158	2942
4.201380403	2942
4.201380473	2942
4.201380543	2942
4.201459193	86
4.231953354	1514
4.275361605	86
4.285639835	2942
4.285640058	2942
4.285640128	2942
4.285640195	2942
4.285720540	86
4.295957816	2942
4.295958038	2942
4.295958108	2942
4.295958176	2942
4.296037752	86
4.306330248	2942
4.306330480	2942
4.306330548	2942
4.306330618	2942
4.306369530	1514
4.306409552	86
4.316638610	2942
4.316638833	2942
4.316638900	2942
4.316638970	2942
4.316677870	1514
4.316718157	86
4.327005083	2942
4.327005310	2942
4.327005378	2942
4.327044763	98
4.337336440	2942
4.337360023	98
4.337336663	2942
4.337381450	98
4.337336733	2942
4.338012616	98
4.347652846	2942
4.347678083	98
4.347653093	2942
4.347700610	86
4.348205479	2942
4.348229444	86
4.357973728	2942
4.357998071	86
4.357973951	4370
4.358051985	86
4.358443983	2942
4.358518739	86
4.368288884	2942
4.368289109	2942
4.368289199	2942
4.368368258	86
4.368787442	2942
4.368863764	86
4.378654766	2942
4.378654993	2942
4.378655063	1514
4.378732736	86
4.379082133	1514
4.379103965	98
4.388992394	2942
4.389016671	98
4.389336009	2942
4.389359111	106
4.399297117	1514
4.399322159	106
4.399576812	1514
4.399603419	98
4.399577034	2942
4.399624697	86
4.409898262	2942
4.409922944	86
4.409898487	4370
4.409976872	86
4.420170610	2942
4.420170835	2942
4.420170905	2942
4.420249672	86
4.430535053	2942
4.430535277	2942
4.430535347	2942
4.430614264	86
4.440905542	2942
4.440905770	2942
4.440905840	2942
4.440983869	86
4.451266372	2942
4.451266600	2942
4.451357952	86
4.461643505	2942
4.461666409	98
4.461643729	2942
4.461686159	98
4.471941537	2942
4.471968712	86
4.471941787	2942
4.472024207	86
4.482309175	4370
4.482309402	2942
4.482386554	86
4.492627382	2942
4.492627610	2942
4.492627680	1514
4.492706074	86
4.502993200	2942
4.502993422	2942
4.502993492	1514
4.503071749	86
4.513359992	2942
4.513360215	2942
4.513360305	1514
4.513438616	86
4.523703915	2942
4.523704142	2942
4.523704212	1514
4.523780867	86
4.547972071	1514
4.591346247	86
4.601640220	2942
4.601640450	2942
4.601640520	2942
4.601640587	2942
4.601680032	1514
4.601721964	86
4.612008522	2942
4.612008745	2942
4.612008815	2942
4.612008885	2942
4.612048072	1514
4.612089554	86
4.622376964	2942
4.622377187	2942
4.622377257	2942
4.622377327	2942
4.622417619	1514
4.622457501	86
4.632736417	2942
4.632759922	98
4.632736639	2942
4.632781057	98
4.632736709	2942
4.632794111	98
4.632736779	1514
4.633438502	98
4.643057717	2942
4.643057937	2942
4.643094717	86
4.643058007	1514
4.643718015	1514
4.643741747	86
4.653384772	2942
4.653384997	2942
4.653461797	86
4.653956023	2942
4.653956246	1514
4.654030115	86
4.663699575	2942
4.663699803	2942
4.663775604	86
4.664202929	2942
4.664203154	1514
4.664280346	86
4.674058612	2942
4.674058842	2942
4.674136409	86
4.674540334	2942
4.674540562	1514
4.674617103	86
4.684411795	2942
4.684412022	2942
4.684489094	86
4.684796090	2942
4.684796314	1514
4.684870524	86
4.694780247	2942
4.694780470	2942
4.694858999	86
4.695066858	2942
4.695067083	2942
4.695067150	1514
4.695142085	86
4.705132572	2942
4.705132800	2942
4.705207169	86
4.705303411	2942
4.705303633	2942
4.705303703	1514
4.705376640	86
4.715451925	2942
4.715474372	98
4.715506079	2942
4.715518779	98
4.715506207	2942
4.715530239	98
4.715506277	1514
4.716157645	98
4.725767405	2942
4.725767630	2942
4.725804480	86
4.725767720	1514
4.726348058	1514
4.726371821	86
4.736041398	2942
4.736041621	2942
4.736118880	86
4.736650569	2942
4.736650794	1514
4.736724156	86
4.746410498	2942
4.746410741	2942
4.746488817	86
4.746953302	2942
4.746953527	1514
4.747028389	86
4.756740718	2942
4.756740941	2942
4.756818880	86
4.757202577	2942
4.757202802	1514
4.757276792	86
4.767106111	2942
4.767106361	2942
4.767183863	86
4.767502758	2942
4.767502980	1514
4.767574977	86
4.777455283	2942
4.777455506	2942
4.777533155	86
4.777786248	2942
4.777786471	2942
4.777786541	1514
4.777860535	86
4.787818673	2942
4.787818915	2942
4.787896462	86
4.788042641	2942
4.788042864	2942
4.788042934	1514
4.788116821	86
4.798183853	2942
4.798184078	2942
4.798263087	86
4.798280430	2942
4.798280652	2942
4.798280722	1514
4.798318892	86
4.808518903	1514
4.808519153	2942
4.808595612	86
4.818883388	2942
4.818883613	2942
4.818883683	2942
4.818924445	98
4.818883753	2942
4.818943187	98
4.829216678	2942
4.829241363	98
4.829216900	2942
4.829216970	2942
4.829217040	1514
4.829275102	98
4.839498481	1514
4.839524391	86
4.839498703	4370
4.839498771	2942
4.839498841	1514
4.839583543	86
4.849816536	4370
4.849816761	2942
4.849816831	2942
4.849816901	1514
4.849898055	86
4.860156411	2942
4.860156633	2942
4.860156703	2942
4.860156771	2942
4.860236573	86
4.870524346	2942
4.870524571	2942
4.870524641	4370
4.870524708	1514
4.870604588	86
4.880906378	2942
4.880928951	98
4.880906601	2942
4.880950018	98
4.880906671	2942
4.880963428	98
4.891206508	2942
4.891206731	2942
4.891241968	86
4.891206824	1514
4.901512136	2942
4.901536654	86
4.901512361	2942
4.901591041	86
4.911792307	2942
4.911792554	2942
4.911792644	2942
4.911870349	86
4.922160834	2942
4.922161062	2942
4.922161154	2942
4.922240831	86
4.932503919	2942
4.932504169	2942
4.932504257	2942
4.932582484	86
4.942868329	2942
4.942868552	2942
4.942868622	2942
4.942868692	2942
4.942948133	86
4.953232072	4370
4.953232294	2942
4.953232364	2942
4.953232434	1514
4.953312383	86
4.963580031	2942
4.963580251	2942
4.963580321	2942
4.963580391	2942
4.963660461	86
4.987958387	1514
5.031345858	86
5.041638428	2942
5.041661046	98
5.041638653	2942
5.041682091	98
5.041638726	2942
5.041695050	98
5.051916301	2942
5.051916524	2942
5.051953816	86
5.051916594	1514
5.062241494	2942
5.062265996	86
5.062241742	2942
5.062320218	86
5.072534284	2942
5.072534509	2942
5.072534577	2942
5.072613969	86
5.082897707	2942
5.082897932	2942
5.082931106	98
5.093218882	2942
5.093242734	98
5.093219109	2942
5.093262899	98
5.103494910	2942
5.103521920	86
5.103495155	2942
5.103577772	86
5.113871462	2942
5.113871687	2942
5.113871755	1514
5.113949449	86
5.124235487	2942
5.124235737	2942
5.124235807	1514
5.124314744	86
5.134590797	2942
5.134591020	2942
5.134591090	1514
5.134669429	86
5.144954327	2942
5.144954547	2942
5.144954617	1514
5.145032014	86
5.155295442	2942
5.155295662	2942
5.155295732	1514
5.155375014	86
5.165665442	2942
5.165665662	2942
5.165665732	2942
5.165665802	2942
5.165746689	86
5.175952770	2942
5.175952975	2942
5.175953045	2942
5.175953115	2942
5.176033279	86
5.186322709	2942
5.186322927	2942
5.186323017	2942
5.186323087	2942
5.186400084	86
5.196654977	2942
5.196655195	2942
5.196655265	2942
5.196655335	2942
5.196733379	86
5.207021207	2942
5.207021427	2942
5.207054649	98
5.207021497	2942
5.207076054	98
5.217348757	2942
5.217373187	98
5.217348980	2942
5.217349047	2942
5.217403347	86
5.227694120	2942
5.227718565	86
5.227694337	2942
5.227694407	2942
5.227694475	1514
5.227774737	86
5.238007810	2942
5.238008032	2942
5.238041890	98
5.238008102	1514
5.238061214	98
5.248337923	2942
5.248362083	98
5.248338193	1514
5.248338263	1514
5.248391107	98
5.258653495	1514
5.258679450	86
5.258653715	4370
5.258733662	86
5.268918924	1514
5.268919144	2942
5.268919234	2942
5.268996783	86
5.279281743	2942
5.279281978	2942
5.279282066	1514
5.279377433	86
5.303911617	1514
5.347361747	86
5.357647853	2942
5.357648090	2942
5.357648160	1514
5.357726382	86
5.367952126	2942
5.367952348	2942
5.367952416	1514
5.368030588	86
5.378319968	2942
5.378320203	2942
5.378320291	1514
5.378396045	86
5.388646683	2942
5.388646906	2942
5.388646976	2942
5.388647043	2942
5.388726975	86
5.398986331	2942
5.398986553	2942
5.398986623	2942
5.398986693	2942
5.399065185	86
5.409352883	2942
5.409353113	2942
5.409353183	2942
5.409353253	2942
5.409433090	86
5.419723785	2942
5.419724020	2942
5.419724090	2942
5.419724158	2942
5.419804325	86
5.430093850	2942
5.430094083	2942
5.430127318	98
5.430094153	2942
5.430147417	98
5.430094220	2942
5.430159667	98
5.440374598	2942
5.440374851	2942
5.440374918	2942
5.440416375	86
5.440374988	1514
5.450704878	2942
5.450729436	86
5.450705101	2942
5.450782598	86
5.460980194	2942
5.461004526	98
5.460980416	2942
5.461026478	98
5.460980484	2942
5.461039573	98
5.471284327	2942
5.471312959	86
5.471284549	4370
5.471365241	86
5.481607342	2942
5.481607572	2942
5.481607642	2942
5.481669452	86
5.491912920	2942
5.491913142	2942
5.491946734	98
5.502233927	2942
5.502257905	98
5.502234147	2942
5.502277635	98
5.511907875	1514
5.511931819	98
5.512523990	1514
5.512550053	86
5.512524195	2942
5.512604027	86
5.522215290	1514
5.522822876	2942
5.522823103	1514
5.522900355	86
5.533174133	2942
5.533174353	2942
5.533174445	1514
5.533248710	86
5.543501256	2942
5.543501501	2942
5.543501573	1514
5.543580323	86
5.553869255	2942
5.553869478	2942
5.553869548	1514
5.553947805	86
5.564235623	2942
5.564235845	2942
5.564235915	1514
5.564313685	86
5.574599378	2942
5.574599595	2942
5.574599665	2942
5.574599735	1514
5.574679470	86
5.584967053	2942
5.584967273	2942
5.584967343	2942
5.584967413	1514
5.585047615	86
5.595313765	2942
5.595313985	2942
5.595314080	2942
5.595314150	1514
5.595399644	86
5.605689467	2942
5.605689687	2942
5.605689777	2942
5.605689845	1514
5.605768907	86
5.616029558	2942
5.616029768	2942
5.616029838	2942
5.616029908	2942
5.616069725	1514
5.616109767	86
5.626397505	2942
5.626397725	2942
5.626397795	2942
5.626437832	98
5.626397863	1514
5.626454445	98
5.636711990	2942
5.636738595	86
5.636712195	4370
5.636712265	1514
5.636795092	86
5.647009530	2942
5.647009748	2942
5.647009838	2942
5.647009908	1514
5.647087083	86
5.657376598	2942
5.657376818	2942
5.657376885	2942
5.657376955	1514
5.657456652	86
5.667746763	2942
5.667747005	2942
5.667747095	2942
5.667747165	1514
5.667826077	86
5.678112088	2942
5.678112305	2942
5.678112375	2942
5.678112445	1514
5.678192340	86
5.688456368	2942
5.688456603	2942
5.688456713	2942
5.688456783	2942
5.688496437	1514
5.688537217	86
5.698826068	2942
5.698826272	2942
5.698826342	4370
5.698826410	2942
5.698906272	86
5.709179960	2942
5.709180180	2942
5.709180250	2942
5.709180317	2942
5.709220987	1514
5.709259867	86
5.719512582	2942
5.719512802	2942
5.719512872	2942
5.719512940	2942
5.719552905	1514
5.719590232	86
5.729886167	2942
5.729886387	2942
5.729886457	2942
5.729886525	2942
5.729927345	2942
5.729927489	1514
5.729966529	86
5.740256665	2942
5.740256885	2942
5.740256955	2942
5.740257022	2942
5.740298464	2942
5.740298597	1514
5.740337394	86
5.750625895	4370
5.750626115	2942
5.750626185	2942
5.750626252	2942
5.750666329	2942
5.750707099	86
5.760998044	2942
5.760998264	2942
5.760998332	2942
5.760998402	2942
5.761038869	2942
5.761039027	1514
5.761078484	86
5.771347694	2942
5.771347929	2942
5.771348019	2942
5.771348089	2942
5.771392346	2942
5.771392484	1514
5.771428714	86
5.781723767	2942
5.781723987	2942
5.781757614	98
5.781724057	2942
5.781777956	98
5.781724127	2942
5.781788534	98
5.781796529	2942
5.781796646	2942
5.782437746	98
5.792030052	2942
5.792030272	2942
5.792030342	2942
5.792071577	86
5.792030412	1514
5.792719957	2942
5.792744232	86
5.802363412	2942
5.802388049	86
5.802363632	2942
5.802363702	2942
5.802443179	86
5.802968685	2942
5.802968905	2942
5.803044142	86
5.812634435	2942
5.812634655	2942
5.812634725	2942
5.812714075	86
5.813261318	2942
5.813261538	2942
5.813335600	86
5.823575451	2942
5.823575671	2942
5.823575738	2942
5.823616898	98
5.823575808	2942
5.823635693	98
5.833915821	2942
5.833940166	98
5.833916038	2942
5.833916108	2942
5.833916178	1514
5.833973608	98
5.844198796	1514
5.844225191	86
5.844199016	4370
5.844199086	2942
5.844199156	1514
5.844279626	86
5.854514134	1514
5.854514356	2942
5.854547596	98
5.854514426	2942
5.854566934	98
5.854514496	1514
5.854576821	98
5.864849971	2942
5.864850191	2942
5.864887231	86
5.864850259	1514
5.875163599	2942
5.875187864	86
5.875163822	2942
5.875241271	86
5.885459470	2942
5.885459690	2942
5.885459757	2942
5.885537729	86
5.895784142	2942
5.895784382	2942
5.895784452	2942
5.895863107	86
5.906151237	2942
5.906151455	2942
5.906151525	2942
5.906230214	86
5.935938479	1514
5.979361517	86
5.989654932	2942
5.989655150	2942
5.989655217	2942
5.989655290	2942
5.989735044	86
5.999987430	2942
5.999987650	2942
5.999987717	2942
5.999987787	2942
6.000066411	86
6.010352984	2942
6.010353204	2942
6.010353272	2942
6.010353342	2942
6.010429921	86
6.020690607	2942
6.020713257	98
6.020690825	2942
6.020734392	98
6.020690892	2942
6.020747382	98
6.031008332	2942
6.031008550	2942
6.031044647	86
6.031008637	1514
6.041315628	2942
6.041339632	86
6.041315850	2942
6.041393977	86
6.051632090	2942
6.051632308	2942
6.051632378	2942
6.051709382	86
6.061997563	2942
6.061997783	2942
6.061997850	2942
6.062076185	86
6.072344778	2942
6.072345018	2942
6.072345088	2942
6.072423460	86
6.082713958	2942
6.082714165	2942
6.082714232	2942
6.082714302	2942
6.082794739	86
6.093059307	2942
6.093059527	2942
6.093059597	2942
6.093059665	2942
6.093139362	86
6.103358143	2942
6.103358413	2942
6.103358500	2942
6.103358570	2942
6.103435220	86
6.113723633	2942
6.113723850	2942
6.113757275	98
6.113723920	2942
6.113777797	98
6.123997803	2942
6.124021941	98
6.123998021	2942
6.123998093	2942
6.124052386	86
6.134340348	2942
6.134364946	86
6.134340568	4370
6.134340658	2942
6.134417130	86
6.144658371	2942
6.144658579	2942
6.144658649	2942
6.144658716	1514
6.144736958	86
6.155001844	2942
6.155024781	98
6.155002061	2942
6.155045898	98
6.155002131	1514
6.155058531	98
6.165317681	2942
6.165317901	2942
6.165354616	86
6.175579094	2942
6.175603969	86
6.175579339	2942
6.175579409	1514
6.175658604	86
6.185898595	2942
6.185898817	2942
6.185898887	1514
6.185974339	86
6.196259939	2942
6.196260179	2942
6.196260252	1514
6.196338886	86
6.206631142	2942
6.206653879	98
6.206631369	1514
6.206674439	98
6.216944890	2942
6.216969129	98
6.216945117	1514
6.216991432	98
6.227253828	1514
6.227280550	86
6.227254058	1514
6.227299740	98
6.237566853	2942
6.237590957	98
6.247823943	1514
6.247851643	86
6.247824171	1514
6.258134554	1514
6.258158414	86
6.283934839	1514
6.327346204	86
6.337634620	2942
6.337634847	2942
6.337713912	86
6.347994585	2942
6.347994810	2942
6.348072914	86
6.358362032	2942
6.358362252	2942
6.358440329	86
6.368724439	2942
6.368724662	2942
6.368802699	86
6.379091824	2942
6.379092049	2942
6.379166301	86
6.389454899	2942
6.389455122	2942
6.389455217	2942
6.389534214	86
6.399783639	2942
6.399783882	2942
6.399783952	2942
6.399863191	86
6.410149624	2942
6.410149844	2942
6.410149914	2942
6.410228679	86
6.420466170	2942
6.420466412	4370
6.420466502	1514
6.420544899	86
6.455922125	1514
6.499361585	86
6.509652886	2942
6.509653093	2942
6.509653163	2942
6.509653233	2942
6.509732625	86
6.519983343	2942
6.519983551	2942
6.519983621	2942
6.519983688	2942
6.520064083	86
6.530354993	2942
6.530355213	2942
6.530355283	2942
6.530355353	2942
6.530434473	86
6.540694216	2942
6.540694426	2942
6.540694496	2942
6.540694566	2942
6.540774822	86
6.551065913	2942
6.551066118	2942
6.551066188	2942
6.551066258	2942
6.551145952	86
6.561438420	4370
6.561438640	2942
6.561438710	2942
6.561438778	2942
6.561480340	2942
6.561520575	86
6.571811897	2942
6.571812135	2942
6.571812205	2942
6.571812273	2942
6.571853455	2942
6.571853600	1514
6.571892680	86
6.607920768	1514
6.651361538	86
6.661655414	2942
6.661655636	2942
6.661655726	2942
6.661655794	2942
6.661696001	2942
6.661738691	86
6.671995766	2942
6.672018539	98
6.671995989	2942
6.672039581	98
6.671996059	2942
6.672052781	98
6.671996129	2942
6.672063744	2942
6.672700204	98
6.682307507	1514
6.682333279	86
6.682307729	2942
6.682388721	86
6.692570922	1514
6.692592990	98
6.692571142	2942
6.692614232	98
6.702883143	1514
6.702907957	98
6.702883370	2942
6.702929695	98
6.713195198	1514
6.713221143	86
6.713195403	4370
6.713276275	86
6.723511778	4370
6.723512018	2942
6.723589503	86
6.733880696	2942
6.733880916	2942
6.733880983	1514
6.733959070	86
6.744247860	2942
6.744248130	1514
6.744280393	98
6.754567288	2942
6.754590820	98
6.763926823	1514
6.763951250	98
6.764809496	1514
6.764835461	86
6.764809721	1514
6.774239803	1514
6.774263338	86
6.775063744	1514
6.784531596	2942
6.784608115	86
6.815860076	1514
6.859362418	86
6.869652841	2942
6.869653059	2942
6.869730953	86
6.879951034	2942
6.879951254	2942
6.880028886	86
6.890316434	2942
6.890316657	2942
6.890393156	86
6.900656959	2942
6.900679491	98
6.900657177	2942
6.900700504	98
6.910971874	2942
6.910995912	98
6.910972097	2942
6.911019282	86
6.921284987	2942
6.921309329	86
6.921285210	2942
6.921363279	86
6.931561843	2942
6.931562123	2942
6.931562193	1514
6.931639362	86
6.941928210	2942
6.941928435	2942
6.941928502	2942
6.942006364	86
6.952298635	2942
6.952298880	2942
6.952298947	2942
6.952377764	86
6.962664670	2942
6.962664892	2942
6.962664965	2942
6.962743762	86
6.972971230	2942
6.972971453	2942
6.972971523	2942
6.973051312	86
6.983317852	2942
6.983318078	2942
6.983318145	2942
6.983405109	86
6.993699177	2942
6.993699400	2942
6.993699490	2942
6.993699557	2942
6.993739417	1514
6.993778812	86
7.023903593	1514
7.067362218	86
7.077654639	2942
7.077654859	2942
7.077654929	2942
7.077654999	2942
7.077696246	1514
7.077734688	86
7.087999751	2942
7.087999976	2942
7.088033609	98
7.088000046	2942
7.088056051	98
7.088000116	1514
7.088066121	98
7.098330376	2942
7.098330599	2942
7.098330694	2942
7.098371609	86
7.108602447	2942
7.108627142	86
7.108602670	2942
7.108602740	1514
7.108655594	98
7.118893152	2942
7.118917002	98
7.118893402	2942
7.118936717	98
7.129208120	1514
7.129208343	2942
7.129845320	98
7.140131683	1514
7.140158248	86
7.140131928	2942
7.140131998	1514
7.140215133	86
7.150451006	4370
7.150451233	2942
7.150528473	86
7.160813306	2942
7.160813534	2942
7.160813604	1514
7.160891361	86
7.171156599	2942
7.171156826	2942
7.171156913	1514
7.171235850	86
7.199898460	1514
7.243361403	86
7.253653475	2942
7.253653698	2942
7.253653768	2942
7.253653835	1514
7.253734040	86
7.263898889	2942
7.263899114	2942
7.263899184	2942
7.263899251	1514
7.263978956	86
7.274261476	2942
7.274261704	2942
7.274261774	1514
7.274301666	98
7.284553389	4370
7.284576891	106
7.294864772	2942
7.294892367	98
7.294865000	1514
7.294912654	98
7.305182092	1514
7.305208689	86
7.305182315	2942
7.305182382	1514
7.305263619	86
7.315500150	1514
7.315500372	2942
7.315533422	98
7.325818982	2942
7.325843017	98
7.335897959	1514
7.335922139	98
7.336026238	1514
7.336051616	86
7.336026464	1514
7.346241747	1514
7.346263709	98
7.356511175	2942
7.356534900	98
7.375888100	1514
7.375914352	86
7.386194065	2942
7.386218112	86
7.396432248	2942
7.396454643	98
7.406739369	1514
7.406765033	86
7.406739596	1514
7.417048419	1514
7.417071846	86
7.427282040	2942
7.427368919	86
7.437654719	2942
7.437732221	86
7.447994460	2942
7.447994702	2942
7.448072444	86
7.458360762	2942
7.458360982	2942
7.458438636	86
7.468668852	2942
7.468669072	2942
7.468746859	86
7.479034165	2942
7.479034387	2942
7.479111477	86
7.489380067	4370
7.489380285	2942
7.489380355	2942
7.489458564	86
7.499738097	2942
7.499738315	2942
7.499738385	2942
7.499738452	1514
7.499817851	86
7.527884901	1514
7.571361198	86
7.581648911	2942
7.581649131	2942
7.581649201	2942
7.581727975	86
7.627900496	1514
7.627922453	98
7.638211881	2942
7.638235793	98
7.638212103	2942
7.638255561	106
7.647885426	1514
7.647911768	98
7.648502846	1514
7.648525343	98
7.648503066	2942
7.648547776	86
7.658196519	1514
7.658770904	4370
7.658795869	86
7.669055765	2942
7.669080227	86
7.669055982	2942
7.669056050	1514
7.669134192	86
7.679316155	2942
7.679316373	2942
7.679316463	1514
7.679394920	86
7.689690620	2942
7.689713323	98
7.689690845	1514
7.689733600	98
7.700006698	2942
7.700030770	98
7.700006945	1514
7.700053340	98
7.710318421	1514
7.710344903	86
7.710318646	2942
7.710399620	86
7.720638834	4370
7.720639056	1514
7.720717625	86
7.731002091	2942
7.731002318	2942
7.731079913	86
7.741364076	2942
7.741364303	2942
7.741441280	86
7.751681973	2942
7.751682201	2942
7.751760435	86
7.762046531	2942
7.762046756	2942
7.762046826	2942
7.762126055	86
7.772411688	2942
7.772411913	2942
7.772411986	2942
7.772489883	86
7.782773198	2942
7.782773418	2942
7.782773508	2942
7.782852665	86
7.793116715	2942
7.793116938	2942
7.793117008	2942
7.793195500	86
7.803479748	2942
7.803479990	2942
7.803480080	2942
7.803559035	86
7.813852435	2942
7.813852660	2942
7.813852728	2942
7.813852798	2942
7.813892652	1514
7.813933672	86
7.824225503	2942
7.824225743	2942
7.824225810	2942
7.824225880	2942
7.824266640	1514
7.824306609	86
7.834598218	2942
7.834598440	2942
7.834598510	2942
7.834598578	2942
7.834639035	1514
7.834678052	86
7.844910068	2942
7.844910290	2942
7.844910360	2942
7.844910430	2942
7.844949965	1514
7.844990935	86
7.855276758	4370
7.855276983	2942
7.855277053	2942
7.855277123	2942
7.855368259	86
7.865659687	2942
7.865659907	2942
7.865659977	2942
7.865660047	2942
7.865701049	2942
7.865701177	1514
7.865740287	86
7.876022770	2942
7.876022992	2942
7.876023062	2942
7.876023132	2942
7.876063792	2942
7.876063947	1514
7.876104592	86
7.886399452	2942
7.886399675	2942
7.886399765	2942
7.886399832	2942
7.886440437	2942
7.886440589	1514
7.886481229	86
7.896756724	2942
7.896779264	98
7.896756947	2942
7.896800369	98
7.896757017	2942
7.896813281	98
7.896757087	2942
7.896825261	1514
7.897459554	98
7.907074437	2942
7.907074662	2942
7.907111269	86
7.907689103	2942
7.907713632	86
7.907689335	1514
7.917403132	2942
7.917427374	86
7.917403355	2942
7.917480919	86
7.917893609	2942
7.917970316	86
7.927633426	2942
7.927633700	2942
7.927633810	2942
7.927715257	86
7.928138897	2942
7.928214341	86
7.938006413	2942
7.938006640	2942
7.938040263	98
7.938476207	2942
7.938500212	98
7.948337676	2942
7.948362068	98
7.948337900	2942
7.948736068	1514
7.948761815	98
7.959052835	1514
7.959078610	86
7.959053060	2942
7.959053130	2942
7.959134907	86
7.969372588	4370
7.969372816	2942
7.969372908	1514
7.969452200	86
7.979731608	2942
7.979731830	2942
7.979765433	98
7.990055431	2942
7.990079418	98
7.990055676	2942
7.990099403	98
7.999870222	1514
7.999894254	98
8.000292684	1514
8.000318659	86
8.000292907	2942
8.000371288	86
8.010174477	1514
8.010594274	2942
8.010594492	1514
8.010667436	86
8.020901480	2942
8.020901697	2942
8.020901767	1514
8.020979339	86
8.031199600	2942
8.031199820	2942
8.031199887	1514
8.031278449	86
8.041569280	2942
8.041569497	2942
8.041569565	1514
8.041646389	86
8.051932430	2942
8.051932670	2942
8.051932740	1514
8.052010542	86
8.062299814	2942
8.062300034	2942
8.062300102	2942
8.062300172	1514
8.062379499	86
8.072671154	2942
8.072671372	2942
8.072671439	2942
8.072671509	1514
8.072751166	86
8.083025584	2942
8.083025802	2942
8.083025872	2942
8.083025939	1514
8.083106101	86
8.093381004	2942
8.093381222	2942
8.093381289	2942
8.093381359	1514
8.093459959	86
8.103738309	2942
8.103738527	2942
8.103738597	2942
8.103738664	1514
8.103816679	86
8.114103964	2942
8.114104184	2942
8.114104252	2942
8.114104322	2942
8.114145129	2942
8.114183616	86
8.124450394	2942
8.124450612	2942
8.124483319	98
8.124450682	2942
8.124502704	106
8.134776489	2942
8.134800514	106
8.134776707	2942
8.134776794	2942
8.134830634	98
8.145091090	2942
8.145117579	86
8.145091307	2942
8.145091377	2942
8.145091447	1514
8.145174281	86
8.155404295	2942
8.155404542	2942
8.155404612	2942
8.155404682	2942
8.155483234	86
8.165771657	2942
8.165771877	2942
8.165771944	2942
8.165772014	2942
8.165851701	86
8.176139699	2942
8.176139932	2942
8.176140002	2942
8.176140072	2942
8.176218839	86
8.186508197	2942
8.186508422	2942
8.186508492	2942
8.186508559	2942
8.186588589	86
8.196819015	2942
8.196819237	2942
8.196819307	2942
8.196819377	2942
8.196859284	2942
8.196900706	86
8.207192614	2942
8.207192842	2942
8.207192912	2942
8.207192979	2942
8.207233932	2942
8.207273491	86
8.217562584	2942
8.217562809	2942
8.217562879	2942
8.217562947	2942
8.217603354	2942
8.217644596	86
8.227893212	2942
8.227893434	2942
8.227927004	98
8.227893504	2942
8.227946829	98
8.227893574	2942
8.227958086	98
8.238227159	2942
8.238227382	2942
8.238227452	1514
8.238227522	2942
8.238272704	86
8.248555560	2942
8.248580107	86
8.248555784	2942
8.248555852	2942
8.248555922	2942
8.248635967	86
8.258870715	2942
8.258870940	2942
8.258871010	2942
8.258911147	98
8.269200340	2942
8.269224415	98
8.269200562	2942
8.269244430	98
8.269200632	2942
8.269876285	98
8.279491955	2942
8.279519168	86
8.279492205	1514
8.280111501	2942
8.280135703	86
8.289811693	2942
8.289835983	86
8.290374864	2942
8.290399191	86
8.290375094	2942
8.290451108	86
8.300104696	2942
8.300181825	86
8.300636975	2942
8.300637200	2942
8.300713674	86
8.310467711	2942
8.310545120	86
8.310893175	2942
8.310893400	2942
8.310969927	86
8.320809953	2942
8.320887228	86
8.321145711	2942
8.321145936	2942
8.321227890	86
8.331506071	2942
8.331506298	2942
8.331506368	2942
8.331585540	86
8.341873973	2942
8.341874196	2942
8.341874266	2942
8.341874336	1514
8.341920170	98
8.352178163	2942
8.352202293	98
8.352178389	2942
8.352222576	98
8.352178456	2942
8.352854176	98
8.362507144	2942
8.363054290	2942
8.363141727	98
8.373439047	2942
8.374076712	98
8.384317363	2942
8.384344180	86
8.394628391	2942
8.394652806	86
8.394628608	2942
8.394628678	2942
8.394709263	86
8.404897401	2942
8.404897621	2942
8.404897689	2942
8.404897759	1514
8.404975918	86
8.415259026	1514
8.415259244	2942
8.415291794	98
8.415259314	2942
8.415311683	98
8.425580594	2942
8.425604149	98
8.435867654	1514
8.435891499	98
8.435867877	1514
8.435913609	86
8.435867947	2942
8.435947551	86
8.446187457	4370
8.446187680	1514
8.446265171	86
8.456546712	2942
8.456546932	2942
8.456547002	1514
8.456625424	86
8.466915125	2942
8.466915345	2942
8.466915432	1514
8.466993259	86
8.477286064	2942
8.477308514	98
8.477286287	1514
8.477328661	98
8.487552335	2942
8.487576287	98
8.487552580	1514
8.487599055	98
8.497866137	1514
8.497892275	86
8.497866360	2942
8.497947562	86
8.508183648	4370
8.508261080	86
8.518545143	2942
8.518567545	98
8.528849736	1514
8.528875775	86
8.528849963	1514
8.539134073	1514
8.539158281	86
8.549443651	2942
8.549521336	86
8.559763904	2942
8.559786599	98
8.570068009	1514
8.570094244	86
8.570068237	1514
8.580373865	1514
8.580397659	86
8.590684327	1514
8.590684557	1514
8.590717017	98
8.601004085	2942
8.601028065	98
8.611224306	1514
8.611251076	86
8.611224533	1514
8.621533684	1514
8.621557366	86
8.631801214	4370
8.631879061	86
8.642168482	4370
8.642247091	86
8.652499574	4370
8.652576481	86
8.683879322	1514
8.727346142	86
8.737634235	2942
8.737634462	2942
8.737634532	1514
8.737713874	86
8.747987302	2942
8.747987527	2942
8.747987597	1514
8.748065357	86
8.758349149	2942
8.758349377	2942
8.758349447	1514
8.758428076	86
8.768715102	2942
8.768715329	2942
8.768715424	1514
8.768792689	86
8.779084242	2942
8.779107197	98
8.779084469	1514
8.779127696	98
8.789412442	1514
8.789437212	98
9.015834173	1514
9.015860891	86
9.026144811	2942
9.026169383	86
9.036414984	4370
9.036440354	86
9.046728479	1514
9.046752784	86
9.046728707	1514
9.046773004	98
9.057039560	2942
9.057063760	98
9.067325443	1514
9.067352197	86
9.067325670	1514
9.067370820	86
9.077643478	1514
9.077667748	86
9.077643705	1514
9.077687848	98
9.087929258	2942
9.087953066	98
9.098235264	1514
9.098261803	86
9.098235491	1514
9.098280111	86
9.108497139	4370
9.108521789	86
9.118808387	4370
9.118832974	86
9.129117570	4370
9.129142202	86
9.139377068	4370
9.139401955	86
9.149686388	2942
9.149711058	86
9.149686611	2942
9.149686681	1514
9.149765860	86
9.159983584	2942
9.159983806	2942
9.159983876	1514
9.160060501	86
9.170348228	2942
9.170348451	2942
9.170348521	1514
9.170426668	86
9.180657519	4370
9.180657741	2942
9.180734528	86
9.191025749	2942
9.191025989	2942
9.191026076	1514
9.191102943	86
9.201390573	2942
9.201390806	2942
9.201390876	2942
9.201390946	2942
9.201468690	86
9.211759708	2942
9.211759948	2942
9.211760036	2942
9.211837998	86
9.222106613	2942
9.222129083	98
9.222106836	2942
9.222150138	98
9.222106906	2942
9.222163023	98
9.232413803	2942
9.232440741	86
9.232414051	1514
9.242731416	2942
9.242753831	98
9.253043302	2942
9.253067307	98
9.253043524	2942
9.253087009	98
9.263300480	2942
9.263328105	86
9.263300702	2942
9.263376394	86
9.273618702	2942
9.273618908	4370
9.273696829	86
9.283973185	2942
9.283973402	2942
9.283973472	1514
9.284050762	86
9.294337572	2942
9.294337805	2942
9.294337875	1514
9.294416997	86
9.304707017	2942
9.304707237	2942
9.304707305	1514
9.304784784	86
9.315072222	2942
9.315072442	2942
9.315072512	1514
9.315151339	86
9.325421722	2942
9.325421939	2942
9.325422009	2942
9.325422079	2942
9.325501836	86
9.335760884	2942
9.335761117	2942
9.335761187	2942
9.335761254	2942
9.335842351	86
9.346133894	2942
9.346134114	2942
9.346134184	2942
9.346134252	2942
9.346213464	86
9.356480574	2942
9.356480809	2942
9.356480877	2942
9.356480947	2942
9.356560584	86
9.366853312	2942
9.366853517	2942
9.366853587	2942
9.366853657	2942
9.366894079	2942
9.366934686	86
9.377228909	2942
9.377229129	2942
9.377229199	2942
9.377229269	2942
9.377271886	2942
9.377309018	86
9.387594446	2942
9.387594666	2942
9.387594736	2942
9.387594804	2942
9.387635324	2942
9.387675616	86
9.397971591	2942
9.397971799	2942
9.397971869	2942
9.397971939	2942
9.398013178	2942
9.398052056	86
9.408330721	2942
9.408330941	2942
9.408331011	2942
9.408331078	2942
9.408372303	2942
9.408372436	2942
9.408411933	86
9.418706361	2942
9.418706568	2942
9.418706638	2942
9.418706708	2942
9.418748778	2942
9.418748926	2942
9.418788418	86
9.429065793	2942
9.429066016	2942
9.429066086	2942
9.429066158	2942
9.429106463	2942
9.429119760	98
9.455799050	1514
9.455821524	98
9.466110192	2942
9.466137352	86
9.466110412	2942
9.466110482	2942
9.466110552	2942
9.466194144	86
9.476378910	2942
9.476379115	2942
9.476379185	2942
9.476379255	2942
9.476418925	1514
9.476458972	86
9.507862672	1514
9.551346005	86
9.727792143	1514
9.727811593	98
9.738106801	2942
9.738131781	86
9.738107018	2942
9.738152971	86
9.738107088	2942
9.738166228	86
9.738107158	2942
9.738174635	86
9.738179885	1514
9.738186415	86
9.748412606	2942
9.748437576	86
9.748412824	2942
9.748460031	86
9.748412894	2942
9.748473771	86
9.748412964	2942
9.748495908	98
9.758735829	2942
9.758759974	98
9.758736051	2942
9.758780374	98
9.758736121	2942
9.758793421	98
9.758736191	2942
9.758801841	98
9.767792608	1514
9.767816756	98
9.769058527	1514
9.769084531	86
9.769058744	4370
9.769107664	86
9.769058814	2942
9.769142151	86
9.778099934	1514
9.779376372	4370
9.779376589	2942
9.779376659	1514
9.779454754	86
9.789748894	2942
9.789749114	2942
9.789749184	2942
9.789749251	2942
9.789828853	86
9.800118136	2942
9.800118381	2942
9.800151444	98
9.800118451	2942
9.800171518	98
9.810444814	2942
9.810468836	98
9.810445031	2942
9.810445101	1514
9.810499924	98
9.820734694	1514
9.820760839	86
9.820734914	2942
9.820781324	98
9.820734984	1514
9.820793746	98
9.831028325	4370
9.831052530	98
9.831028542	1514
9.831075542	86
9.841345918	4370
9.841370545	86
9.851632471	2942
9.851656615	86
9.851632688	2942
9.851710952	86
9.861948601	2942
9.861948821	2942
9.862025175	86
9.872269536	4370
9.872269753	1514
9.872347343	86
9.882633336	2942
9.882709425	86
9.892963851	2942
9.892986693	98
9.903260534	2942
9.903287601	86
10.032380623	87
10.032479150	86
10.032532854	87
10.042779643	90
10.042782230	4370
10.042779870	358
10.042819960	74
10.042856942	86
10.042958156	90
10.042971021	412
10.042981424	87
10.053225367	86
10.053225592	87
10.053225662	86
10.053328194	86
10.063424204	86
