0.000000000	94
0.000050854	94
0.100352880	86
0.100353133	123
0.100410775	86
0.100500024	87
0.200691288	86
0.200691535	90
0.200691630	210
0.200788648	86
0.200833361	87
0.301176489	94
0.301204597	94
0.343178613	86
0.401456507	86
0.401456735	123
0.401503110	86
0.402555327	87
0.402575982	87
0.502748488	86
0.502753546	2942
0.502748741	86
0.502779031	86
0.502753766	2942
0.502800616	86
0.502753836	2942
0.502813206	86
0.502753903	2942
0.502821598	86
0.502826673	2942
0.502843893	86
0.603062331	2942
0.603086879	86
0.603062554	2942
0.603108239	86
0.603062621	2942
0.603121051	86
0.603062691	2942
0.603129608	86
0.603140476	2942
0.603147708	86
0.603140583	2942
0.603155638	86
0.603140653	2942
0.603163168	86
0.603140723	2942
0.603170675	86
0.603176153	2942
0.603183393	86
0.603176243	2942
0.603193528	86
0.703390699	2942
0.703422667	86
0.703390947	2942
0.703438813	86
0.703391037	2942
0.703448343	86
0.703391107	2942
0.703455271	86
0.703460428	2942
0.703465054	86
0.703460497	2942
0.703470477	86
0.703460546	2942
0.703460592	2942
0.703479325	2942
0.703479395	2942
0.703479448	2942
0.703483691	86
0.703479494	2942
0.703490395	2942
0.703490463	2942
0.703490512	2942
0.703495633	86
0.703490558	2942
0.703501554	86
0.703501326	2942
0.703501389	2942
0.703501438	2942
0.703506855	86
0.703501491	2942
0.703510489	86
0.703514092	86
0.803719042	2942
0.803750127	86
0.803719275	2942
0.803765704	86
0.803719345	2942
0.803775510	86
0.803719415	2942
0.803783884	86
0.803789651	2942
0.803794421	86
0.803789731	2942
0.803800082	86
0.803789786	2942
0.803805328	86
0.803789833	2942
0.803810861	86
0.803815210	2942
0.803820385	86
0.803815276	2942
0.803826425	86
0.803815339	2942
0.803831850	86
0.803815385	2942
0.803837089	86
0.803841882	2942
0.803847382	86
0.803841953	2942
0.803853108	86
0.803842000	2942
0.803858427	86
0.803842048	2942
0.803864325	86
0.803868860	2942
0.803873799	86
0.803868925	2942
0.803880036	86
0.803868979	2942
0.803885549	86
0.803869027	2942
0.803890951	86
0.803894240	2942
0.803898945	86
0.804562028	2942
0.804587591	86
0.807026508	2942
0.807058714	86
0.809450790	2942
0.809482517	86
0.811870835	2942
0.811902528	86
0.814287818	2942
0.814319206	86
0.816691278	2942
0.816716308	86
0.819137665	2942
0.819162715	86
0.821553413	2942
0.821578158	86
0.823983873	2942
0.824015847	86
0.826403595	2942
0.826435584	86
0.828828360	2942
0.828861101	86
0.831251490	2942
0.831283926	86
0.833673920	2942
0.833698877	86
0.836097582	2942
0.836129711	86
0.838482375	2942
0.838507885	86
0.840933160	2942
0.840958047	86
0.843361080	2942
0.843393559	86
0.845783362	2942
0.845814701	86
0.848206792	2942
0.848238517	86
0.904040675	2942
0.904066057	86
0.904040897	2942
0.904088002	86
0.904040992	2942
0.904101082	86
0.904041060	2942
0.904109759	86
0.904117007	2942
0.904123744	86
0.904117104	2942
0.904131502	86
0.904117174	2942
0.904139074	86
0.904117242	2942
0.904146449	86
0.904153481	2942
0.904160671	86
0.904153581	2942
0.904170201	86
0.904153654	2942
0.904177776	86
0.904153724	2942
0.904185209	86
0.904191261	2942
0.904198319	86
0.904191364	2942
0.904206569	86
0.904191434	2942
0.904214409	86
0.904191506	2942
0.904221779	86
0.904228449	2942
0.904235183	86
0.904228543	2942
0.904243256	86
0.904228613	2942
0.904250926	86
0.904228681	2942
0.904258381	86
0.904262371	2942
0.904269136	86
0.904926193	2942
0.904950718	86
0.907355713	2942
0.907385253	86
0.909779966	2942
0.909804291	86
0.912198046	2942
0.912222528	86
0.914620741	2942
0.914645341	86
0.917042370	2942
0.917066923	86
0.919465996	2942
0.919490320	86
0.921884773	2942
0.921909208	86
0.924309441	2942
0.924333820	86
0.925520242	1514
0.925544119	86
0.927941224	2942
0.927965794	86
0.930367889	2942
0.930392324	86
0.932787306	2942
0.932811929	86
0.935211909	2942
0.935236326	86
0.937635269	2942
0.937659944	86
0.940054354	2942
0.940078714	86
0.942480409	2942
0.942504994	86
0.944887691	2942
0.944912186	86
0.947321244	2942
0.947345518	86
0.949719866	2942
0.949744363	86
0.952168783	2942
0.952193318	86
0.954551469	2942
0.954576681	86
0.957010451	2942
0.957035621	86
0.959433673	2942
0.959459136	86
0.961857186	2942
0.961882458	86
0.964276288	2942
0.964301433	86
0.966699263	2942
0.966724763	86
0.969096366	2942
0.969121486	86
0.971543618	2942
0.971568608	86
0.973942288	2942
0.973967331	86
0.976346121	2942
0.976371208	86
0.978811003	2942
0.978836130	86
0.980026879	1514
0.980051197	86
0.982446556	2942
0.982471561	86
0.984850639	2942
0.984875879	86
0.987290901	2942
0.987316089	86
0.989691017	2942
0.989717316	86
0.992133486	2942
0.992158611	86
0.994558209	2942
0.994583354	86
0.996982596	2942
0.997007828	86
0.999403181	2942
0.999428476	86
1.001823766	2942
1.001848679	86
1.004246831	2942
1.004272381	86
1.006668884	2942
1.006693768	86
1.009061439	2942
1.009086981	86
1.011513383	2942
1.011538478	86
1.013911448	2942
1.013936833	86
1.016359161	2942
1.016385128	86
1.018781181	2942
1.018806193	86
1.021173986	2942
1.021198813	86
1.023626538	2942
1.023651403	86
1.026052616	2942
1.026077590	86
1.028470920	2942
1.028495923	86
1.030892303	2942
1.030917353	86
1.033280853	2942
1.033306263	86
1.034526304	1514
1.034550629	86
1.036950614	2942
1.036975966	86
1.039371231	2942
1.039397339	86
1.041794809	2942
1.041820049	86
1.044214854	2942
1.044239726	86
1.045380735	1514
1.045405010	86
1.047848525	2942
1.047873900	86
1.050244950	2942
1.050269678	86
1.052686787	2942
1.052711282	86
1.055091073	2942
1.055115570	86
1.057474383	2942
1.057499020	86
1.059959855	2942
1.059984677	86
1.062346425	2942
1.062370987	86
1.064801125	2942
1.064825674	86
1.067203777	2942
1.067228597	86
1.069634834	2942
1.069659364	86
1.072071772	2942
1.072096219	86
1.074433732	2942
1.074458140	86
1.078106201	4370
1.078131118	86
1.081762694	4370
1.081787782	86
1.085348016	4370
1.085372993	86
1.089030607	4370
1.089055899	86
1.092654798	4370
1.092680033	86
1.096276669	4370
1.096302441	86
1.099929505	4370
1.099954560	86
1.103526889	4370
1.103555661	86
1.107200440	4370
1.107225327	86
1.110831346	4370
1.110856158	86
1.114463590	4370
1.114488489	86
1.118071179	4370
1.118096751	86
1.121730980	4370
1.121755884	86
1.125333171	4370
1.125357936	86
1.128970444	4370
1.128995787	86
1.132559331	4370
1.132590592	86
1.136237494	4370
1.136262647	86
1.139898663	4370
1.139923473	86
1.143522034	4370
1.143546972	86
1.147151900	4370
1.147176712	86
1.150798096	4370
1.150822996	86
1.154398953	4370
1.154423765	86
1.158042254	4370
1.158068059	86
1.161696630	4370
1.161721957	86
1.165303284	4370
1.165328838	86
1.168933058	4370
1.168958620	86
1.172538664	4370
1.172564554	86
1.176164938	4370
1.176190722	86
1.179864888	4370
1.179890278	86
1.183433857	4370
1.183458957	86
1.187107941	4370
1.187133560	86
1.190765164	4370
1.190790292	86
1.193155802	2942
1.193180564	86
1.196820430	4370
1.196895100	86
1.198022387	1514
1.198046976	86
1.201652855	4370
1.201726920	86
1.205271424	4370
1.205347601	86
1.208925948	4370
1.209001867	86
1.212507242	4370
1.212583464	86
1.216178927	4370
1.216255237	86
1.219835239	4370
1.219911448	86
1.223435555	4370
1.223512172	86
1.227104136	4370
1.227180490	86
1.230737760	4370
1.230811621	86
1.234343691	4370
1.234419318	86
1.237978872	4370
1.238055287	86
1.241594396	4370
1.241669783	86
1.245241207	4370
1.245317214	86
1.248901733	4370
1.248976752	86
1.252485924	4370
1.252567206	86
1.256148838	4370
1.256224827	86
1.259805001	4370
1.259881093	86
1.263404750	4370
1.263480555	86
1.267047906	4370
1.267121606	86
1.270704392	4370
1.270778247	86
1.274306556	4370
1.274381300	86
1.277947470	4370
1.278023622	86
1.281559508	4370
1.281635405	86
1.285210277	4370
1.285287501	86
1.288848946	4370
1.288925930	86
1.292431702	4370
1.292507742	86
1.296112351	4370
1.296185055	86
1.299772756	4370
1.299846826	86
1.302169287	2942
1.302241376	86
1.305830388	4370
1.305913755	86
1.307039279	1514
1.310660908	4370
1.310736380	86
1.313057405	2942
1.313132862	86
1.315516945	2942
1.315592519	86
1.317915723	2942
1.317991207	86
1.320362760	2942
1.320435539	86
1.322785992	2942
1.322861637	86
1.325177825	2942
1.325253519	86
1.327630905	2942
1.327705497	86
1.330054882	2942
1.330127976	86
1.332432825	2942
1.332505972	86
1.334898079	2942
1.334970376	86
1.337283905	2942
1.337357194	86
1.339716645	2942
1.339791286	86
1.342146317	2942
1.342221842	86
1.344555225	2942
1.344630159	86
1.347008862	2942
1.347084176	86
1.349403242	2942
1.349478914	86
1.351853134	2942
1.351928498	86
1.354277927	2942
1.354353441	86
1.356688839	2942
1.356764606	86
1.359122094	2942
1.359195061	86
1.361482882	2942
1.361556209	86
1.363952909	2942
1.364028873	86
1.366351619	2942
1.366426561	86
1.368803679	2942
1.368876758	86
1.371206304	2942
1.371281126	86
1.373606976	2942
1.373681756	86
1.374837665	1514
1.377222488	2942
1.377296520	86
1.379710785	2942
1.379786504	86
1.382106072	2942
1.382180952	86
1.384552330	2942
1.384635399	86
1.386977900	2942
1.387052549	86
1.389371445	2942
1.389445112	86
1.391822227	2942
1.391895086	86
1.394245232	2942
1.394318241	86
1.396632762	2942
1.396706757	86
1.399089714	2942
1.399162809	86
1.401494352	2942
1.401567381	86
1.403934159	2942
1.404009629	86
1.406355502	2942
1.406431236	86
1.408773372	2942
1.408848989	86
1.411199862	2942
1.411275466	86
1.413597004	2942
1.413621714	86
1.416043181	2942
1.416067696	86
1.418468961	2942
1.418493686	86
1.420890321	2942
1.420914951	86
1.423309724	2942
1.423334426	86
1.425734619	2942
1.425759298	86
1.428144044	2942
1.428168631	86
1.430546786	2942
1.430571468	86
1.432969594	2942
1.432994166	86
1.435397083	2942
1.435422028	86
1.437821063	2942
1.437845681	86
1.440268333	2942
1.440293138	86
1.442686203	2942
1.442711980	86
1.445090316	2942
1.445115058	86
1.447480513	2942
1.447505718	86
1.449958955	2942
1.449983613	86
1.452307051	2942
1.452332203	86
1.454804298	2942
1.454829385	86
1.457180163	2942
1.457204588	86
1.459601246	2942
1.459626181	86
1.462046863	2942
1.462071428	86
1.464432231	2942
1.464457043	86
1.466914633	2942
1.466939275	86
1.469301408	2942
1.469326873	86
1.470545081	1514
1.470568991	86
1.472931269	2942
1.472959174	86
1.475391516	2942
1.475417766	86
1.477790981	2942
1.477817771	86
1.480236476	2942
1.480262796	86
1.482661328	2942
1.482688078	86
1.485087811	2942
1.485114233	86
1.487503861	2942
1.487530688	86
1.489924998	2942
1.489951808	86
1.492345098	2942
1.492371791	86
1.494771478	2942
1.494798020	86
1.497155661	2942
1.497182376	86
1.499616773	2942
1.499643171	86
1.502018788	2942
1.502048330	86
1.504459268	2942
1.504485908	86
1.506882365	2942
1.506908935	86
1.509275758	2942
1.509301958	86
1.511726665	2942
1.511753573	86
1.514152063	2942
1.514178780	86
1.516556255	2942
1.516583455	86
1.518998948	2942
1.519025440	86
1.521352606	2942
1.521379195	86
1.523838852	2942
1.523865142	86
1.524982574	1514
1.525007669	86
1.527474071	2942
1.527500166	86
1.529895406	2942
1.529922376	86
1.532319299	2942
1.532347391	86
1.534739521	2942
1.534766246	86
1.537098641	2942
1.537125349	86
1.539585873	2942
1.539614631	86
1.542010696	2942
1.542037236	86
1.544430021	2942
1.544456241	86
1.546851261	2942
1.546877768	86
1.549244873	2942
1.549272223	86
1.551698091	2942
1.551724128	86
1.554118798	2942
1.554145410	86
1.556536188	2942
1.556562648	86
1.558966353	2942
1.558992493	86
1.561356528	2942
1.561382665	86
1.563809048	2942
1.563835465	86
1.566207693	2942
1.566234250	86
1.568611993	2942
1.568638260	86
1.571075163	2942
1.571100743	86
1.573491905	2942
1.573516448	86
1.575919298	2942
1.575943845	86
1.578306008	2942
1.578330650	86
1.579550856	1514
1.579574971	86
1.581952196	2942
1.581976754	86
1.584397734	2942
1.584422746	86
1.586822329	2942
1.586847283	86
1.589212449	2942
1.589237138	86
1.591666811	2942
1.591691431	86
1.594087126	2942
1.594112153	86
1.596511176	2942
1.596536583	86
1.598932333	2942
1.598956871	86
1.601324214	2942
1.601349793	86
1.603776823	2942
1.603801443	86
1.606175541	2942
1.606200638	86
1.608583078	2942
1.608608298	86
1.611044296	2942
1.611068773	86
1.613438416	2942
1.613464258	86
1.615888425	2942
1.615913075	86
1.618311655	2942
1.618336120	86
1.620686708	2942
1.620718345	86
1.623156740	2942
1.623181192	86
1.625555598	2942
1.625580360	86
1.628001363	2942
1.628025962	86
1.630396120	2942
1.630426700	86
1.632810828	2942
1.632841172	86
1.634055969	1514
1.634085651	86
1.636477046	2942
1.636506999	86
1.638899786	2942
1.638929996	86
1.641279679	2942
1.641310231	86
1.643744203	2942
1.643774381	86
1.646144734	2942
1.646174968	86
1.648566866	2942
1.648595448	86
1.651012356	2942
1.651042846	86
1.653406868	2942
1.653437018	86
1.655857591	2942
1.655887958	86
1.658268588	2942
1.658299195	86
1.660665668	2942
1.660694996	86
1.663125160	2942
1.663155400	86
1.665523826	2942
1.665555200	86
1.667967685	2942
1.667997990	86
1.670391480	2942
1.670421750	86
1.672808763	2942
1.672839392	86
1.675234890	2942
1.675265440	86
1.677595583	2942
1.677625641	86
1.680081218	2942
1.680111537	86
1.682504132	2942
1.682534440	86
1.684920615	2942
1.684949757	86
1.687305003	2942
1.687335375	86
1.688553441	1514
1.688583404	86
1.690981859	2942
1.691012401	86
1.693374484	2942
1.693404633	86
1.695825226	2942
1.695855373	86
1.698248156	2942
1.698281633	86
1.700626656	2942
1.700655841	86
1.703092693	2942
1.703124158	86
1.705488016	2942
1.705518373	86
1.707933426	2942
1.707963918	86
1.710360736	2942
1.710390668	86
1.712779573	2942
1.712809738	86
1.715206091	2942
1.715236273	86
1.717603003	2942
1.717633475	86
1.720050290	2942
1.720080383	86
1.722471503	2942
1.722501690	86
1.724894375	2942
1.724919488	86
1.727318048	2942
1.727342735	86
1.729738595	2942
1.729763410	86
1.732161770	2942
1.732186275	86
1.734584710	2942
1.734609685	86
1.736968063	2942
1.736992570	86
1.739394663	2942
1.739419387	86
1.741828098	2942
1.741852595	86
1.743062204	1514
1.743086146	86
1.745456416	2942
1.745481034	86
1.747907534	2942
1.747932118	86
1.750330546	2942
1.750355611	86
1.752741419	2942
1.752765976	86
1.755173143	2942
1.755197678	86
1.757570134	2942
1.757594768	86
1.760021116	2942
1.760046130	86
1.762441058	2942
1.762465533	86
1.764861036	2942
1.764886955	86
1.767284953	2942
1.767310018	86
1.769708018	2942
1.769732633	86
1.772129400	2942
1.772153953	86
1.774552453	2942
1.774577425	86
1.776927896	2942
1.776952968	86
1.779397390	2942
1.779423143	86
1.781796188	2942
1.781820645	86
1.784242485	2942
1.784267525	86
1.786664643	2942
1.786689235	86
1.789092913	2942
1.789117410	86
1.791508970	2942
1.791533615	86
1.793932205	2942
1.793956817	86
1.796327523	2942
1.796352422	86
1.797540149	1514
1.797564071	86
1.799985486	2942
1.800010143	86
1.802408461	2942
1.802433571	86
1.804828876	2942
1.804853436	86
1.807252943	2942
1.807278808	86
1.809676066	2942
1.809700678	86
1.812099171	2942
1.812123656	86
1.814521358	2942
1.814545845	86
1.816929598	2942
1.816954098	86
1.819366953	2942
1.819393165	86
1.821763101	2942
1.821789658	86
1.824208571	2942
1.824234843	86
1.826635138	2942
1.826661840	86
1.829058268	2942
1.829084998	86
1.831477673	2942
1.831504270	86
1.833898923	2942
1.833925328	86
1.836321888	2942
1.836348220	86
1.838743795	2942
1.838770317	86
1.841102030	2942
1.841129100	86
1.843587480	2942
1.843614035	86
1.846003735	2942
1.846030110	86
1.848397220	2942
1.848423667	86
1.850855082	2942
1.850881665	86
1.852068389	1514
1.852094311	86
1.854490461	2942
1.854516846	86
1.856901256	2942
1.856927853	86
1.859335326	2942
1.859361731	86
1.861755873	2942
1.861782386	86
1.864180486	2942
1.864207075	86
1.866601986	2942
1.866628785	86
1.869025008	2942
1.869051355	86
1.871446903	2942
1.871474728	86
1.873868131	2942
1.873894523	86
1.876292848	2942
1.876319730	86
1.878714960	2942
1.878741485	86
1.881088731	2942
1.881115090	86
1.883556758	2942
1.883583608	86
1.885957198	2942
1.885983828	86
1.888404390	2942
1.888430695	86
1.890825595	2942
1.890851727	86
1.893220803	2942
1.893246853	86
1.895669815	2942
1.895699032	86
1.898069430	2942
1.898096657	86
1.900514055	2942
1.900541187	86
1.902938922	2942
1.902966990	86
1.905304128	2942
1.905331067	86
1.906569266	1514
1.906594813	86
1.908997436	2942
1.909053003	86
1.911416796	2942
1.911472640	86
1.913838083	2942
1.913894550	86
1.916260123	2942
1.916316405	86
1.918683098	2942
1.918758670	86
1.921091488	2942
1.921166203	86
1.923525733	2942
1.923601115	86
1.925924346	2942
1.925999898	86
1.928371533	2942
1.928444245	86
1.930792933	2942
1.930865692	86
1.933186403	2942
1.933259263	86
1.935637165	2942
1.935712757	86
1.938062125	2942
1.938138137	86
1.940480723	2942
1.940561140	86
1.942906345	2942
1.942981834	86
1.945292538	2942
1.945369522	86
1.947750690	2942
1.947826279	86
1.950148000	2942
1.950223585	86
1.952555440	2942
1.952637375	86
1.955016475	2942
1.955089694	86
1.957403203	2942
1.957476155	86
1.959862402	2942
1.959937897	86
1.961051479	1514
1.963495283	2942
1.963568745	86
1.965892118	2942
1.965967211	86
1.968339448	2942
1.968413893	86
1.970764158	2942
1.970837673	86
1.973145711	2942
1.973220475	86
1.975606908	2942
1.975681610	86
1.978030883	2942
1.978106690	86
1.980451373	2942
1.980538602	86
1.982876238	2942
1.982948508	86
1.985254018	2942
1.985326108	86
1.987718763	2942
1.987793410	86
1.990126128	2942
1.990201270	86
1.992555123	2942
1.992629017	86
1.994987913	2942
1.995061827	86
1.997382050	2942
1.997458917	86
1.999830388	2942
1.999904972	86
2.002253422	2942
2.002328360	86
2.004633105	2942
2.004706557	86
2.007097120	2942
2.007169987	86
2.009490685	2942
2.009564019	86
2.011942240	2942
2.012015854	86
2.014303965	2942
2.014379577	86
2.015574438	1514
2.017996504	2942
2.018073738	86
2.020421303	2942
2.020497998	86
2.022842488	2942
2.022917995	86
2.025215318	2942
2.025290841	86
2.027687008	2942
2.027762403	86
2.030084798	2942
2.030161153	86
2.032533873	2942
2.032612192	86
2.034954633	2942
2.035027787	86
2.037349803	2942
2.037421990	86
2.039798765	2942
2.039874337	86
2.042221945	2942
2.042298705	86
2.044599636	2942
2.044675357	86
2.047064540	2942
2.047140097	86
2.049460588	2942
2.049535760	86
2.050696824	1514
2.053095616	2942
2.053172451	86
2.055517026	2942
2.055592528	86
2.057966311	2942
2.058041933	86
2.060340974	2942
2.060416303	86
2.062810789	2942
2.062886323	86
2.065176276	2942
2.065252356	86
2.067655954	2942
2.067729450	86
2.070052859	2942
2.070126783	86
2.072499336	2942
2.072564438	86
2.074922361	2942
2.074995405	86
2.077315841	2942
2.077388720	86
2.079768183	2942
2.079843973	86
2.082191403	2942
2.082266905	86
2.084565606	2942
2.084641523	86
2.087035810	2942
2.087111147	86
2.089428451	2942
2.089503150	86
2.091880165	2942
2.091963632	86
2.094301538	2942
2.094378165	86
2.096708800	2942
2.096785117	86
2.099145673	2942
2.099218535	86
2.101546168	2942
2.101619237	86
2.103967748	2942
2.104043012	86
2.106354593	2942
2.106430127	86
2.107622469	1514
2.110021131	2942
2.110096933	86
2.112468319	2942
2.112554985	86
2.114889539	2942
2.114965218	86
2.117286494	2942
2.117362006	86
2.119735533	2942
2.119810806	86
2.122158689	2942
2.122234388	86
2.124555218	2942
2.124633498	86
2.127002183	2942
2.127075863	86
2.129386393	2942
2.129460480	86
2.131847608	2942
2.131923025	86
2.134265361	2942
2.134341945	86
2.136655378	2942
2.136730883	86
2.139114793	2942
2.139190352	86
2.141508323	2942
2.141583833	86
2.143960865	2942
2.144036347	86
2.146384413	2942
2.146459210	86
2.148804985	2942
2.148880720	86
2.151226405	2942
2.151299122	86
2.153630368	2942
2.153703250	86
2.156070720	2942
2.156146189	86
2.158493662	2942
2.158569082	86
2.160906273	2942
2.160982284	86
2.163301238	2942
2.163375487	86
2.164561331	1514
2.166974356	2942
2.167051088	86
2.169367251	2942
2.169442923	86
2.171817996	2942
2.171894753	86
2.174215111	2942
2.174290468	86
2.176636401	2942
2.176712308	86
2.179069891	2942
2.179139566	86
2.181478996	2942
2.181554468	86
2.183929768	2942
2.184002783	86
2.186350023	2942
2.186423425	86
2.188772303	2942
2.188845995	86
2.191195425	2942
2.191270745	86
2.193601221	2942
2.193676865	86
2.196038180	2942
2.196113625	86
2.198464528	2942
2.198540145	86
2.200847605	2942
2.200923805	86
2.203307078	2942
2.203382595	86
2.205704823	2942
2.205779780	86
2.208151365	2942
2.208227202	86
2.210574570	2942
2.210647994	86
2.212995913	2942
2.213070587	86
2.215417105	2942
2.215493629	86
2.217840182	2942
2.217916022	86
2.220243975	2942
2.220319284	86
2.221467859	1514
2.223894114	2942
2.223969231	86
2.226319966	2942
2.226395988	86
2.228734349	2942
2.228811843	86
2.231162533	2942
2.231239170	86
2.233561594	2942
2.233637438	86
2.236008866	2942
2.236084728	86
2.238431786	2942
2.238507325	86
2.240839181	2942
2.240917530	86
2.243275038	2942
2.243348990	86
2.245674896	2942
2.245749515	86
2.248120363	2942
2.248195892	86
2.250541735	2942
2.250617532	86
2.252963068	2942
2.253040505	86
2.255387733	2942
2.255463722	86
2.257809023	2942
2.257884770	86
2.260232163	2942
2.260307355	86
2.262655940	2942
2.262730947	86
2.265051825	2942
2.265128142	86
2.267499548	2942
2.267572712	86
2.269893875	2942
2.269967882	86
2.272342202	2942
2.272414742	86
2.274765182	2942
2.274840847	86
2.277158872	2942
2.277234685	86
2.279550275	2942
2.279623805	86
2.282033522	2942
2.282108619	86
2.284421225	2942
2.284501139	86
2.286879072	2942
2.286952511	86
2.288087213	1514
2.290511186	2942
2.290584035	86
2.292934398	2942
2.293010047	86
2.295355786	2942
2.295431110	86
2.297775776	2942
2.297852472	86
2.300201728	2942
2.300276662	86
2.302625515	2942
2.302701972	86
2.305039103	2942
2.305116487	86
2.307467503	2942
2.307540597	86
2.309866155	2942
2.309939238	86
2.312311618	2942
2.312387115	86
2.314732920	2942
2.314810389	86
2.317129945	2942
2.317205477	86
2.319579155	2942
2.319652014	86
2.322003073	2942
2.322076640	86
2.324425203	2942
2.324502089	86
2.326846562	2942
2.326921922	86
2.329210663	2942
2.329283562	86
2.331690967	2942
2.331766442	86
2.334117510	2942
2.334193584	86
2.336534210	2942
2.336615591	86
2.338959907	2942
2.339035737	86
2.341338752	2942
2.341413707	86
2.342591098	1514
2.344999283	2942
2.345075098	86
2.347434383	2942
2.347510100	86
2.349834826	2942
2.349912398	86
2.352280218	2942
2.352355763	86
2.354703270	2942
2.354779000	86
2.357100383	2942
2.357175942	86
2.359550118	2942
2.359625905	86
2.361969205	2942
2.362042217	86
2.364391978	2942
2.364465850	86
2.366813413	2942
2.366888172	86
2.369172943	2942
2.369246133	86
2.371656110	2942
2.371732570	86
2.374058458	2942
2.374135360	86
2.376503772	2942
2.376581299	86
2.378927575	2942
2.379004944	86
2.381320410	2942
2.381395704	86
2.383771035	2942
2.383845699	86
2.386194222	2942
2.386268689	86
2.388573682	2942
2.388647574	86
2.391024657	2942
2.391093299	86
2.393433895	2942
2.393507139	86
2.395882672	2942
2.395952919	86
2.397070198	1514
2.399519168	2942
2.399591445	86
2.401938018	2942
2.402012173	86
2.404361170	2942
2.404435080	86
2.406782596	2942
2.406858355	86
2.409165488	2942
2.409242685	86
2.411627048	2942
2.411702882	86
2.414013993	2942
2.414090297	86
2.416473345	2942
2.416559772	86
2.418897080	2942
2.418971695	86
2.421289755	2942
2.421366485	86
2.423740600	2942
2.423813919	86
2.426163642	2942
2.426236585	86
2.428582528	2942
2.428654499	86
2.431009792	2942
2.431033895	98
2.433392955	2942
2.433417555	98
2.435852735	2942
2.435876605	98
2.438273010	2942
2.438296597	98
2.440660490	2942
2.441806357	98
2.443120110	2942
2.444250916	98
2.445513932	2942
2.446644472	98
2.447964794	2942
2.449096981	98
2.449112146	1514
2.450238645	98
2.451597266	2942
2.452727307	98
2.453994323	2942
2.455139872	98
2.456442598	2942
2.457588185	98
2.458863491	2942
2.460009505	98
2.461257141	2942
2.462387747	98
2.463708110	2942
2.464836570	98
2.466132953	2942
2.467263742	98
2.468548218	2942
2.469679280	98
2.470977758	2942
2.472123392	98
2.473368680	2942
2.474498882	98
2.475821412	2942
2.476968204	98
2.478235208	2942
2.479366837	98
2.480626820	2942
2.481772195	98
2.483088630	2942
2.484234729	98
2.485482260	2942
2.486617022	98
2.487931385	2942
2.489061824	98
2.490354590	2942
2.491499929	98
2.492769167	2942
2.493915026	98
2.495175635	2942
2.496320701	98
2.497584305	2942
2.498729686	98
2.500045754	2942
2.501192161	98
2.502465392	2942
2.503595786	98
2.503612719	1514
2.504739853	98
2.506101153	2942
2.507246905	98
2.508461953	2942
2.509607658	98
2.510932058	2942
2.512079780	98
2.513341251	2942
2.514487350	98
2.515789448	2942
2.516935852	98
2.518187455	2942
2.519334702	98
2.520584748	2942
2.521730110	98
2.523056530	2942
2.524201949	98
2.525425278	2942
2.526572977	98
2.527899670	2942
2.529030922	98
2.530300493	2942
2.531447069	98
2.532745973	2942
2.533893262	98
2.535144923	2942
2.536290777	98
2.537551568	2942
2.538682312	98
2.540012130	2942
2.541160256	98
2.542411910	2942
2.543557837	98
2.544841005	2942
2.545986732	98
2.547253767	2942
2.548400172	98
2.549671835	2942
2.550817586	98
2.552100302	2942
2.553231127	98
2.554513242	2942
2.555644272	98
2.556971319	2942
2.558120716	98
2.558134776	1514
2.559277665	98
2.560550204	2942
2.561681388	98
2.563013928	2942
2.564160712	98
2.565420546	2942
2.566567575	98
2.567869645	2942
2.569000717	98
2.570266891	2942
2.571413132	98
2.572705588	2942
2.573853067	98
2.575135633	2942
2.576282997	98
2.577529553	2942
2.578676567	98
2.579980358	2942
2.581109197	98
2.582380840	2942
2.583527232	98
2.584803593	2942
2.585934260	98
2.587234013	2942
2.588380482	98
2.589641505	2942
2.590786949	98
2.592096725	2942
2.593227442	98
2.594462035	2942
2.595608464	98
2.596939032	2942
2.598086021	98
2.599358630	2942
2.600504474	98
2.601783452	2942
2.602928701	98
2.604178762	2942
2.605325154	98
2.606584605	2942
2.607729986	98
2.609048030	2942
2.610178951	98
2.611473564	2942
2.612604841	98
2.612621901	1514
2.613764448	98
2.615079163	2942
2.616224450	98
2.617467649	2942
2.618613595	98
2.619953068	2942
2.621100870	98
2.622355533	2942
2.623500487	98
2.624791060	2942
2.625936694	98
2.627191295	2942
2.628336615	98
2.629585086	2942
2.630730482	98
2.632064620	2942
2.633213769	98
2.634462973	2942
2.635609217	98
2.636904995	2942
2.638052332	98
2.639303988	2942
2.640450444	98
2.641751310	2942
2.642896954	98
2.644148520	2942
2.645294374	98
2.646548025	2942
2.647678850	98
2.649015810	2942
2.650162406	98
2.651417430	2942
2.652555694	98
2.653856862	2942
2.655003926	98
2.656259235	2942
2.657406286	98
2.658708617	2942
2.659839601	98
2.661100812	2942
2.662246874	98
2.663520400	2942
2.664650794	98
2.665974997	2942
2.667123694	98
2.667137616	1514
2.668280030	98
2.669585453	2942
2.670731550	98
2.672033913	2942
2.673164887	98
2.674429553	2942
2.675576057	98
2.676877010	2942
2.678024132	98
2.679272413	2942
2.680418985	98
2.681720930	2942
2.682856057	98
2.684143203	2942
2.685290104	98
2.686531600	2942
2.687677302	98
2.688959943	2942
2.690109269	98
2.691386685	2942
2.692536799	98
2.693804570	2942
2.694950819	98
2.696231080	2942
2.697361912	98
2.698671835	2942
2.699817834	98
2.701088967	2942
2.702235057	98
2.703461128	2942
2.704589320	98
2.705946647	2942
2.707094251	98
2.708342235	2942
2.709488294	98
2.710763575	2942
2.711909576	98
2.713173425	2942
2.714321224	98
2.715590882	2942
2.716722476	98
2.718033252	2942
2.719179574	98
2.720477959	2942
2.721609104	98
2.721626186	1514
2.722768558	98
2.724112968	2942
2.725258830	98
2.726470379	2942
2.727616813	98
2.728921738	2942
2.730069765	98
2.731350278	2942
2.732498360	98
2.733776276	2942
2.734923127	98
2.736195920	2942
2.737340482	98
2.738642523	2942
2.739789259	98
2.741075573	2942
2.742222842	98
2.743457223	2942
2.744588267	98
2.745910540	2942
2.747058679	98
2.748310125	2942
2.749457317	98
2.750755780	2942
2.751901179	98
2.753142795	2942
2.754289437	98
2.755547650	2942
2.756678497	98
2.757982093	2942
2.759128507	98
2.760421142	2942
2.761567609	98
2.762868512	2942
2.764015381	98
2.765260485	2942
2.766406364	98
2.767714707	2942
2.768842704	98
2.770136329	2942
2.771283066	98
2.772495372	2942
2.773625462	98
2.774981172	2942
2.776130019	98
2.776144568	1514
2.777271078	98
2.778584048	2942
2.779729965	98
2.781040330	2942
2.782186870	98
2.783414921	2942
2.784566037	98
2.785883143	2942
2.787029697	98
2.788276783	2942
2.789422417	98
2.790725630	2942
2.791870907	98
2.793083023	2942
2.794230072	98
2.795536770	2942
2.796667397	98
2.797974473	2942
2.799120947	98
2.800390590	2942
2.801537512	98
2.802838012	2942
2.803984234	98
2.805231758	2942
2.806378607	98
2.807679412	2942
2.808810344	98
2.810092182	2942
2.811238001	98
2.812464965	2942
2.813610342	98
2.814949604	2942
2.816095471	98
2.817346050	2942
2.818492619	98
2.819793445	2942
2.820939889	98
2.822192232	2942
2.823338051	98
2.824598042	2942
2.825745364	98
2.827061197	2942
2.828207186	98
2.829454792	2942
2.829483067	86
2.830695213	1514
2.830719018	86
2.833046083	2942
2.833070978	86
2.834315309	1514
2.834340159	86
2.835509635	1514
2.835533200	86
2.837936091	2942
2.837960513	86
2.839171334	1514
2.839195066	86
2.840357780	1514
2.840381355	86
2.841577074	1514
2.841601071	86
2.844019391	2942
2.844046271	86
2.845198365	1514
2.845224453	86
2.847641930	2942
2.847668380	86
2.848838126	1514
2.848864346	86
2.850074100	1514
2.850100040	86
2.852495768	2942
2.852522395	86
2.853673747	1514
2.853699299	86
2.856130496	2942
2.856188111	86
2.857310273	1514
2.858549308	1514
2.858604618	86
2.860973064	2942
2.861029316	86
2.862160392	1514
2.864549975	2942
2.864605570	86
2.865818386	1514
2.867026712	1514
2.867079997	86
2.869415182	2942
2.869471999	86
2.870661148	1514
2.873046196	2942
2.873105346	86
2.874271595	1514
2.875505376	1514
2.875564205	86
2.877896338	2942
2.877952675	86
2.880348843	2942
2.880405965	86
2.881534997	1514
2.883986042	2942
2.884041889	86
2.885167541	1514
2.886366177	1514
2.886423466	86
2.887618843	1514
2.887677013	86
2.888801184	1514
2.890043393	1514
2.890097355	86
2.892421106	2942
2.892475805	86
2.893651684	1514
2.894886715	1514
2.894939775	86
2.897274971	2942
2.897330697	86
2.898459847	1514
2.900900112	2942
2.900956904	86
2.902128625	1514
2.903332324	1514
2.903387946	86
2.905786656	2942
2.905843663	86
2.906994767	1514
2.909389340	2942
2.909445510	86
2.910631306	1514
2.911817812	1514
2.911872582	86
2.914268465	2942
2.914325202	86
2.915444866	1514
2.916648437	1514
2.916704065	86
2.917871374	1514
2.920298368	2942
2.920352511	86
2.921508535	1514
2.922741693	1514
2.922796738	86
2.925140386	2942
2.925197333	86
2.926332310	1514
2.928797319	2942
2.928854534	86
2.930009478	1514
2.931220192	1514
2.931277844	86
2.933620357	2942
2.933677977	86
2.934855505	1514
2.937210746	2942
2.937266996	86
2.938423842	1514
2.939699075	1514
2.939754323	86
2.942100323	2942
2.942156775	86
2.943307607	1514
2.945758266	2942
2.945814186	86
2.946965538	1514
2.948153879	1514
2.948209261	86
2.950602561	2942
2.950659098	86
2.951811718	1514
2.954224425	2942
2.954246805	98
2.955443029	1514
2.955465574	98
2.957848131	2942
2.957872126	98
2.959078090	1514
2.960226107	98
2.960239887	1514
2.961381713	98
2.962713679	2942
2.963862313	98
2.963876005	1514
2.965018777	98
2.966345827	2942
2.967471647	1514
2.967497259	98
2.968763997	1514
2.969909529	98
2.971167860	2942
2.972313134	98
2.972339699	1514
2.973466728	98
2.974824266	2942
2.975972033	98
2.975985595	1514
2.977113007	98
2.977175004	1514
2.978319496	98
2.979661751	2942
2.980810405	98
2.980823957	1514
2.981966404	98
2.983302664	2942
2.984423421	1514
2.984449376	98
2.985722507	1514
2.986867176	98
2.988108555	2942
2.989257501	98
2.989271226	1514
2.990397750	98
2.990526119	1514
2.991661001	98
2.991753663	1514
2.992546335	98
2.994204370	2942
2.995352875	98
2.995366582	1514
2.996493556	98
2.996572473	1514
2.997715760	98
2.999047253	2942
3.000197117	98
3.000210742	1514
3.001338696	98
3.002681161	2942
3.003831711	98
3.003845363	1514
3.004990005	98
3.005006567	1514
3.006149016	98
3.007526506	2942
3.008652533	98
3.008666996	1514
3.009808082	98
3.011135253	2942
3.012284864	98
3.012298619	1514
3.013442339	98
3.013509935	1514
3.014639055	98
3.016005645	2942
3.017130787	1514
3.017156954	98
3.019637721	2942
3.020786560	98
3.020800338	1514
3.021943187	98
3.021969514	1514
3.023112613	98
3.024470123	2942
3.025620433	98
3.025634890	1514
3.026776944	98
3.028114429	2942
3.029260584	98
3.030537522	2942
3.031668331	98
3.031684936	1514
3.032812283	98
3.032921130	1514
3.034066904	98
3.035357812	2942
3.036503486	98
3.036531666	1514
3.037659530	98
3.039015808	2942
3.040163140	98
3.041411573	2942
3.042542545	98
3.043863443	2942
3.045012207	98
3.045027710	1514
3.046171159	98
3.047472367	2942
3.048603589	98
3.048666073	1514
3.049812130	98
3.049874669	1514
3.051020733	98
3.052299737	2942
3.053446513	98
3.053463521	1514
3.054591188	98
3.055971670	2942
3.057098675	1514
3.057124307	98
3.058390623	1514
3.059521152	98
3.060816530	2942
3.061964522	98
3.061979442	1514
3.063123546	98
3.064424419	2942
3.065555246	98
3.065618010	1514
3.066763702	98
3.066827746	1514
3.067976663	98
3.067993780	1514
3.069121735	98
3.070507495	2942
3.071639474	98
3.071656397	1514
3.072780826	98
3.072906158	1514
3.074054114	98
3.075350410	2942
3.076475604	1514
3.076501669	98
3.078985998	2942
3.080136710	98
3.080150732	1514
3.081278847	98
3.081342069	1514
3.082472433	98
3.083830683	2942
3.084982445	98
3.084996395	1514
3.086141729	98
3.087419922	2942
3.088552249	98
3.088647988	1514
3.089792570	98
3.089819460	1514
3.090947742	98
3.091080083	1514
3.092224858	106
3.093459689	2942
3.094606670	106
3.095945185	2942
3.097085762	106
3.098363138	2942
3.099494250	106
3.100787338	2942
3.101933504	106
3.103209640	2942
3.104358707	106
3.104372727	1514
3.105499769	106
3.106843509	2942
3.107993221	106
3.108007243	1514
3.109154022	106
3.109170970	1514
3.110298354	106
3.111687514	2942
3.112841921	106
3.112855705	1514
3.113982982	106
3.114076449	1514
3.115221508	106
3.115283448	1514
3.116413889	106
3.117717053	2942
3.118867177	106
3.118880814	1514
3.120024468	106
3.121351126	2942
3.122481701	106
3.122498391	1514
3.123625650	106
3.123783849	1514
3.124928685	106
3.126211678	2942
3.127360558	106
3.127374260	1514
3.128516674	106
3.129854010	2942
3.131001651	106
3.132251105	2942
3.133397374	106
3.134696575	2942
3.135827219	106
3.137047328	2942
3.138193392	106
3.139510067	2942
3.140640661	106
3.141966274	2942
3.143113321	106
3.144388462	2942
3.145518871	106
3.146809117	2942
3.147954948	106
3.149204352	2942
3.150350749	106
3.151655202	2942
3.152783281	106
3.154080096	2942
3.155229483	106
3.155243141	1514
3.156384537	106
3.157713698	2942
3.158844380	106
3.160135093	2942
3.161265642	106
3.162529400	2942
3.163660412	106
3.164977857	2942
3.166123687	106
3.167374963	2942
3.168528979	106
3.169823912	2942
3.170971594	106
3.172243560	2942
3.173389932	106
3.174661770	2942
3.175808047	106
3.177043213	2942
3.178189102	106
3.179458065	2942
3.180588662	106
3.181897600	2942
3.183043944	106
3.184342477	2942
3.185489592	106
3.186779517	2942
3.187926349	106
3.189173212	2942
3.190319031	106
3.191584245	2942
3.192714614	106
3.194049167	2942
3.195193986	106
3.196419587	2942
3.197566021	106
3.198890514	2942
3.200037559	106
3.201275660	2942
3.202423061	106
3.203735104	2942
3.204882018	106
3.206135867	2942
3.207266796	106
3.208556407	2942
3.209696721	106
3.209727271	1514
3.210871100	106
3.212215390	2942
3.213361952	106
3.214622918	2942
3.215770445	106
3.217044225	2942
3.218191219	106
3.219418806	2942
3.220568107	106
3.221882330	2942
3.223029522	106
3.224296853	2942
3.225443944	106
3.226749517	2942
3.227895647	106
3.229142332	2942
3.230288407	106
3.231544190	2942
3.232675530	106
3.232706014	1514
3.232730542	106
3.234015907	1514
3.234048454	98
3.235191849	1514
3.235215186	98
3.236409400	1514
3.236432355	98
3.237623556	1514
3.238770508	98
3.238796868	1514
3.239940159	98
3.241215858	2942
3.242362367	98
3.242424719	1514
3.243554593	98
3.243665140	1514
3.244814194	98
3.244828181	1514
3.245972086	98
3.246062373	1514
3.247208739	98
3.247239989	1514
3.248367811	98
3.248487462	1514
3.249633599	98
3.249729408	1514
3.250875725	98
3.250906040	1514
3.252049822	98
3.253352785	2942
3.254502234	98
3.254517664	1514
3.255644840	98
3.255787369	1514
3.256917629	98
3.256934271	1514
3.258077710	98
3.258176412	1514
3.259331194	98
3.260622792	2942
3.261768814	98
3.261785531	1514
3.262927715	98
3.263017747	1514
3.264163006	98
3.264224883	1514
3.265369390	98
3.265431339	1514
3.266561749	98
3.266700313	1514
3.267848227	98
3.267861855	1514
3.268989174	98
3.269083816	1514
3.270228422	98
3.270258647	1514
3.271386654	98
3.271531585	1514
3.272657130	98
3.272672202	1514
3.273814014	98
3.273975515	1514
3.275119742	98
3.276380920	2942
3.277530787	98
3.277544507	1514
3.278671833	98
3.278788625	1514
3.279936669	98
3.279951004	1514
3.281082991	98
3.281182413	1514
3.282327907	98
3.282389984	1514
3.283520336	98
3.283633435	1514
3.284778674	98
3.286089392	2942
3.287236577	98
3.287250346	1514
3.288393568	98
3.288417678	1514
3.289544182	98
3.289720193	1514
3.290848745	98
3.290871758	1514
3.292016074	98
3.293333077	2942
3.294464587	98
3.294481474	1514
3.295608586	98
3.295773879	1514
3.296900536	98
3.296942114	1514
3.298059208	98
3.298153607	1514
3.299268979	98
3.299340976	1514
3.300456851	98
3.300574465	1514
3.301690547	98
3.301782389	1514
3.302897811	98
3.304205436	2942
3.305321755	98
3.305388720	1514
3.306504097	98
3.306641086	1514
3.307756538	98
3.307872602	1514
3.308987799	98
3.309028029	1514
3.310143953	98
3.310269044	1514
3.311383941	98
3.311449316	1514
3.312564803	98
3.313929011	2942
3.315044923	98
3.315111084	1514
3.316226029	98
3.317554019	2942
3.318669769	98
3.319983242	2942
3.321099784	98
3.321138298	1514
3.322253705	98
3.322391794	1514
3.323521651	98
3.323612958	1514
3.324743737	98
3.324807669	1514
3.325937584	98
3.326000096	1514
3.327130595	98
3.327195222	1514
3.328333906	98
3.328428158	1514
3.328454325	98
3.329694391	1514
3.329722739	86
3.330906898	1514
3.330933382	86
3.333302907	2942
3.333330022	86
3.334506159	1514
3.334532329	86
3.336919754	2942
3.336946476	86
3.339362641	2942
3.339389726	86
3.340549730	1514
3.340575925	86
3.341782596	1514
3.341809211	86
3.343005557	1514
3.343032385	86
3.344230788	1514
3.344257458	86
3.345435522	1514
3.345461559	86
3.346590799	1514
3.346617246	86
3.347862347	1514
3.347888167	86
3.349071393	1514
3.349097518	86
3.350261230	1514
3.350286927	86
3.352674632	2942
3.352701684	86
3.353921136	1514
3.353947668	86
3.355132512	1514
3.355158672	86
3.356333741	1514
3.356360156	86
3.358766950	2942
3.358793250	86
3.359962254	1514
3.359988347	86
3.362376502	2942
3.362403689	86
3.363578823	1514
3.363605253	86
3.364819824	1514
3.364845786	86
3.367217737	2942
3.367244257	86
3.368427568	1514
3.368453185	86
3.370880023	2942
3.370907305	86
3.372086754	1514
3.372112824	86
3.373269598	1514
3.373295873	86
3.374455059	1514
3.374481239	86
3.375721398	1514
3.375748405	86
3.378146202	2942
3.378172440	86
3.379320714	1514
3.379347399	86
3.381755846	2942
3.381782416	86
3.382989187	1514
3.383015275	86
3.384172352	1514
3.386624771	2942
3.386680856	86
3.387833892	1514
3.390234838	2942
3.390309749	86
3.391415504	1514
3.392640263	1514
3.392664362	86
3.395083247	2942
3.395157674	86
3.396285449	1514
3.398732833	2942
3.398805900	86
3.399941994	1514
3.401090521	1514
3.401114464	86
3.403542366	2942
3.403615668	86
3.404786959	1514
3.407208162	2942
3.407285061	86
3.408421361	1514
3.409577755	1514
3.409601347	86
3.410844015	1514
3.413239998	2942
3.413314888	86
3.414438049	1514
3.416892239	2942
3.416966556	86
3.419297789	2942
3.419373579	86
3.421724387	2942
3.421799844	86
3.424147467	2942
3.424223016	86
3.426541234	2942
3.426616751	86
3.429014734	2942
3.429090593	86
3.430206685	1514
3.431436109	1514
3.431459671	86
3.432601335	1514
3.433853356	1514
3.433877164	86
3.435029428	1514
3.436280071	1514
3.436303726	86
3.438704644	2942
3.438776783	86
3.439913747	1514
3.441076041	1514
3.441099811	86
3.442335340	1514
3.443514929	1514
3.443538406	86
3.444756852	1514
3.445958994	1514
3.445985616	86
3.447167690	1514
3.448390906	1514
3.448414738	86
3.450818046	2942
3.450893880	86
3.452022915	1514
3.453207628	1514
3.453231166	86
3.454413082	1514
3.455656833	1514
3.455680596	86
3.458083198	2942
3.458159258	86
3.459292394	1514
3.460454659	1514
3.460478978	86
3.461705252	1514
3.462926343	1514
3.462950035	86
3.464111057	1514
3.465318343	1514
3.465342466	86
3.466556774	1514
3.467771006	1514
3.467794728	86
3.468969614	1514
3.470167288	1514
3.470191230	86
3.471403104	1514
3.473829497	2942
3.473904351	86
3.475015430	1514
3.476245981	1514
3.476269559	86
3.477415061	1514
3.478672581	1514
3.478696229	86
3.479880960	1514
3.481044322	1514
3.481068012	86
3.483515219	2942
3.483589928	86
3.484698465	1514
3.485912611	1514
3.485936536	86
3.487125118	1514
3.488360094	1514
3.488384579	86
3.490784726	2942
3.490858533	86
3.491997472	1514
3.493175166	1514
3.493198841	86
3.494380710	1514
3.495627886	1514
3.495651328	86
3.496795188	1514
3.498052816	1514
3.498076358	86
3.499234090	1514
3.501652765	2942
3.501728437	86
3.502895593	1514
3.504083780	1514
3.504107687	86
3.505280801	1514
3.506491637	1514
3.506515155	86
3.507712893	1514
3.508935282	1514
3.508959407	86
3.511347440	2942
3.511423132	86
3.512554801	1514
3.515007940	2942
3.515084585	86
3.517396368	2942
3.517471053	86
3.518633409	1514
3.519851035	1514
3.519874880	86
3.521040287	1514
3.522274338	1514
3.522298898	86
3.523483184	1514
3.524658596	1514
3.524682636	86
3.525882137	1514
3.527091093	1514
3.527114608	86
3.528327874	1514
3.530754904	2942
3.530828423	86
3.531963333	1514
3.534330018	2942
3.534403075	86
3.536795800	2942
3.536870832	86
3.538020219	1514
3.539207948	1514
3.539233318	86
3.540440901	1514
3.541588461	1514
3.541613968	86
3.542863229	1514
3.544074975	1514
3.544100142	86
3.545239821	1514
3.546451475	1514
3.546477308	86
3.547690649	1514
3.550107434	2942
3.550161286	86
3.551341497	1514
3.552495029	1514
3.552520684	86
3.553764700	1514
3.556186665	2942
3.556240167	86
3.557331931	1514
3.559796976	2942
3.559853701	86
3.561030840	1514
3.562217028	1514
3.562242528	86
3.564636266	2942
3.564694450	86
3.565850572	1514
3.568276890	2942
3.568334179	86
3.569485976	1514
3.570706390	1514
3.570731814	86
3.571933475	1514
3.573113872	1514
3.573140422	86
3.575531415	2942
3.575588984	86
3.577989527	2942
3.578046386	86
3.580412342	2942
3.580468379	86
3.581577416	1514
3.584047028	2942
3.584103547	86
3.586466528	2942
3.586524742	86
3.588891230	2942
3.588949265	86
3.591310780	2942
3.591366970	86
3.593733823	2942
3.593790252	86
3.596148190	2942
3.596204205	86
3.598580530	2942
3.598637147	86
3.600964677	2942
3.601021950	86
3.603386027	2942
3.603444002	86
3.605831535	2942
3.605888312	86
3.608266682	2942
3.608322994	86
3.610688010	2942
3.610745469	86
3.613084982	2942
3.613143244	86
3.615507807	2942
3.615562424	86
3.617957749	2942
3.618012117	86
3.620380757	2942
3.620454524	86
3.622802562	2942
3.622876719	86
3.625167275	2942
3.625243211	86
3.627644554	2942
3.627721414	86
3.630044172	2942
3.630067262	98
3.632490499	2942
3.632514224	98
3.634913621	2942
3.634937766	98
3.637290934	2942
3.637314547	98
3.639758011	2942
3.640892766	98
3.642154939	2942
3.643300298	98
3.644552599	2942
3.645696498	98
3.646999584	2942
3.648144666	98
3.648171368	1514
3.649298162	98
3.650657660	2942
3.651802617	98
3.653067003	2942
3.654213469	98
3.655499297	2942
3.656629862	98
3.657925472	2942
3.659071364	98
3.660348520	2942
3.661479096	98
3.662769937	2942
3.663916031	98
3.665155482	2942
3.666285782	98
3.667615330	2942
3.668548890	98
3.670011905	2942
3.671157686	98
3.672459339	2942
3.673589319	98
3.674882382	2942
3.676028141	98
3.677272704	2942
3.678403064	98
3.679727039	2942
3.680857744	98
3.682150027	2942
3.683280576	98
3.684565462	2942
3.685712281	98
3.686995294	2942
3.688141953	98
3.689386684	2942
3.690533566	98
3.691837519	2942
3.692985116	98
3.694234854	2942
3.695379758	98
3.696645972	2942
3.697791918	98
3.699105486	2942
3.700251593	98
3.701485359	2942
3.702615791	98
3.702708980	1514
3.703854494	98
3.705120018	2942
3.706267122	98
3.707540348	2942
3.708671577	98
3.709982227	2942
3.711128002	98
3.712400193	2942
3.713546774	98
3.714851025	2942
3.715996734	98
3.717206763	2942
3.718337574	98
3.719694182	2942
3.720835286	98
3.722118237	2942
3.723264934	98
3.724504315	2942
3.725650001	98
3.726960392	2942
3.728106386	98
3.729356007	2942
3.730501979	98
3.731806782	2942
3.732938646	98
3.734160545	2942
3.735300279	98
3.736608159	2942
3.737754994	98
3.739033109	2942
3.740177921	98
3.741453969	2942
3.742602338	98
3.743919591	2942
3.745050531	98
3.746323669	2942
3.747471276	98
3.748762461	2942
3.749909261	98
3.751162942	2942
3.752309063	98
3.753575776	2942
3.754724446	98
3.756031974	2942
3.757181025	98
3.757195080	1514
3.758337362	98
3.759654907	2942
3.760786309	98
3.762087340	2942
3.763233014	98
3.764453140	2942
3.765584179	98
3.766931725	2942
3.768079906	98
3.769325427	2942
3.770471822	98
3.771774597	2942
3.772919859	98
3.774198289	2942
3.775344506	98
3.776573892	2942
3.777719716	98
3.779022880	2942
3.780168231	98
3.781415470	2942
3.782560681	98
3.783888034	2942
3.785018566	98
3.786283572	2942
3.787428649	98
3.788723114	2942
3.789868476	98
3.791156042	2942
3.792286501	98
3.793541502	2942
3.794672366	98
3.796000584	2942
3.797148426	98
3.798397956	2942
3.799543331	98
3.800831152	2942
3.801976991	98
3.803242044	2942
3.804387256	98
3.805654854	2942
3.806800878	98
3.808111056	2942
3.809241943	98
3.810534139	2942
3.811664985	98
3.811682433	1514
3.812806897	98
3.814144110	2942
3.815291097	98
3.816545333	2942
3.817680834	98
3.819013092	2942
3.820159414	98
3.821425750	2942
3.822571506	98
3.823856417	2942
3.824987434	98
3.826254630	2942
3.827400726	98
3.828662122	2942
3.829808729	98
3.831123664	2942
3.832270161	98
3.833515675	2942
3.833549962	86
3.834754333	1514
3.837141106	2942
3.837171035	86
3.838351874	1514
3.839598773	1514
3.839628203	86
3.842025148	2942
3.842080420	86
3.843208977	1514
3.844444813	1514
3.844497812	86
3.845617424	1514
3.848081992	2942
3.848136084	86
3.849254958	1514
3.851712633	2942
3.851769000	86
3.852921719	1514
3.854109753	1514
3.854162747	86
3.856561672	2942
3.856613912	86
3.857767794	1514
3.860194049	2942
3.860247973	86
3.861358210	1514
3.862576561	1514
3.862629979	86
3.865031829	2942
3.865087968	86
3.866221905	1514
3.868631020	2942
3.868687165	86
3.869855676	1514
3.871064640	1514
3.871120149	86
3.873453045	2942
3.873509910	86
3.874722651	1514
3.877117721	2942
3.877173771	86
3.878333687	1514
3.879568528	1514
3.879623860	86
3.881997506	2942
3.882054135	86
3.884378246	2942
3.884434693	86
3.885601027	1514
3.888022330	2942
3.888078726	86
3.889198596	1514
3.890412355	1514
3.890467664	86
3.892881117	2942
3.892937469	86
3.894077873	1514
3.896535803	2942
3.896592625	86
3.897711757	1514
3.898948475	1514
3.899002222	86
3.901327286	2942
3.901384370	86
3.902535982	1514
3.903791463	1514
3.903813860	98
3.904993787	1514
3.905017439	98
3.907390459	2942
3.907414731	98
3.908589421	1514
3.909734097	98
3.911035335	2942
3.912181799	98
3.912207707	1514
3.913335559	98
3.913413680	1514
3.914558075	98
3.915905205	2942
3.917054214	98
3.917067884	1514
3.918210706	98
3.918286163	1514
3.919415799	98
3.919445947	1514
3.920574169	98
3.920705040	1514
3.921849137	98
3.921916074	1514
3.923061343	98
3.923125842	1514
3.924255124	98
3.924303011	1514
3.925451958	98
3.926805076	2942
3.927952353	98
3.927966113	1514
3.929092657	98
3.930414025	2942
3.931559941	98
3.931585991	1514
3.932710223	98
3.932857479	1514
3.934004471	98
3.935258055	2942
3.936404064	98
3.936430681	1514
3.937574058	98
3.938916058	2942
3.940065315	98
3.940079020	1514
3.941221081	98
3.941247591	1514
3.942391150	98
3.943762393	2942
3.944543312	98
3.944936082	1514
3.946081194	98
3.947332380	2942
3.948478099	98
3.948543716	1514
3.949670468	98
3.949778247	1514
3.950923539	98
3.952216882	2942
3.953347249	98
3.953365228	1514
3.954492825	98
3.955873418	2942
3.957020347	98
3.958270640	2942
3.959418237	98
3.959444714	1514
3.960571519	98
3.961930511	2942
3.963076008	98
3.964327704	2942
3.965458363	98
3.966775186	2942
3.967920833	98
3.969159154	2942
3.970306108	98
3.971581771	2942
3.972712253	98
3.974017294	2942
3.975148283	98
3.975164890	1514
3.976308247	98
3.977673530	2942
3.978820319	98
3.980095080	2942
3.981240844	98
3.982457632	2942
3.983588082	98
3.984910842	2942
3.986060756	98
3.987339690	2942
3.988470274	98
3.989760389	2942
3.990906839	98
3.992192585	2942
3.993338826	98
3.994584820	2942
3.995731939	98
3.997058272	2942
3.998189551	98
3.999450242	2942
4.000581236	98
4.001897644	2942
4.003045346	98
4.004315667	2942
4.005462661	98
4.006740346	2942
4.007886288	98
4.009120894	2942
4.010266986	98
4.011537139	2942
4.012663633	98
4.013987564	2942
4.015136141	98
4.016405592	2942
4.017553098	98
4.018854734	2942
4.020001095	98
4.021234624	2942
4.022381263	98
4.023699423	2942
4.024832128	98
4.026121066	2942
4.027267375	98
4.028557493	2942
4.029711268	98
4.029725297	1514
4.030868952	98
4.032152015	2942
4.033282532	98
4.034575297	2942
4.035721276	98
4.037029970	2942
4.038176509	98
4.039439182	2942
4.040570934	98
4.041867389	2942
4.043013506	98
4.044250657	2942
4.045398246	98
4.046715349	2942
4.047861834	98
4.049075277	2942
4.049103542	86
4.050344198	1514
4.051525815	1514
4.051551577	86
4.052764928	1514
4.055193153	2942
4.055252335	86
4.056376139	1514
4.057612718	1514
4.057667922	86
4.058823459	1514
4.060034130	1514
4.060091225	86
4.061215512	1514
4.062457318	1514
4.062514832	86
4.063664604	1514
4.064863483	1514
4.064915492	86
4.066063516	1514
4.067300883	1514
4.067356427	86
4.068447494	1514
4.069699080	1514
4.069757120	86
4.070934001	1514
4.072146422	1514
4.072204492	86
4.074570985	2942
4.074627800	86
4.075780196	1514
4.076992622	1514
4.077045872	86
4.078191199	1514
4.080581834	2942
4.080639064	86
4.083050971	2942
4.083107838	86
4.084220905	1514
4.085413624	1514
4.085489256	86
4.086677027	1514
4.089036748	2942
4.089113285	86
4.090311716	1514
4.091482010	1514
4.091554252	86
4.093939447	2942
4.094015039	86
4.095159986	1514
4.096342185	1514
4.096414406	86
4.097572718	1514
4.100001633	2942
4.100077580	86
4.101183919	1514
4.103638029	2942
4.103712834	86
4.104812701	1514
4.106060812	1514
4.106135916	86
4.108411400	2942
4.108487929	86
4.109691730	1514
4.112115480	2942
4.112190877	86
4.113284227	1514
4.114536105	1514
4.114608605	86
4.116913885	2942
4.116988580	86
4.118143192	1514
4.119382180	1514
4.119456117	86
4.121804420	2942
4.121881632	86
4.122987584	1514
4.125407819	2942
4.125484433	86
4.126632617	1514
4.127856411	1514
4.127931278	86
4.130283449	2942
4.130359740	86
4.131446988	1514
4.133890452	2942
4.133966514	86
4.136287107	2942
4.136361440	86
4.137523541	1514
4.140791320	2942
4.140866449	86
4.143281302	2942
4.143356676	86
4.145667082	2942
4.145744539	86
4.148080625	2942
4.148158129	86
4.149633676	2942
4.149710063	86
4.152052513	2942
4.152129478	86
4.155491878	2942
4.155569340	86
4.157937541	2942
4.158013210	86
4.160331023	2942
4.160406373	86
4.162759098	2942
4.162835045	86
4.165151923	2942
4.165226855	86
4.167537509	2942
4.167613043	86
4.169976463	2942
4.170051913	86
4.172410376	2942
4.172483660	86
4.174887280	2942
4.174959487	86
4.177264563	2942
4.177337865	86
4.180877387	2942
4.180953046	86
4.181082803	2942
4.181156190	86
4.183546248	2942
4.183621747	86
4.185965947	2942
4.186041467	86
4.189329153	2942
4.189404515	86
4.191802335	2942
4.191877492	86
4.194272385	2942
4.194347917	86
4.196622550	2942
4.196698497	86
4.198084215	2942
4.198158639	86
4.200487612	2942
4.200566342	86
4.203997152	2942
4.204069084	86
4.205325915	2942
4.205398052	86
4.207796742	2942
4.207870856	86
4.210216922	2942
4.210291111	86
4.212568750	2942
4.212631729	86
4.215032704	2942
4.215107371	86
4.217455709	2942
4.217528476	86
4.219877029	2942
4.219951424	86
4.222302459	2942
4.222389673	86
4.225748022	2942
4.225823091	86
4.227178101	2942
4.227250246	86
4.229570761	2942
4.229645268	86
4.232019736	2942
4.232094391	86
4.234401246	2942
4.234476279	86
4.236833309	2942
4.236907178	86
4.241080668	2942
4.241155347	86
4.241713681	2942
4.241788000	86
4.244100956	2942
4.244175353	86
4.246535468	2942
4.246608295	86
4.248946591	2942
4.249019443	86
4.250149157	1514
4.252565562	2942
4.252644944	86
4.255035054	2942
4.255110169	86
4.257411017	2942
4.257484482	86
4.259878502	2942
4.259950666	86
4.262300774	2942
4.262373976	86
4.264709877	2942
4.264782679	86
4.267787034	2942
4.267809469	98
4.272710689	2942
4.272733664	106
4.275180503	2942
4.275204626	106
4.277540004	2942
4.278670688	106
4.281159967	2942
4.281356409	2942
4.282287907	106
4.283905408	2942
4.285036087	106
4.286321415	2942
4.287451885	106
4.289682788	2942
4.290829530	106
4.292071673	2942
4.293218238	106
4.294537678	2942
4.295667715	106
4.296897953	2942
4.298043773	106
4.298410320	2942
4.299540762	106
4.300789470	2942
4.300789693	1514
4.301935887	106
4.304350459	2942
4.305479254	106
4.305668790	2942
4.306814779	106
4.308091860	2942
4.308541464	106
4.310499725	2942
4.311646219	106
4.312830861	2942
4.313978005	106
4.315286180	2942
4.316432382	106
4.317808809	2942
4.318955291	106
4.320208450	2942
4.321355884	106
4.322667204	2942
4.323813823	106
4.326075532	2942
4.327221501	106
4.327451012	2942
4.328581806	106
4.329908752	2942
4.331054643	106
4.332316227	2942
4.333451896	106
4.334741019	2942
4.335886798	106
4.337149312	2942
4.338296373	106
4.341403266	2942
4.342022279	2942
4.342534423	106
4.344431369	2942
4.345577848	106
4.346865681	2942
4.348013570	106
4.352904963	2942
4.352905187	2942
4.354053267	114
4.355329365	1514
4.356459489	114
4.357726242	2942
4.358855527	114
4.360226354	2942
4.361372994	114
4.362628497	2942
4.363775151	114
4.365068297	2942
4.366215054	114
4.368059365	2942
4.369188352	114
4.372948717	2942
4.372978315	106
4.375449814	1514
4.375475524	106
4.378900937	1514
4.378928284	98
4.378901164	1514
4.378953771	98
4.382507076	2942
4.382531248	98
4.385285115	2942
4.386415282	98
4.387719058	1514
4.388848650	98
4.391069954	2942
4.392217172	98
4.393445299	1514
4.394591530	98
4.395905066	1514
4.397051007	98
4.398284531	2942
4.399431853	98
4.399813705	1514
4.400942184	98
4.402217555	2942
4.403348812	98
4.405719950	1514
4.406865116	98
4.407032658	2942
4.408179900	98
4.408764170	1514
4.409911442	98
4.411894723	2942
4.413041709	98
4.414194986	1514
4.415340508	98
4.416638825	1514
4.417785040	98
4.419218584	2942
4.420369326	98
4.421613382	1514
4.422758621	98
4.424073354	2942
4.425204486	98
4.427488142	1514
4.428617416	98
4.428847450	1514
4.429993204	98
4.431326242	2942
4.432473263	98
4.433733967	1514
4.434881246	98
4.436167547	1514
4.437297233	98
4.438545399	2942
4.439677768	98
4.442802553	2942
4.442802779	1514
4.443933780	98
4.445823404	1514
4.446966843	98
4.448293254	1514
4.449440363	98
4.454312458	2942
4.454339160	86
4.454312682	2942
4.454404607	86
4.456716300	1514
4.459053186	2942
4.459126375	86
4.461628099	2942
4.461700039	86
4.464044232	2942
4.464119369	86
4.466472649	2942
4.466546486	86
4.469425713	2942
4.469498735	86
4.473191136	2942
4.473263225	86
4.475716445	1514
4.479160690	2942
4.479233872	86
4.482765789	2942
4.482841246	86
4.486698710	2942
4.486773617	86
4.489033028	1514
4.492462506	2942
4.492552155	86
4.494855254	1514
4.497284701	1514
4.497355968	86
4.499665296	2942
4.499738553	86
4.501226032	1514
4.503583310	2942
4.503659062	86
4.507087063	1514
4.508464905	2942
4.508551152	86
4.513308130	2942
4.513308355	1514
4.513383584	86
4.515621188	1514
4.515694290	86
4.518049886	1514
4.520621167	2942
4.520694214	86
4.523022742	1514
4.525449770	2942
4.525523036	86
4.528898369	1514
4.530234812	1514
4.530308059	86
4.532723372	2942
4.532784384	86
4.535148142	1514
4.537533589	1514
4.537606594	86
4.539959429	2942
4.540033231	86
4.544214486	2942
4.544214708	1514
4.544288220	86
4.547239004	1514
4.549705946	1514
4.549789416	86
4.554571081	2942
4.554571303	2942
4.554644958	86
4.559321286	2942
4.559395414	86
4.561980080	2942
4.562052302	86
4.564377222	2942
4.564449907	86
4.566810017	2942
4.566883157	86
4.569780248	2942
4.569854513	86
4.573448159	2942
4.573521088	86
4.579439941	2942
4.579440163	2942
4.579512745	86
4.583082404	2942
4.583158561	86
4.587055250	2942
4.587127720	86
4.592789299	2942
4.592860376	86
4.597568484	2942
4.597643199	86
4.599947760	2942
4.599947984	2942
4.600023459	86
4.603938031	2942
4.604012217	86
4.608823678	2942
4.608823903	2942
4.608898182	86
4.613640798	2942
4.613714760	86
4.615922356	2942
4.615994608	86
4.620972154	2942
4.621045712	86
4.625806647	2942
4.625806867	2942
4.625881429	86
4.630533955	2942
4.630608795	86
4.637847177	2942
4.637847402	2942
4.637919877	86
4.640315054	2942
4.640387449	86
4.644563603	2942
4.644638556	86
4.650052601	2942
4.650052826	2942
4.650107991	86
4.654908334	2942
4.654908559	2942
4.654983901	86
4.659653249	2942
4.659728144	86
4.662337315	2942
4.662409692	86
4.664692330	1514
4.667146380	2942
4.667221339	86
4.670112093	2942
4.670187003	86
4.673801429	2942
4.673877221	86
4.679739744	2942
4.679739966	2942
4.679815356	86
4.683446419	2942
4.683522091	86
4.687410186	2942
4.687484430	86
4.693132984	2942
4.693208326	86
4.697925629	2942
4.698000196	86
4.700192950	2942
4.700193200	2942
4.700266567	86
4.704294856	2942
4.704368660	86
4.709185553	2942
4.709185775	2942
4.709259352	86
4.713997713	2942
4.714078232	86
4.716275826	2942
4.716347981	86
4.721281547	2942
4.721352237	86
4.726146707	2942
4.726146932	2942
4.726220552	86
4.730873235	2942
4.730946117	86
4.738168280	2942
4.738168503	2942
4.738168573	1514
4.738245330	86
4.740637485	2942
4.740709779	86
4.744898186	2942
4.744971136	86
4.750309617	2942
4.750309842	2942
4.750386362	86
4.755228601	2942
4.755228827	2942
4.755303064	86
4.759952217	2942
4.760026927	86
4.762689942	2942
4.762763922	86
4.767479180	2942
4.767479405	2942
4.767555555	86
4.770468186	2942
4.770541370	86
4.774136807	2942
4.774209744	86
4.780102246	2942
4.780102471	2942
4.780174901	86
4.783767772	2942
4.783842749	86
4.787729916	2942
4.787802143	86
4.793454274	2942
4.793527244	86
4.798283247	2942
4.798356279	86
4.800430636	2942
4.800430874	2942
4.800482876	86
4.804622181	2942
4.804694868	86
4.809518811	2942
4.809519033	1514
4.809593375	86
4.814360580	2942
4.814435342	86
4.816586507	2942
4.816657559	86
4.821567238	2942
4.821641820	86
4.826496460	2942
4.826496685	2942
4.826570322	86
4.831188844	2942
4.831263575	86
4.838412704	2942
4.838412926	2942
4.838412994	2942
4.838489851	86
4.840956958	2942
4.841029250	86
4.845255199	2942
4.845328118	86
4.850562823	2942
4.850585205	98
4.855532637	2942
4.855556459	98
4.855532867	2942
4.855574529	98
4.860244083	2942
4.861389890	98
4.863008710	2942
4.864156359	98
4.867824195	2942
4.867824418	2942
4.868970457	98
4.870806681	2942
4.871936088	98
4.874489087	2942
4.875635494	98
4.880444304	2942
4.880444529	4370
4.881573186	98
4.884106327	2942
4.885253724	98
4.888052019	2942
4.888536730	98
4.893791140	2942
4.894938736	98
4.898640387	2942
4.899786371	98
4.900680462	2942
4.900680685	2942
4.901826516	98
4.904945219	2942
4.906075358	98
4.909851696	2942
4.910983152	98
4.914665793	2942
4.915811635	98
4.916897220	2942
4.918046989	98
4.921912381	2942
4.923060798	98
4.926834245	2942
4.926834470	2942
4.927981489	98
4.931512939	2942
4.932645443	98
4.938740244	2942
4.938740471	2942
4.939887773	106
4.941283206	2942
4.942429222	106
4.945567305	2942
4.946713541	106
4.950786967	2942
4.951914391	106
4.955828933	2942
4.955857037	98
4.955829155	1514
4.955881852	98
4.961650303	2942
4.961674465	98
4.964439205	1514
4.965571502	98
4.969254823	2942
4.969255048	1514
4.970401889	98
4.972183502	1514
4.973313336	98
4.975860277	1514
4.976989759	98
4.981799654	2942
4.981799877	2942
4.982928486	98
4.988830151	2942
4.988830401	1514
4.989961760	98
4.995167475	1514
4.996311849	98
5.000056747	1514
5.001195614	98
5.002081167	2942
5.002081392	1514
5.003228949	98
5.006271717	2942
5.007417364	98
5.011255016	1514
5.012385283	98
5.016027806	1514
5.017156916	98
5.023348076	2942
5.023348298	1514
5.024494975	98
5.032884402	2942
5.034032906	98
5.040143716	2942
5.040169801	86
5.040143939	2942
5.040144006	2942
5.040233456	86
5.042715988	2942
5.042789202	86
5.046962167	2942
5.047035274	86
5.052166404	2942
5.052238596	86
5.056109203	2942
5.056109428	1514
5.056180073	86
5.061934238	2942
5.062006458	86
5.065855748	1514
5.070668843	2942
5.070669085	1514
5.070743265	86
5.073528974	1514
5.077233768	1514
5.077304155	86
5.083194317	2942
5.083194554	2942
5.083267231	86
5.090212209	2942
5.090212433	1514
5.090272368	86
5.096549225	1514
5.101480402	1514
5.101549929	86
5.103476920	2942
5.103477142	1514
5.103551872	86
5.107701667	2942
5.107774499	86
5.112625766	1514
5.117440569	1514
5.117514676	86
5.124769536	2942
5.124769758	1514
5.124846048	86
5.134288914	2942
5.134364379	86
5.140351628	2942
5.140351878	2942
5.140351948	2942
5.140417477	86
5.143055133	2942
5.143129237	86
5.147302445	2942
5.147376692	86
5.152404210	2942
5.152478652	86
5.156463033	2942
5.156550010	86
5.162290336	2942
5.162365640	86
5.171014803	2942
5.171015025	2942
5.171015095	1514
5.171089682	86
5.177587605	2942
5.177663442	86
5.183539632	2942
5.183539852	2942
5.183617136	86
5.190477772	2942
5.190478024	2942
5.190554791	86
5.201834477	2942
5.201908597	86
5.203802523	2942
5.203876980	86
5.208043039	2942
5.208118179	86
5.217801454	2942
5.217877271	86
5.225121901	2942
5.225122123	2942
5.225198125	86
5.234623579	2942
5.234700336	86
5.240592643	2942
5.240592893	2942
5.240592966	2942
5.240671430	86
5.243398931	2942
5.243472473	86
5.247617633	2942
5.247692462	86
5.252742423	2942
5.252814352	86
5.256785774	2942
5.256860116	86
5.262650599	2942
5.262728026	86
5.271359510	2942
5.271359733	2942
5.271359800	1514
5.271437727	86
5.277923468	2942
5.277999130	86
5.283890997	2942
5.283891242	2942
5.283964659	86
5.290734008	2942
5.290734255	2942
5.290808940	86
5.302184425	2942
5.302259454	86
5.304099413	2942
5.304174113	86
5.308403437	2942
5.308475901	86
5.318147707	2942
5.318224268	86
5.325417996	2942
5.325418219	2942
5.325494661	86
5.334961450	2942
5.335038419	86
5.340877499	2942
5.340877744	2942
5.340877814	2942
5.340953164	86
5.343715006	2942
5.343788046	86
5.347978400	2942
5.348053440	86
5.353027124	2942
5.353100486	86
5.357137404	2942
5.357210938	86
5.362994096	2942
5.363069509	86
5.371708751	2942
5.371708976	2942
5.371709046	1514
5.371785388	86
5.378283506	2942
5.378358235	86
5.384250612	2942
5.384250832	2942
5.384250920	2942
5.384329619	86
5.390996229	2942
5.390996451	2942
5.391072548	86
5.402539937	2942
5.402615157	86
5.404428116	2942
5.404503831	86
5.408750737	2942
5.408827387	86
5.418508869	2942
5.418584483	86
5.425780421	2942
5.425780644	2942
5.425856958	86
5.435283900	2942
5.435359297	86
5.441155557	2942
5.441155787	2942
5.441155855	2942
5.441229469	86
5.444071711	2942
5.444144736	86
5.448338318	2942
5.448415212	86
5.453278412	2942
5.453349311	86
5.457479999	2942
5.457554731	86
5.463354529	2942
5.463427244	86
5.472048223	2942
5.472048441	4370
5.472122045	86
5.478644133	2942
5.478716713	86
5.484581820	2942
5.484582065	2942
5.484582135	2942
5.484657370	86
5.491274192	2942
5.491274414	2942
5.491349479	86
5.502877282	2942
5.502951867	86
5.504780169	2942
5.504851421	86
5.509109962	2942
5.509182702	86
5.518850417	2942
5.518926814	86
5.526121519	2942
5.526121742	2942
5.526196689	86
5.535562273	2942
5.535637528	86
5.541426588	2942
5.541426841	2942
5.541426913	2942
5.541501105	86
5.544429029	2942
5.544501218	86
5.548697448	2942
5.548773340	86
5.553561173	2942
5.553636747	86
5.557812474	2942
5.557887299	86
5.563711259	2942
5.563711482	1514
5.563786746	86
5.572407698	2942
5.572407924	2942
5.572485623	86
5.578984976	2942
5.579060400	86
5.584906038	2942
5.584906303	2942
5.584906391	2942
5.584906458	2942
5.584985097	86
5.591541765	2942
5.591541987	2942
5.591618092	86
5.603174903	2942
5.603248088	86
5.605121217	2942
5.605194101	86
5.609469740	2942
5.609544272	86
5.619193722	2942
5.619269422	86
5.626458604	2942
5.626458829	2942
5.626535476	86
5.635903211	2942
5.635978218	86
5.641705171	2942
5.641705419	2942
5.641705486	2942
5.641781181	86
5.644779287	2942
5.644852846	86
5.649027713	2942
5.649102573	86
5.653888725	2942
5.653963415	86
5.658165912	1514
5.664040729	2942
5.664040954	2942
5.664119331	86
5.672766426	2942
5.672766649	2942
5.672844708	86
5.679324351	2942
5.679400926	86
5.685247643	2942
5.685247888	2942
5.685247956	2942
5.685287968	98
5.691822788	2942
5.691846938	98
5.691823013	2942
5.691865063	98
5.703532656	2942
5.704664537	98
5.705437632	2942
5.706583924	98
5.709801443	2942
5.710946972	98
5.719547727	2942
5.720674621	98
5.726804039	2942
5.726804262	2942
5.727951679	98
5.736219281	2942
5.737365378	98
5.741994352	2942
5.741994577	2942
5.741994644	2942
5.743140724	98
5.745130582	1514
5.746274386	106
5.749376851	2942
5.750522675	106
5.754203744	2942
5.755334543	106
5.764402647	2942
5.764402870	2942
5.765550484	106
5.773134761	2942
5.773134984	2942
5.774281965	106
5.779686304	2942
5.780832965	106
5.785580013	2942
5.785580239	2942
5.785580309	2942
5.786727093	106
5.792092691	2942
5.792120774	98
5.792092914	1514
5.792145593	98
5.804951581	2942
5.804975738	98
5.806847589	1514
5.807993164	98
5.811173588	1514
5.812319580	98
5.820963007	2942
5.822111226	98
5.828247779	2942
5.828248002	1514
5.829395449	98
5.837625016	1514
5.838771681	98
5.843392640	2942
5.843392864	2942
5.844553456	98
5.846550934	1514
5.846576411	98
5.850800026	1514
5.850827801	86
5.865847319	2942
5.865874277	86
5.865847567	2942
5.865911706	86
5.874573464	2942
5.874573714	2942
5.874631761	86
5.881118254	2942
5.881174311	86
5.887011258	2942
5.887011481	2942
5.887011551	2942
5.887072908	86
5.892399727	2942
5.892399952	1514
5.892457419	86
5.905196406	2942
5.905273141	86
5.908275572	1514
5.912605248	1514
5.912678777	86
5.922399652	2942
5.922475166	86
5.929683662	2942
5.929683887	1514
5.929758911	86
5.939034851	1514
5.944816947	2942
5.944817169	2942
5.944891769	86
5.946838375	1514
5.951100096	1514
5.951174168	86
5.966156165	2942
5.966156407	2942
5.966232462	86
5.974895646	2942
5.974895869	2942
5.974971528	86
5.981431291	2942
5.981507753	86
5.987346074	2942
5.987346296	2942
5.987346364	2942
5.987422940	86
5.992741595	2942
5.992741817	2942
5.992817121	86
6.005523807	2942
6.005600936	86
6.012964485	2942
6.013039212	86
6.022759544	2942
6.022836244	86
6.030008337	2942
6.030084506	86
6.045149517	2942
6.045149742	2942
6.045149812	2942
6.045225652	86
6.051412617	2942
6.051488599	86
6.066494345	2942
6.066494585	2942
6.066570727	86
6.075245584	2942
6.075245817	2942
6.075320791	86
6.081794992	2942
6.081868794	86
6.087695394	2942
6.087695616	2942
6.087695684	2942
6.087772028	86
6.093083387	2942
6.093083627	2942
6.093160632	86
6.105886969	2942
6.105961651	86
6.113325523	2942
6.113402015	86
6.123106160	2942
6.123183299	86
6.130371702	2942
6.130371924	1514
6.130448139	86
6.145512962	2942
6.145513185	2942
6.145513252	2942
6.145589914	86
6.151741899	2942
6.151818564	86
6.166837030	2942
6.166837255	2942
6.166914812	86
6.175537442	2942
6.175537665	2942
6.175614244	86
6.182145894	2942
6.182221654	86
6.188063771	2942
6.188063994	2942
6.188064084	2942
6.188142336	86
6.193423685	2942
6.193423950	2942
6.193499802	86
6.206249542	2942
6.206325284	86
6.213666266	2942
6.213740920	86
6.223453787	2942
6.223526524	86
6.230735535	2942
6.230735757	2942
6.230811924	86
6.245879440	2942
6.245879665	2942
6.245879750	2942
6.245958057	86
6.252104260	1514
6.267186008	2942
6.267186230	2942
6.267261442	86
6.275903215	2942
6.275903440	2942
6.275979959	86
6.282498179	2942
6.282574921	86
6.288433756	2942
6.288433999	2942
6.288434069	2942
6.288509968	86
6.293762513	2942
6.293762735	2942
6.293839345	86
6.306606547	2942
6.306681956	86
6.314029331	2942
6.314029553	2942
6.314105958	86
6.323813782	2942
6.323890169	86
6.331072290	2942
6.331072512	2942
6.331147529	86
6.346242727	2942
6.346242947	2942
6.346243017	2942
6.346320789	86
6.367512056	2942
6.367512278	2942
6.367587245	86
6.376266857	2942
6.376267080	4370
6.376344017	86
6.382836302	2942
6.382911294	86
6.388775577	2942
6.388775799	2942
6.388775867	2942
6.388850181	86
6.394127780	2942
6.394128003	2942
6.394201477	86
6.406969250	2942
6.407045664	86
6.414392933	2942
6.414393163	2942
6.414469445	86
6.424171258	2942
6.424246084	86
6.431388430	2942
6.431388653	2942
6.431464942	86
6.446609435	2942
6.446609660	2942
6.446609747	2942
6.446687902	86
6.476636242	2942
6.476636462	2942
6.476636532	2942
6.476636600	2942
6.476714004	86
6.483172927	2942
6.483248617	86
6.489135917	2942
6.489136134	4370
6.489136202	2942
6.489214739	86
6.494489330	2942
6.494489553	2942
6.494566830	86
6.507315882	2942
6.507391504	86
6.514756094	2942
6.514756316	2942
6.514834158	86
6.524523778	2942
6.524598987	86
6.531736658	2942
6.531736883	2942
6.531810105	86
6.546957670	2942
6.546957895	2942
6.546957965	2942
6.547034827	86
6.576996382	2942
6.576996605	2942
6.576996675	2942
6.576996742	2942
6.577074624	86
6.583510948	2942
6.583584040	86
6.589507542	2942
6.589507764	2942
6.589507832	2942
6.589507902	2942
6.589586164	86
6.594843888	2942
6.594866188	98
6.607626753	2942
6.607650415	98
6.615122814	2942
6.615146716	98
6.615123041	2942
6.616290840	98
6.624872695	2942
6.626020215	98
6.632057061	2942
6.632057288	2942
6.632558740	98
6.647307425	2942
6.647307648	2942
6.647307718	2942
6.648453499	98
6.677362365	2942
6.677362587	2942
6.677362657	2942
6.677362725	2942
6.678509031	98
6.683848340	2942
6.684994880	98
6.689880137	2942
6.689880357	2942
6.689880424	2942
6.689880494	2942
6.691027408	98
6.695147366	2942
6.696292590	98
6.707935186	1514
6.707960111	86
6.707935433	1514
6.715397509	1514
6.715421402	86
6.716573738	2942
6.716650285	86
6.726306630	1514
6.732846955	2942
6.732847178	1514
6.732922517	86
6.748743890	2942
6.748744120	2942
6.748818962	86
6.778805240	2942
6.778805462	1514
6.778863729	86
6.785254623	2942
6.785310523	86
6.791323877	2942
6.791324111	2942
6.791324179	2942
6.791324249	2942
6.791387391	86
6.796541211	2942
6.796597246	86
6.808249234	1514
6.815674572	2942
6.815730412	86
6.816895048	2942
6.816953118	86
6.833183296	2942
6.833183543	2942
6.833241055	86
6.849095235	2942
6.849095458	2942
6.849171637	86
6.879149480	2942
6.879149722	2942
6.879226074	86
6.885568436	2942
6.885643888	86
6.891685579	2942
6.891707921	98
6.891685799	2942
6.891727036	98
6.891685869	2942
6.891739804	98
6.896873466	2942
6.898020008	98
6.916017070	2942
6.917167219	98
6.917182527	2942
6.918325871	98
6.933488506	2942
6.933488729	2942
6.934634453	98
6.949442361	2942
6.949442583	2942
6.950589727	98
6.979491493	2942
6.979491738	2942
6.979491808	2942
6.980623132	98
6.985923851	2942
6.987070733	98
6.991987739	2942
6.991987962	2942
6.992023644	86
6.991988029	1514
6.998307801	2942
6.998332243	86
7.017387855	1514
7.018606474	1514
7.018630431	86
7.050861915	2942
7.050862153	2942
7.050938932	86
7.080892390	2942
7.080892635	2942
7.080892705	2942
7.080969680	86
7.087355023	2942
7.087429208	86
7.092313540	2942
7.092313782	2942
7.092391437	86
7.098617179	2942
7.098694736	86
7.118897820	2942
7.118973014	86
7.151209018	2942
7.151209243	2942
7.151286892	86
7.181261695	2942
7.181261938	2942
7.181262008	2942
7.181340822	86
7.187716186	2942
7.187716408	2942
7.187793108	86
7.192645998	2942
7.192646243	2942
7.192721850	86
7.198962522	2942
7.199038936	86
7.219241942	2942
7.219319244	86
7.251554963	2942
7.251555188	2942
7.251632335	86
7.281629525	2942
7.281629748	2942
7.281629818	2942
7.281708282	86
7.288043399	2942
7.288043621	2942
7.288043691	1514
7.288117836	86
7.293009605	2942
7.293009860	2942
7.293087637	86
7.299307830	2942
7.299384137	86
7.319598615	2942
7.319675489	86
7.351868211	2942
7.351868439	2942
7.351946650	86
7.381974360	2942
7.381974606	2942
7.381974676	2942
7.382052342	86
7.388379604	2942
7.388379826	2942
7.388455386	86
7.393354210	2942
7.393430627	86
7.399650110	2942
7.399672362	98
7.419964615	2942
7.419988362	98
7.452234679	2942
7.452258371	98
7.452234901	2942
7.452234971	2942
7.453403868	98
7.482342698	2942
7.482342943	2942
7.482343030	2942
7.483488260	98
7.488731722	2942
7.488731944	1514
7.489878203	98
7.493718578	2942
7.494864445	98
7.499957093	2942
7.501103029	98
7.520273090	2942
7.520299005	86
7.552540432	1514
7.583744150	2942
7.583770470	86
7.583744396	2942
7.583744466	2942
7.583805610	86
7.583827702	86
7.590173689	2942
7.590173936	1514
7.590233988	86
7.595136541	2942
7.595192877	86
7.601367105	2942
7.601424295	86
7.620553056	2942
7.620609688	86
7.684064571	2942
7.684064853	2942
7.684064921	2942
7.684127216	86
7.690524939	2942
7.690525169	2942
7.690583879	86
7.695474316	2942
7.695530405	86
7.701683198	2942
7.701740073	86
7.720888732	2942
7.720889002	1514
7.720946299	86
7.784413689	2942
7.784413931	2942
7.784414001	2942
7.784491631	86
7.790857527	2942
7.790857772	2942
7.790933554	86
7.795819683	2942
7.795896458	86
7.802026813	2942
7.802101468	86
7.821234337	2942
7.821234579	2942
7.821310486	86
7.884764559	2942
7.884764779	2942
7.884764849	2942
7.884843226	86
7.891205525	2942
7.891205747	2942
7.891283839	86
7.896178401	2942
7.896255245	86
7.902359274	2942
7.902434206	86
7.921596027	2942
7.921596292	2942
7.921673891	86
7.985124436	2942
7.985124664	2942
7.985124734	2942
7.985203171	86
7.991525940	2942
7.991526162	2942
7.991603999	86
7.996515069	2942
7.996592073	86
8.002713946	2942
8.002789268	86
8.021953989	2942
8.021954212	4370
8.022031499	86
8.085458297	2942
8.085458519	2942
8.085458587	2942
8.085534546	86
8.091889880	2942
8.091890102	2942
8.091966820	86
8.096869864	2942
8.096947378	86
8.103059456	2942
8.103136001	86
8.122318717	2942
8.122318962	2942
8.122319050	1514
8.122395516	86
8.185805809	2942
8.185806034	2942
8.185806102	2942
8.185884656	86
8.192257075	2942
8.192257297	2942
8.192333814	86
8.197231947	2942
8.197309103	86
8.203390034	2942
8.203466814	86
8.222678067	2942
8.222678312	2942
8.222678382	1514
8.222756189	86
8.286177614	2942
8.286177859	2942
8.286177929	1514
8.286254114	86
8.292612135	2942
8.292612358	2942
8.292690755	86
8.297595362	2942
8.297672023	86
8.303711412	2942
8.303787554	86
8.323050269	2942
8.323050515	2942
8.323050585	2942
8.323050655	1514
8.323128921	86
8.386544117	2942
8.386544362	2942
8.386619229	86
8.392978625	2942
8.392978850	2942
8.393053892	86
8.397942079	2942
8.398016611	86
8.404073270	2942
8.404149089	86
8.423420574	2942
8.423420810	2942
8.423420877	2942
8.423420947	2942
8.423497319	86
8.486892850	2942
8.486893097	2942
8.486970231	86
8.493328610	2942
8.493328833	2942
8.493403900	86
8.498300032	2942
8.498375349	86
8.504427027	2942
8.504501694	86
8.523791052	2942
8.523791327	2942
8.523791400	2942
8.523791467	2942
8.523868906	86
8.587252025	2942
8.587252267	2942
8.587330309	86
8.593688785	2942
8.593689010	2942
8.593765782	86
8.598658364	2942
8.598735779	86
8.604785965	2942
8.604862407	86
8.624160565	2942
8.624160822	2942
8.624160892	2942
8.624160962	2942
8.624200494	1514
8.624240079	86
8.687579970	2942
8.687580215	2942
8.687658854	86
8.694037228	2942
8.694037451	2942
8.694114158	86
8.699004095	2942
8.699080274	86
8.705129453	2942
8.705205052	86
8.724511317	2942
8.724511555	2942
8.724511622	2942
8.724511692	2942
8.724550902	1514
8.724591644	86
8.787953665	2942
8.787953912	2942
8.788032292	86
8.794405291	2942
8.794405516	2942
8.794483255	86
8.799365310	2942
8.799441669	86
8.805464495	2942
8.805541262	86
8.824878605	2942
8.824878840	2942
8.824878907	2942
8.824878977	2942
8.824920437	2942
8.824958174	86
8.888304015	2942
8.888304260	2942
8.888381444	86
8.894758136	2942
8.894758356	2942
8.894834938	86
8.899728032	2942
8.899804887	86
8.905827341	2942
8.905903790	86
8.925250342	2942
8.925250580	2942
8.925250665	2942
8.925250735	2942
8.925290887	2942
8.925330272	86
8.988631415	2942
8.988631641	2942
8.988708020	86
8.995107776	2942
8.995108016	2942
8.995185055	86
9.000079870	2942
9.000156024	86
9.006190646	2942
9.006266993	86
9.025621817	2942
9.025622060	2942
9.025622127	2942
9.025622197	2942
9.025662419	2942
9.025662562	1514
9.025701307	86
9.088993600	2942
9.088993823	2942
9.089070873	86
9.095440864	2942
9.095441086	2942
9.095517986	86
9.100443650	2942
9.100521077	86
9.106550183	2942
9.106626488	86
9.125971387	2942
9.125971635	2942
9.125971725	2942
9.125971795	2942
9.126012247	2942
9.126012400	1514
9.126051739	86
9.189349976	2942
9.189350198	2942
9.189426672	86
9.195808974	2942
9.195809214	2942
9.195885606	86
9.200788973	2942
9.200865835	86
9.206899493	2942
9.206975300	86
9.226342045	2942
9.226342268	2942
9.226342335	2942
9.226342405	2942
9.226382760	2942
9.226382912	2942
9.226421352	86
9.289716331	2942
9.289716553	2942
9.289791890	86
9.296171521	2942
9.296171744	2942
9.296249628	86
9.301151100	2942
9.301228030	86
9.307245268	2942
9.307321648	86
9.326713327	2942
9.326713600	2942
9.326713670	2942
9.326713740	2942
9.326754687	2942
9.326754837	2942
9.326754907	1514
9.326794062	86
9.390081911	2942
9.390082153	2942
9.390158685	86
9.396503564	2942
9.396503787	2942
9.396582661	86
9.401514680	2942
9.401590485	86
9.407549997	2942
9.407626051	86
9.427073655	2942
9.427073893	2942
9.427073980	2942
9.427074050	2942
9.427115450	2942
9.427115567	2942
9.427115637	1514
9.427155397	86
9.490451736	2942
9.490451983	2942
9.490529493	86
9.496864849	2942
9.496865072	2942
9.496940564	86
9.501842786	1514
9.507908197	2942
9.507984864	86
9.527447565	2942
9.527447785	2942
9.527447855	2942
9.527447922	2942
9.527489835	2942
9.527489985	2942
9.527490052	2942
9.527490122	1514
9.527526919	86
9.590806458	2942
9.590806683	2942
9.590882933	86
9.597231664	2942
9.597231904	2942
9.597309406	86
9.608275389	2942
9.608350666	86
9.627824298	2942
9.627824525	2942
9.627824593	2942
9.627824663	2942
9.627868037	2942
9.627868177	2942
9.627868252	2942
9.627868322	2942
9.627905519	86
9.691159349	2942
9.691159596	2942
9.691236415	86
9.697599777	2942
9.697599997	2942
9.697676471	86
9.708627302	2942
9.708704339	86
9.728204597	2942
9.728204840	2942
9.728204930	2942
9.728205000	2942
9.728246670	2942
9.728246820	2942
9.728246890	2942
9.728246957	2942
9.728265635	1514
9.728286707	86
9.791488376	2942
9.791488624	2942
9.791566418	86
9.797940660	2942
9.797940890	2942
9.798018924	86
9.808990725	2942
9.809066821	86
9.828549433	2942
9.828549680	2942
9.828549750	2942
9.828549820	2942
9.828595325	2942
9.828595472	2942
9.828595542	2942
9.828595610	2942
9.828613700	1514
9.828628580	86
9.872557371	86
9.891861304	2942
9.891861551	2942
9.891938256	86
9.898311317	2942
9.898311542	2942
9.898388587	86
9.909345137	2942
9.909421104	86
9.928909740	2942
9.928909978	2942
9.928910045	2942
9.928910115	2942
9.928952298	2942
9.928952440	2942
9.928952515	2942
9.928952585	2942
9.928991630	86
9.972839097	2942
9.972914789	86
9.992226801	2942
9.992227046	2942
9.992304321	86
9.998679070	2942
9.998679292	2942
9.998755526	86
10.009704832	2942
10.009781402	86
10.029286893	2942
10.029287128	2942
10.029287198	2942
10.029287268	2942
10.029330160	2942
10.029330308	2942
10.029330378	2942
10.029330448	2942
10.029367610	86
10.073162435	2942
10.073238354	86
10.092549509	2942
10.092549779	2942
10.092626806	86
10.098996205	2942
10.098996425	2942
10.099072339	86
10.110065422	2942
10.110141769	86
10.129664465	2942
10.129664700	2942
10.129664770	2942
10.129664840	2942
10.129706777	2942
10.129706930	2942
10.129707000	2942
10.129707067	2942
10.129746050	86
10.173483695	4370
10.173561547	86
10.192868452	2942
10.192945659	86
10.199335460	2942
10.199358590	98
10.199335683	2942
10.199377720	98
10.210424307	2942
10.210448030	98
10.230037465	2942
10.230037695	2942
10.230037765	2942
10.230037833	2942
10.230079100	2942
10.230079243	2942
10.230079313	2942
10.230079380	2942
10.231184582	98
10.273831853	2942
10.274978287	98
10.293232897	2942
10.294378531	98
10.299650901	2942
10.299651126	2942
10.299686783	86
10.310728490	1514
10.331466895	2942
10.331491307	86
10.331467118	2942
10.331467188	2942
10.331467255	2942
10.331523180	2942
10.331523287	1514
10.331546504	86
10.375252365	2942
10.375329230	86
10.394663752	2942
10.394739084	86
10.399952919	2942
10.399953154	2942
10.400029496	86
10.431765783	2942
10.431766008	2942
10.431766076	2942
10.431766146	2942
10.431808023	2942
10.431808158	2942
10.431846970	86
10.475615890	2942
10.475692080	86
10.495024657	2942
10.495102269	86
10.500290244	2942
10.500290469	2942
10.500368031	86
10.532143098	2942
10.532143320	2942
10.532143410	2942
10.532143478	2942
10.532186620	2942
10.532186765	2942
10.532186835	2942
10.532224755	86
10.575932953	2942
10.576010632	86
10.595329160	2942
10.595406877	86
10.600614879	2942
10.600615102	2942
10.600691454	86
10.632496228	2942
10.632496456	2942
10.632496526	2942
10.632496596	2942
10.632542553	2942
10.632542688	2942
10.632542758	2942
10.632579422	86
10.676276281	2942
10.676276503	2942
10.676353675	86
10.695639858	2942
10.695717650	86
10.700935240	2942
10.700935462	2942
10.701013406	86
10.732872736	2942
10.732872973	2942
10.732873041	2942
10.732873111	2942
10.732916488	2942
10.732916640	2942
10.732916710	2942
10.732953500	86
10.776598646	4370
10.776674978	86
10.796003088	2942
10.796080847	86
10.801278782	2942
10.801279007	2942
10.801355129	86
10.833212806	2942
10.833213041	2942
10.833213136	2942
10.833213203	2942
10.833256668	2942
10.833256813	2942
10.833256881	2942
10.833256951	2942
10.833294175	86
10.834944753	87
10.835040530	86
10.835099940	87
10.876949956	2942
10.876985626	74
10.896365593	2942
10.896389828	74
10.901620508	2942
10.901643745	74
10.901620725	2942
10.901663022	74
10.933561564	2942
10.933584926	74
10.933561801	2942
10.933604436	74
10.933561871	2942
10.933617131	74
10.933561941	2942
10.933626723	74
10.933637663	2942
10.933644528	74
10.933637746	2942
10.933653085	74
10.933637836	4370
10.933662683	74
10.933637903	2942
10.933670790	74
10.935321926	86
10.935355816	90
10.935355961	374
10.935423677	86
10.935524984	90
10.935537264	409
10.935547029	87
10.938940367	86
10.938962645	74
11.035772263	86
11.035772513	87
11.035772585	86
11.035873175	86
11.136004675	86
