0.000000000	94
0.000038622	94
0.010274829	86
0.010340653	123
0.010354973	86
0.010396393	87
0.020552533	86
0.020593344	90
0.020610792	210
0.020637765	86
0.020663200	87
0.031054583	94
0.031091083	94
0.041327597	86
0.041378891	123
0.041393846	86
0.042434773	87
0.042455801	87
0.052655384	86
0.052655604	2942
0.052691337	86
0.052655674	2942
0.052711181	86
0.052655744	2942
0.052721459	86
0.052655812	2942
0.052730029	86
0.052736186	2942
0.052742299	86
0.063009887	2942
0.063033064	98
0.063010112	2942
0.063054939	98
0.063010182	4370
0.063069246	98
0.063010252	4370
0.063080046	98
0.063086591	4370
0.063093566	98
0.063086691	4370
0.063102456	98
0.073332189	2942
0.073356629	98
0.073332409	5798
0.073380469	86
0.073332479	2942
0.073393454	86
0.073400327	2942
0.073408494	86
0.073400427	5798
0.073447711	86
0.083652452	2942
0.083729916	86
0.083795509	2942
0.083795739	2942
0.083795809	2942
0.083795876	2942
0.083835371	2942
0.083835468	2942
0.083873168	86
0.093999907	2942
0.094000140	2942
0.094000207	2942
0.094000277	2942
0.094043937	2942
0.094044082	2942
0.094044154	2942
0.094044224	1514
0.094082407	86
0.104331435	2942
0.104356495	86
0.104331692	2942
0.104376270	86
0.104331780	2942
0.104385844	86
0.104331850	1514
0.104393087	86
0.104331917	2942
0.104404437	2942
0.104404547	2942
0.104404617	2942
0.104417182	86
0.104435269	86
0.114657905	2942
0.114682997	86
0.114658125	2942
0.114703327	98
0.114658192	2942
0.114717099	98
0.114658262	2942
0.114725952	98
0.114730712	2942
0.114737089	98
0.116608611	2942
0.116632788	98
0.117812069	1514
0.117835074	98
0.124944548	2942
0.124968725	98
0.124944770	2942
0.124988647	98
0.124944840	1514
0.125004162	98
0.125022960	1514
0.125033015	86
0.127506229	2942
0.127530947	86
0.128655694	1514
0.128678021	98
0.135264943	2942
0.135289526	98
0.135265168	2942
0.135309835	98
0.135265236	1514
0.135322993	98
0.137815622	2942
0.137840077	98
0.139598384	2942
0.139622844	98
0.144568158	1514
0.144594071	98
0.145576901	1514
0.145604858	86
0.145577128	1514
0.145630091	86
0.148118087	2942
0.148144550	86
0.149825330	2942
0.149851805	86
0.154882296	1514
0.154906851	86
0.155864806	1514
0.155891313	86
0.158427965	2942
0.158454635	86
0.160039196	2942
0.160065746	86
0.160039421	1514
0.160089268	86
0.165119139	2942
0.165144744	86
0.166151452	1514
0.166177362	86
0.168702861	2942
0.168729633	86
0.170262507	2942
0.170289089	86
0.170262732	1514
0.170312212	86
0.175340118	2942
0.175365392	86
0.176400680	1514
0.176426697	86
0.179014683	2942
0.179041618	86
0.180488288	2942
0.180513278	86
0.180488515	1514
0.180531138	86
0.185553158	2942
0.185579113	86
0.186704873	1514
0.186729263	86
0.189313161	2942
0.189338374	86
0.190680891	2942
0.190706481	86
0.190681116	1514
0.190724034	86
0.195755792	2942
0.195779034	86
0.196944756	2942
0.196969446	86
0.199618142	2942
0.199642916	86
0.200908475	2942
0.200933162	86
0.205979163	2942
0.206006528	86
0.207246031	2942
0.207270754	86
0.209909152	2942
0.209934162	86
0.211138273	2942
0.211162983	86
0.217555752	2942
0.217578506	98
0.220212185	2942
0.220236155	98
0.221427106	2942
0.221451338	98
0.227829642	2942
0.227854117	98
0.231738241	2942
0.231771521	86
0.231738469	2942
0.231791556	86
0.238126497	2942
0.238156885	86
0.242007879	2942
0.242038822	86
0.248406038	2942
0.248436453	86
0.248406283	2942
0.248458318	86
0.258734836	2942
0.258765455	86
0.258735056	2942
0.258785823	86
0.258735126	4370
0.258798135	86
0.269029619	2942
0.269060428	86
0.269029841	2942
0.269082483	86
0.269029911	2942
0.269094493	86
0.269029981	1514
0.269102056	86
0.279353621	2942
0.279384231	86
0.279353846	2942
0.279406351	86
0.279353914	2942
0.279418533	86
0.279353984	1514
0.279426178	86
0.289684161	2942
0.289709454	86
0.289684381	2942
0.289731061	86
0.289684449	2942
0.289745781	86
0.289684519	2942
0.289753961	1514
0.289769181	86
0.289784466	86
0.299995449	2942
0.300018419	98
0.299995672	2942
0.300039324	98
0.299995742	2942
0.300052431	98
0.299995809	1514
0.300061319	98
0.310298574	2942
0.310323334	98
0.310298797	2942
0.310347402	86
0.310298889	2942
0.310360854	86
0.320565443	2942
0.320590357	86
0.320565687	2942
0.320611620	86
0.320565775	2942
0.320624649	86
0.330882673	4370
0.330907858	86
0.330882890	2942
0.330929350	86
0.330882960	2942
0.330942882	86
0.341187016	2942
0.341212208	86
0.341187258	2942
0.341233580	86
0.341187326	2942
0.341246518	86
0.341187396	1514
0.341255473	86
0.351506683	2942
0.351533708	86
0.351506891	2942
0.351561010	86
0.351506983	2942
0.351576045	86
0.351507051	1514
0.351587640	86
0.361837374	2942
0.361864141	86
0.361837596	2942
0.361890318	98
0.372146836	2942
0.372170951	106
0.372147059	2942
0.372192246	106
0.380637880	1514
0.380663712	106
0.382451669	1514
0.382479606	98
0.382451891	1514
0.382506206	86
0.382451984	1514
0.382526704	86
0.390940775	1514
0.390966982	86
0.392769387	4370
0.392796562	86
0.401248130	1514
0.401274215	86
0.403087799	2942
0.403110642	98
0.411565825	1514
0.411588640	98
0.413368137	2942
0.413392682	98
0.421855638	1514
0.421882553	98
0.423673888	1514
0.423702435	86
0.423674113	1514
0.423724807	86
0.432139919	1514
0.432164501	86
0.433988671	1514
0.434012828	86
0.442454909	2942
0.442479689	86
0.444294196	2942
0.444319078	86
0.454600446	2942
0.454623506	98
0.464905449	2942
0.464929829	98
0.472572193	1514
0.472596388	98
0.475207749	1514
0.475233762	86
0.482880986	1514
0.482905176	86
0.485450390	1514
0.485474645	86
0.493184086	2942
0.493208919	86
0.495751578	1514
0.495775790	86
0.503495034	2942
0.503519809	86
0.506056895	1514
0.506081243	86
0.513792497	2942
0.513817334	86
0.516357798	1514
0.516382186	86
0.524101935	2942
0.524126642	86
0.526665134	2942
0.526690464	86
0.534394388	2942
0.534419097	86
0.544651923	2942
0.544676791	86
0.544652168	2942
0.544700591	86
0.554967519	2942
0.554997983	86
0.554967769	2942
0.555019928	86
0.565240014	2942
0.565270794	86
0.565240237	2942
0.565292604	86
0.565240327	2942
0.565304214	86
0.575562517	2942
0.575593054	86
0.575562742	2942
0.575614691	86
0.585890750	2942
0.585913764	98
0.585890974	2942
0.585935337	98
0.596202122	2942
0.596226835	98
0.596202345	2942
0.596255804	86
0.606525342	2942
0.606555907	86
0.606525567	2942
0.606577814	86
0.616807175	2942
0.616837660	86
0.616807403	2942
0.616858630	86
0.616807473	1514
0.616871297	86
0.627150995	2942
0.627181870	86
0.627151223	2942
0.627203473	86
0.627151293	1514
0.627213792	86
0.637444901	2942
0.637470061	86
0.637445123	2942
0.637492050	86
0.637445193	1514
0.637503870	86
0.647764424	2942
0.647790096	86
0.647764648	2942
0.647811698	86
0.647764738	1514
0.647823146	86
0.658087444	2942
0.658112509	86
0.658087676	2942
0.658134116	86
0.658087746	2942
0.658147651	86
0.658087814	1514
0.658170018	86
0.668406599	2942
0.668431826	86
0.668406841	2942
0.668453661	86
0.668406911	2942
0.668466458	86
0.668406979	1514
0.668489191	86
0.678729022	2942
0.678754341	86
0.678729247	2942
0.678775874	86
0.678729314	2942
0.678788704	86
0.678729382	1514
0.678812241	86
0.689008647	2942
0.689033827	86
0.689008892	2942
0.689055357	86
0.689008962	2942
0.689068347	86
0.689009032	1514
0.689091146	86
0.699333127	2942
0.699358444	86
0.699333350	2942
0.699380177	86
0.699333420	2942
0.699393207	86
0.699333487	2942
0.699401187	1514
0.699416147	86
0.699430949	86
0.709624763	2942
0.709652105	86
0.709624985	2942
0.709678970	86
0.709625053	2942
0.709625123	2942
0.709697382	1514
0.709698817	86
0.709712795	86
0.719923941	2942
0.719950895	86
0.719924191	2942
0.719976590	86
0.719924261	2942
0.719924328	2942
0.719994638	1514
0.719996082	86
0.720007855	86
0.730251591	1514
0.730278198	86
0.730251798	2942
0.730304830	86
0.730251886	2942
0.730251956	2942
0.730252023	2942
0.730324298	86
0.730335853	86
0.740533079	1514
0.740559683	86
0.740533286	2942
0.740587601	86
0.740533354	2942
0.740603218	86
0.740533424	2942
0.740615178	86
0.740533491	2942
0.740627613	86
0.750859631	2942
0.750886506	86
0.750859854	2942
0.750912768	86
0.750859921	2942
0.750927398	86
0.750859991	2942
0.750941336	86
0.750948978	2942
0.750966898	86
0.750949123	1514
0.750984845	86
0.761188254	2942
0.761215131	86
0.761188474	2942
0.761240921	98
0.761188541	2942
0.761257939	98
0.761188614	1514
0.761269128	106
0.771509219	2942
0.771533929	106
0.771509441	2942
0.771558371	98
0.771509509	2942
0.771577774	86
0.771509579	1514
0.771599671	86
0.781811377	2942
0.781836494	86
0.781811600	1514
0.781856254	86
0.781811667	4370
0.781871836	86
0.781811737	1514
0.781893496	86
0.792103702	2942
0.792128857	86
0.792103965	2942
0.792150439	86
0.792104035	2942
0.792163285	86
0.792104105	2942
0.792186739	86
0.802422767	2942
0.802447715	86
0.802422990	2942
0.802469422	86
0.802423060	2942
0.802482285	86
0.802423130	2942
0.802505850	86
0.812651028	2942
0.812676383	86
0.812651261	2942
0.812697006	86
0.812651328	2942
0.812711048	86
0.822988014	2942
0.823012928	86
0.822988236	2942
0.823033446	86
0.822988306	2942
0.823046516	86
0.822988376	2942
0.823070131	86
0.833284439	2942
0.833309414	86
0.833284666	2942
0.833330963	86
0.833284736	2942
0.833343773	86
0.843604152	2942
0.843627149	98
0.843604374	1514
0.843647284	98
0.843604442	2942
0.843660704	98
0.853900532	2942
0.853927757	86
0.853900754	4370
0.853949299	86
0.864155653	2942
0.864186535	86
0.864155875	2942
0.864207857	86
0.864155945	2942
0.864219507	86
0.874479250	2942
0.874504178	86
0.874479470	2942
0.874525832	86
0.874479540	2942
0.874538900	86
0.884776756	2942
0.884801770	86
0.884776988	2942
0.884823300	86
0.884777058	2942
0.884836048	86
0.895099398	2942
0.895124468	86
0.895099621	2942
0.895145048	98
0.905397344	2942
0.905421454	98
0.905397566	2942
0.905443111	98
0.915708631	2942
0.915735854	86
0.915708854	2942
0.915756506	86
0.926018004	2942
0.926043091	86
0.926018227	2942
0.926064626	86
0.926018294	1514
0.926076051	86
0.936275462	2942
0.936300570	86
0.936275705	2942
0.936321955	86
0.936275775	1514
0.936333380	86
0.946597408	2942
0.946622452	86
0.946597630	2942
0.946644155	86
0.946597700	1514
0.946655752	86
0.956921770	2942
0.956948800	86
0.956922018	2942
0.956976235	86
0.956922088	1514
0.956994562	86
0.967241778	2942
0.967268665	86
0.967242006	2942
0.967295935	86
0.977561413	2942
0.977588163	86
0.977561638	2942
0.977615458	86
0.977561706	2942
0.977630613	86
0.987872531	2942
0.987899471	86
0.987872753	2942
0.987925920	86
0.987872823	2942
0.987941898	86
0.998192851	2942
0.998219896	86
0.998193074	2942
0.998246118	86
0.998193161	2942
0.998260848	86
1.008482204	2942
1.008510861	86
1.008482429	2942
1.008537409	86
1.008482497	2942
1.008557393	86
1.018810554	2942
1.018837682	86
1.018810759	2942
1.018864174	86
1.018810829	2942
1.018879351	86
1.018810897	1514
1.018890826	86
1.018810964	2942
1.018902648	86
1.029117764	2942
1.029143024	86
1.029117987	2942
1.029164879	86
1.029118057	2942
1.029177944	86
1.029118127	2942
1.029186094	1514
1.029200404	86
1.029215104	86
1.039442622	2942
1.039467837	86
1.039442845	2942
1.039489642	86
1.039442912	2942
1.039502524	86
1.039442982	2942
1.039525079	86
1.049745435	2942
1.049768442	98
1.049745660	2942
1.049789052	106
1.049745728	2942
1.049803067	106
1.060028405	1514
1.060054618	98
1.060028625	2942
1.060077538	86
1.060028695	1514
1.060090737	86
1.070332076	4370
1.070355313	98
1.080600731	2942
1.080628081	86
1.080600956	1514
1.080648901	86
1.090919426	2942
1.090944281	86
1.090919649	2942
1.090965586	86
1.101186080	2942
1.101211237	86
1.101186317	2942
1.101232622	86
1.101186387	1514
1.101244174	86
1.111502510	1514
1.111533135	86
1.111502737	2942
1.111555734	86
1.111502807	2942
1.111568489	86
1.121803543	4370
1.121834547	86
1.121803773	2942
1.121856040	86
1.132121995	2942
1.132152998	86
1.132122218	2942
1.132174450	86
1.132122288	1514
1.132184805	86
1.142447211	2942
1.142478048	86
1.142447433	2942
1.142499740	86
1.142447503	2942
1.142511862	86
1.142447573	1514
1.142519415	86
1.152773166	2942
1.152803753	86
1.152773388	2942
1.152825865	86
1.152773458	2942
1.152837950	86
1.152773528	1514
1.152845318	86
1.163098918	2942
1.163129521	86
1.163099143	2942
1.163151466	86
1.163099213	2942
1.163163920	86
1.173367164	2942
1.173392289	86
1.173367389	2942
1.173414018	86
1.173367456	2942
1.173427474	86
1.173367526	1514
1.173435546	86
1.183684337	2942
1.183709644	86
1.183684557	2942
1.183731191	86
1.183684627	2942
1.183743994	86
1.183684694	1514
1.183752244	86
1.194004067	2942
1.194029427	86
1.194004289	2942
1.194050072	98
1.194004359	2942
1.194063202	98
1.194004427	1514
1.194071551	98
1.204329264	2942
1.204329510	2942
1.204329620	2942
1.204371274	86
1.214664155	2942
1.214688647	86
1.214664380	2942
1.214664447	2942
1.214664517	1514
1.214740772	86
1.224944403	2942
1.224969200	86
1.224944648	2942
1.224944718	2942
1.224944788	1514
1.225024194	86
1.235256633	2942
1.235281290	86
1.235256853	2942
1.235256923	2942
1.235256990	1514
1.235335452	86
1.245560726	2942
1.245585491	86
1.245560958	2942
1.245561026	2942
1.245561096	1514
1.245642158	86
1.255885616	2942
1.255908718	98
1.255885838	2942
1.255929196	98
1.255885906	2942
1.255942330	98
1.266207979	2942
1.266232398	98
1.266208201	1514
1.266257203	86
1.266208271	1514
1.276516856	2942
1.276542911	86
1.286833489	2942
1.286860081	86
1.286833736	2942
1.286833806	1514
1.286894896	86
1.297146184	2942
1.297146412	2942
1.297206729	86
1.307499742	2942
1.307499992	2942
1.307500062	1514
1.307561266	86
1.317834982	2942
1.317835204	2942
1.317835274	1514
1.317897459	86
1.328152492	2942
1.328152755	2942
1.328152845	1514
1.328214539	86
1.338505299	2942
1.338505527	2942
1.338505595	2942
1.338505665	2942
1.338571957	86
1.348872909	2942
1.348896129	98
1.348873157	2942
1.348917369	98
1.348873227	2942
1.348930429	98
1.359196480	2942
1.359196702	2942
1.359234959	86
1.359196772	1514
1.369525257	2942
1.369552117	86
1.369525480	2942
1.369586894	86
1.379845240	2942
1.379845490	2942
1.379845562	2942
1.379914125	86
1.390186025	2942
1.390186277	2942
1.390186350	2942
1.390249354	86
1.400523608	2942
1.400523830	2942
1.400523900	2942
1.400585107	86
1.410871725	2942
1.410871973	2942
1.410910100	98
1.410872045	2942
1.410934980	98
1.421178620	2942
1.421203038	98
1.421178925	2942
1.421178995	1514
1.421234247	98
1.431494883	1514
1.431522745	86
1.431495121	2942
1.431559897	86
1.441812573	4370
1.441835553	98
1.452106406	2942
1.452135251	86
1.452106629	1514
1.462428146	2942
1.462453999	86
1.472647177	2942
1.472673429	86
1.472647422	2942
1.472710602	86
1.482966528	2942
1.482966752	2942
1.483027410	86
1.493295678	2942
1.493295950	2942
1.493357257	86
1.503643495	2942
1.503643720	2942
1.503719370	86
1.513985528	2942
1.513985753	2942
1.513995179	2942
1.514088032	86
1.524336361	2942
1.524336614	2942
1.524336681	2942
1.524425182	86
1.534711945	2942
1.534712167	2942
1.534712237	2942
1.534790944	86
1.545057678	2942
1.545057900	1514
1.545057970	2942
1.545058038	1514
1.545134997	86
1.555426790	2942
1.555427012	2942
1.555427082	2942
1.555427150	2942
1.555506619	86
1.565779337	2942
1.565779562	2942
1.565779630	2942
1.565856289	86
1.576140750	2942
1.576163672	98
1.576140972	2942
1.576184934	98
1.576141040	2942
1.576198034	98
1.586459860	2942
1.586486847	86
1.586460082	4370
1.586541724	86
1.596776443	2942
1.596776690	2942
1.596776800	2942
1.596854399	86
1.607140190	2942
1.607140415	2942
1.607140482	2942
1.607218284	86
1.617508375	2942
1.617508597	2942
1.617508665	2942
1.617585999	86
1.627857425	2942
1.627857647	2942
1.627857717	2942
1.627936384	86
1.638226900	2942
1.638227122	2942
1.638227190	2942
1.638227260	2942
1.638305094	86
1.648523950	2942
1.648524175	2942
1.648601714	86
1.658888245	2942
1.658910997	98
1.658888467	2942
1.658932082	98
1.669159048	2942
1.669184330	98
1.669159275	2942
1.669206998	86
1.679483606	4370
1.679506365	98
1.920551708	1514
1.920576251	98
1.930864614	1514
1.930890901	86
1.930864864	2942
1.930944538	86
1.941155731	4370
1.941230491	86
1.951518432	2942
1.951518659	2942
1.951594548	86
1.961879761	2942
1.961879986	2942
1.961955506	86
1.972240254	2942
1.972240476	2942
1.972330483	86
1.982616526	2942
1.982616753	2942
1.982693480	86
1.992928854	2942
1.992929076	2942
1.992929144	2942
1.993006158	86
2.003290321	2942
2.003290546	2942
2.003290614	2942
2.003368296	86
2.013625576	2942
2.013625799	2942
2.013625886	2942
2.013701458	86
2.023963406	2942
2.023963631	2942
2.023963699	2942
2.024041053	86
2.034334216	2942
2.034334436	2942
2.034334524	2942
2.034334594	2942
2.034414953	86
2.044681976	2942
2.044682206	2942
2.044682274	1514
2.044682344	2942
2.044682411	1514
2.044760878	86
2.055046218	2942
2.055046438	2942
2.055046508	2942
2.055046576	2942
2.055126315	86
2.065399266	2942
2.065399491	2942
2.065399561	2942
2.065399629	2942
2.065479196	86
2.075770873	2942
2.075771096	2942
2.075771163	2942
2.075771233	2942
2.075848738	86
2.086137853	2942
2.086138076	2942
2.086138143	2942
2.086138213	2942
2.086178748	2942
2.086178886	1514
2.086217143	86
2.096504901	2942
2.096505133	2942
2.096505203	2942
2.096505271	1514
2.096505338	2942
2.096551438	2942
2.096585190	86
2.106876198	2942
2.106876418	2942
2.106876488	2942
2.106876556	2942
2.106917375	2942
2.106917518	1514
2.106956365	86
2.117204595	2942
2.117204831	2942
2.117204898	2942
2.117204968	2942
2.117244978	1514
2.117258368	98
2.127556428	2942
2.127580728	98
2.127556650	2942
2.127600465	98
2.127556718	2942
2.127556788	2942
2.127617730	2942
2.128238756	98
2.136547595	1514
2.136572133	98
2.137862088	1514
2.137888003	86
2.138503764	2942
2.138528401	86
2.138503986	2942
2.138504054	2942
2.138583981	86
2.146858746	1514
2.148167913	1514
2.148243743	86
2.148766477	1514
2.148766699	2942
2.148766767	2942
2.148766837	1514
2.148841409	86
2.159136797	2942
2.159137022	2942
2.159137092	2942
2.159137159	2942
2.159177259	1514
2.159215979	86
2.169516786	2942
2.169517009	2942
2.169517079	2942
2.169517146	2942
2.169557098	1514
2.169594363	86
2.179862561	2942
2.179862794	2942
2.179862861	2942
2.179862931	2942
2.179903929	1514
2.179942318	86
2.190219054	2942
2.190219276	2942
2.190219344	2942
2.190219414	2942
2.190259206	1514
2.190297813	86
2.200546559	2942
2.200546781	2942
2.200546849	2942
2.200546919	2942
2.200587471	2942
2.200601183	98
2.210898164	2942
2.210922321	98
2.210898384	2942
2.210941981	98
2.210898476	2942
2.210898544	2942
2.210958788	2942
2.211591481	98
2.220599561	1514
2.220625238	98
2.221188374	1514
2.221215557	86
2.221767305	2942
2.221794000	86
2.221767530	2942
2.221767600	2942
2.221832777	86
2.230890437	1514
2.232035636	2942
2.232035858	2942
2.232035928	2942
2.232035998	1514
2.232114070	86
2.242411723	2942
2.242411943	2942
2.242412013	2942
2.242412080	2942
2.242451698	1514
2.242488665	86
2.252678324	2942
2.252678546	2942
2.252678616	2942
2.252718823	98
2.252678684	1514
2.252736843	98
2.263016919	2942
2.263041171	98
2.263017149	2942
2.263017216	2942
2.263017286	1514
2.263074743	98
2.273315674	1514
2.273341941	86
2.273315894	2942
2.273315964	2942
2.273316032	1514
2.273397651	86
2.283605265	4370
2.283605487	2942
2.283605557	2942
2.283682654	86
2.293961190	2942
2.293961414	2942
2.293961482	2942
2.293961552	1514
2.294039929	86
2.304265370	2942
2.304265602	2942
2.304265672	2942
2.304265742	1514
2.304344479	86
2.314633287	2942
2.314633512	2942
2.314633580	2942
2.314711909	86
2.324999152	1514
2.325021512	98
2.324999397	2942
2.325042399	98
2.324999467	2942
2.325055334	98
2.324999537	2942
2.325684500	98
2.335310200	1514
2.335336832	86
2.335310422	2942
2.335391272	86
2.335889143	2942
2.335962582	86
2.345624780	4370
2.345700865	86
2.346229128	1514
2.346250875	98
2.355921033	2942
2.355945080	98
2.356502359	2942
2.356526178	98
2.364593578	1514
2.364618872	98
2.366224193	1514
2.366250436	86
2.366737274	2942
2.366761762	86
2.374904533	1514
2.376503109	1514
2.376526878	86
2.376992953	2942
2.377066602	86
2.386810529	2942
2.386883973	86
2.387309968	2942
2.387310190	1514
2.387382167	86
2.397639448	2942
2.397639673	2942
2.397639740	1514
2.397713842	86
2.407996360	2942
2.407996583	2942
2.407996653	1514
2.408074262	86
2.418362185	2942
2.418362405	2942
2.418362475	2942
2.418362545	1514
2.418441750	86
2.428731893	2942
2.428732138	2942
2.428732208	2942
2.428732275	1514
2.428809605	86
2.439098745	2942
2.439098968	2942
2.439099038	2942
2.439099105	1514
2.439176797	86
2.449470382	2942
2.449470627	2942
2.449470717	2942
2.449470787	1514
2.449548057	86
2.459830180	2942
2.459830402	2942
2.459830470	2942
2.459830540	1514
2.459906452	86
2.470196377	2942
2.470196597	2942
2.470196667	2942
2.470196735	2942
2.470236192	1514
2.470275292	86
2.480519322	2942
2.480519542	2942
2.480519612	1514
2.480519682	2942
2.480519750	2942
2.480599939	86
2.490891492	2942
2.490891715	2942
2.490891785	2942
2.490891852	2942
2.490934437	1514
2.490978932	86
2.501257944	2942
2.501258164	2942
2.501258234	2942
2.501258302	2942
2.501297877	1514
2.501338454	86
2.511595852	2942
2.511596069	2942
2.511596139	2942
2.511636719	98
2.511596209	2942
2.511656694	98
2.511662234	2942
2.511680981	98
2.521901285	2942
2.521901507	2942
2.521901577	2942
2.521943674	98
2.532236600	2942
2.532265327	86
2.532236822	2942
2.532236890	2942
2.532236962	2942
2.532317104	86
2.542560278	2942
2.542560503	2942
2.542560573	2942
2.542560640	2942
2.542612800	1514
2.542625137	86
2.552904905	2942
2.552905140	2942
2.552905230	2942
2.552905298	2942
2.552971122	86
2.563262450	2942
2.563262672	2942
2.563262742	2942
2.563262810	2942
2.563314317	1514
2.563326492	86
2.573556883	2942
2.573557120	2942
2.573557188	2942
2.573557258	2942
2.573623470	86
2.583914393	2942
2.583914615	2942
2.583914685	2942
2.583914753	2942
2.583965358	1514
2.583978665	86
2.594271898	1514
2.594298095	86
2.594272118	2942
2.594272185	2942
2.594272255	2942
2.594333720	86
2.594272323	2942
2.594343845	2942
2.594353865	86
2.594368052	86
2.604566036	2942
2.604566256	2942
2.604566323	2942
2.604566393	2942
2.604618913	2942
2.604619130	2942
2.604631023	86
2.604655512	86
2.614926160	2942
2.614926426	2942
2.614926496	2942
2.614926566	2942
2.614979463	2942
2.614979625	2942
2.614990128	86
2.615015337	86
2.625268603	2942
2.625268825	2942
2.625268893	2942
2.625268963	2942
2.625321055	2942
2.625332903	86
2.625347992	98
2.635606766	2942
2.635631196	98
2.635606991	2942
2.635650183	98
2.635607058	2942
2.635607128	2942
2.636301061	98
2.645930723	2942
2.645959511	86
2.645930948	2942
2.645999578	86
2.646514334	2942
2.646514561	2942
2.646574251	86
2.656236774	2942
2.656237009	2942
2.656308346	86
2.656765690	2942
2.656765912	2942
2.656765982	1514
2.656825067	86
2.666598563	2942
2.666598789	2942
2.666674325	86
2.667051535	2942
2.667051760	2942
2.667051828	1514
2.667126827	86
2.676961201	2942
2.676961446	2942
2.677037203	86
2.687325958	2942
2.687326176	2942
2.687326243	2942
2.687326313	2942
2.687411348	86
2.697707543	2942
2.697730553	98
2.697707760	2942
2.697751230	98
2.697707848	2942
2.697764170	98
2.708011963	4370
2.708039398	86
2.708012186	4370
2.708094048	86
2.718332526	2942
2.718332749	2942
2.718332816	2942
2.718332886	1514
2.718411980	86
2.728672466	2942
2.728672689	2942
2.728672756	2942
2.728672826	2942
2.728750475	86
2.739040428	2942
2.739040658	2942
2.739040726	2942
2.739040796	2942
2.739118035	86
2.749376534	2942
2.749376756	2942
2.749376824	2942
2.749376894	2942
2.749454833	86
2.759720854	2942
2.759721074	2942
2.759721164	2942
2.759721231	2942
2.759797590	86
2.770087933	2942
2.770088153	2942
2.770088223	2942
2.770088291	2942
2.770128576	2942
2.770167040	86
2.780458293	2942
2.780458531	2942
2.780458601	2942
2.780458671	2942
2.780498786	2942
2.780538765	86
2.790834201	2942
2.790834423	2942
2.790834491	2942
2.790875080	98
2.790834561	2942
2.790893878	98
2.801168793	2942
2.801193856	98
2.801169041	2942
2.801169128	1514
2.801223770	98
2.811488881	1514
2.811514593	86
2.811489101	1514
2.811534315	98
2.811489171	2942
2.811548060	86
2.811489238	2942
2.811573615	86
2.821814181	2942
2.821814404	4370
2.821814471	2942
2.821892626	86
2.832141336	2942
2.832164389	98
2.832141561	2942
2.832185503	98
2.842456569	2942
2.842479876	106
2.842456791	1514
2.842501706	106
2.852739422	1514
2.852765202	98
2.852739642	2942
2.852787202	86
2.852739712	2942
2.852820749	86
2.863010605	4370
2.863010830	2942
2.863088299	86
2.873362237	2942
2.873384892	98
2.873362462	2942
2.873405665	98
2.883674070	2942
2.883698038	98
2.883674293	2942
2.883721170	86
2.893984228	2942
2.894007005	98
2.904255486	2942
2.904279673	98
2.912511604	1514
2.912537703	98
2.914556836	1514
2.914584026	86
2.922828126	1514
2.924868519	1514
2.924894124	86
2.935174909	4370
2.935231926	86
2.960509451	1514
3.004315311	86
3.014605636	1514
3.014605886	2942
3.014664283	86
3.024883222	4370
3.024941496	86
3.035226799	2942
3.035282774	86
3.045496015	2942
3.045518525	98
3.055799040	1514
3.055824938	86
3.055799270	1514
3.066105978	1514
3.066129655	86
3.076416863	4370
3.076493818	86
3.086779188	4370
3.086854843	86
3.097139543	4370
3.097217332	86
3.107509858	4370
3.107585392	86
3.117862848	1514
3.117884943	98
3.128135621	1514
3.128159008	98
3.136509073	1514
3.136533255	98
3.138431756	1514
3.138455486	98
3.148667432	1514
3.148689817	98
3.158967107	1514
3.158991690	98
3.169257703	1514
3.169284085	86
3.169257930	1514
3.179573448	2942
3.179598930	86
3.189869346	2942
3.189894098	86
3.189869571	2942
3.189946913	86
3.200137959	2942
3.200138184	2942
3.200215223	86
3.210505724	2942
3.210505946	1514
3.210506016	1514
3.210583231	86
3.220862014	2942
3.220862236	2942
3.220938698	86
3.231224486	2942
3.231224709	2942
3.231224779	2942
3.231302341	86
3.241589714	2942
3.241589936	2942
3.241622791	98
3.251889406	2942
3.251913271	98
3.251889634	2942
3.251932399	98
3.260575244	1514
3.260599293	98
3.262190352	1514
3.262215834	86
3.270868291	2942
3.270892721	86
3.270868531	1514
3.272477075	1514
3.272500767	86
3.281173884	2942
3.281250631	86
3.282780967	2942
3.282781190	1514
3.282854209	86
3.291534242	2942
3.291611689	86
3.293114095	2942
3.293114318	1514
3.293190397	86
3.301875904	2942
3.301949491	86
3.303472355	2942
3.303472577	1514
3.303546644	86
3.312202947	2942
3.312291079	86
3.313811320	2942
3.313811543	1514
3.313885244	86
3.322576174	2942
3.322652301	86
3.324168893	2942
3.324169127	2942
3.324169197	1514
3.324243547	86
3.332881142	2942
3.332958336	86
3.334526030	2942
3.334526252	2942
3.334526322	1514
3.334601512	86
3.343245174	2942
3.343321241	86
3.344851893	2942
3.344852118	2942
3.344852185	1514
3.344924087	86
3.353587529	2942
3.353663751	86
3.355206922	2942
3.355207145	2942
3.355207212	1514
3.355280514	86
3.365532203	2942
3.365555223	98
3.365532428	2942
3.365576212	98
3.365532515	2942
3.365589197	98
3.375850573	2942
3.375850795	2942
3.375888665	86
3.375850865	1514
3.386173646	2942
3.386201460	86
3.386173868	2942
3.386235460	86
3.396465053	2942
3.396465276	2942
3.396465343	2942
3.396533851	86
3.406820898	2942
3.406821124	2942
3.406821194	2942
3.406887463	86
3.417170499	2942
3.417170721	2942
3.417170789	2942
3.417235068	86
3.427522033	2942
3.427522261	2942
3.427522333	2942
3.427522401	2942
3.427587685	86
3.437865726	2942
3.437865949	2942
3.437866019	2942
3.437866086	2942
3.437929578	86
3.448181601	2942
3.448181826	2942
3.448181896	2942
3.448181964	2942
3.448247938	86
3.458542126	2942
3.458542349	2942
3.458542441	4370
3.458542509	1514
3.458605021	86
3.468858471	2942
3.468858699	2942
3.468858769	2942
3.468858839	2942
3.468910071	2942
3.468922991	86
3.468944368	86
3.479217096	2942
3.479217319	2942
3.479217389	2942
3.479217456	2942
3.479269321	2942
3.479280826	86
3.479303315	86
3.489578476	2942
3.489578726	2942
3.489578796	2942
3.489578864	2942
3.489630883	2942
3.489643098	86
3.489664193	86
3.499923231	2942
3.499946329	98
3.499923486	2942
3.499967616	98
3.499923554	2942
3.499980913	98
3.499923624	2942
3.500615996	98
3.510242279	2942
3.510242501	2942
3.510281056	86
3.510242569	1514
3.510800155	2942
3.510826412	86
3.520510734	2942
3.520537074	86
3.520510960	2942
3.520571654	86
3.521051370	2942
3.521051600	2942
3.521110242	86
3.530832022	2942
3.530832245	2942
3.530910709	86
3.531338566	2942
3.531338788	2942
3.531414968	86
3.541154310	2942
3.541154537	2942
3.541232257	86
3.541612901	2942
3.541613124	2942
3.541689018	86
3.551526110	2942
3.551526335	2942
3.551603047	86
3.551884285	2942
3.551884507	2942
3.551959464	86
3.561874305	2942
3.561874530	2942
3.561949996	86
3.562182917	2942
3.562183142	2942
3.562183210	2942
3.562257352	86
3.572236009	2942
3.572236232	2942
3.572323111	86
3.572416946	2942
3.572417168	2942
3.572417238	2942
3.572492028	86
3.582612427	2942
3.582612649	2942
3.582612717	2942
3.582612787	2942
3.582653276	2942
3.582694089	86
3.592927089	2942
3.592927312	2942
3.592960737	98
3.592927382	2942
3.592981004	98
3.592927449	2942
3.592992337	98
3.603259285	2942
3.603259507	2942
3.603259575	1514
3.603259645	1514
3.603915650	98
3.614206533	1514
3.614232960	86
3.614206755	2942
3.614206823	2942
3.614206893	2942
3.614291365	86
3.624494648	1514
3.624494871	2942
3.624494938	2942
3.624535256	98
3.624495008	2942
3.624553743	98
3.634835436	2942
3.634858888	106
3.634835658	1514
3.634882485	98
3.645096339	2942
3.645122966	86
3.645096561	4370
3.645177508	86
3.655416592	2942
3.655416814	2942
3.655416884	2942
3.655495956	86
3.665779494	2942
3.665802146	98
3.665779714	2942
3.665823476	98
3.676053237	2942
3.676077312	98
3.676053459	2942
3.676100787	86
3.686372650	2942
3.686397207	86
3.686372872	2942
3.686451664	86
3.696665068	2942
3.696665313	2942
3.696665380	1514
3.696742999	86
3.707031900	2942
3.707032122	2942
3.707032190	1514
3.707120904	86
3.717353158	2942
3.717353403	2942
3.717353470	1514
3.717431075	86
3.727712413	1514
3.727712635	2942
3.727712705	2942
3.727788424	86
3.738081177	2942
3.738081400	2942
3.738081470	2942
3.738081537	1514
3.738160159	86
3.748410215	2942
3.748410438	2942
3.748410508	2942
3.748410575	1514
3.748489990	86
3.758780187	2942
3.758780410	2942
3.758780480	2942
3.758780547	1514
3.758859489	86
3.769146302	2942
3.769146525	2942
3.769146595	1514
3.769186677	98
3.779481927	2942
3.779505752	98
3.779482150	2942
3.779525599	98
3.779482217	2942
3.780178212	98
3.788541694	1514
3.788568554	98
3.789769753	1514
3.789797485	86
3.790454483	2942
3.790477068	98
3.800078558	2942
3.800102803	98
3.808504877	1514
3.808530574	86
3.818813847	2942
3.818838740	86
3.818814075	1514
3.829096035	2942
3.829120153	86
3.839405353	2942
3.839430145	86
3.839405575	2942
3.839483140	86
3.849717698	2942
3.849717923	2942
3.849793333	86
3.860045911	2942
3.860046133	2942
3.860119925	86
3.870409906	2942
3.870410128	2942
3.870487098	86
3.880751091	2942
3.880751313	2942
3.880751381	2942
3.880827583	86
3.891113708	2942
3.891113931	2942
3.891190210	86
3.901450581	2942
3.901473531	98
3.901450838	2942
3.901492903	98
3.911774854	2942
3.911801653	86
3.922085859	2942
3.922108829	98
3.948555994	1514
3.948578462	98
3.958859177	2942
3.958885767	86
3.969171068	4370
3.969195890	86
3.979476695	2942
3.979501315	86
3.979476920	1514
3.989791125	2942
3.989815433	86
4.000079816	4370
4.000156880	86
4.010449053	2942
4.010449286	2942
4.010449356	1514
4.010525343	86
4.020813008	2942
4.020813286	2942
4.020813376	1514
4.020890668	86
4.031178633	2942
4.031178855	2942
4.031178925	1514
4.031255145	86
4.041544398	2942
4.041544618	2942
4.041544688	1514
4.041620320	86
4.051835426	2942
4.051835648	2942
4.051835716	1514
4.051912033	86
4.062202246	2942
4.062202463	2942
4.062202536	2942
4.062202606	2942
4.062281490	86
4.072507354	2942
4.072507573	2942
4.072507641	2942
4.072507711	2942
4.072586085	86
4.082859086	2942
4.082859316	2942
4.082859386	2942
4.082859456	2942
4.082938543	86
4.093215666	2942
4.093215883	2942
4.093215953	2942
4.093216023	2942
4.093296285	86
4.103591228	2942
4.103591461	2942
4.103591533	2942
4.103591603	2942
4.103671150	86
4.113961975	2942
4.113962198	2942
4.113962265	2942
4.113962335	2942
4.114002803	2942
4.114043598	86
4.124335555	2942
4.124335790	2942
4.124335858	2942
4.124335928	2942
4.124377103	1514
4.124377243	1514
4.124416855	86
4.152500711	1514
4.196316619	86
4.206607539	2942
4.206607762	2942
4.206607829	2942
4.206607899	2942
4.206649691	2942
4.206689053	86
4.216922154	2942
4.216922377	2942
4.216955412	98
4.216922447	2942
4.216974634	106
4.227243074	2942
4.227267187	106
4.227243297	2942
4.227243367	2942
4.227297877	98
4.237520095	2942
4.237547125	86
4.237520317	2942
4.237520385	2942
4.237520455	1514
4.237605627	86
4.247837893	2942
4.247838115	2942
4.247838185	2942
4.247838253	2942
4.247918560	86
4.280501204	1514
4.324316256	86
4.334603349	2942
4.334603574	2942
4.334603641	1514
4.334603711	2942
4.334603779	1514
4.334683593	86
4.344919321	2942
4.344919544	2942
4.344919611	2942
4.344919681	2942
4.344997851	86
4.355287139	2942
4.355287361	2942
4.355287431	2942
4.355287499	2942
4.355367676	86
4.365632719	2942
4.365632941	2942
4.365633009	2942
4.365633079	2942
4.365712586	86
4.375979259	2942
4.376002216	98
4.375979486	2942
4.376023221	98
4.375979574	2942
4.376036239	98
4.375979644	2942
4.376670874	98
4.386296644	2942
4.386323577	86
4.386296869	4370
4.386380244	86
4.386875397	2942
4.386952097	86
4.396579167	2942
4.396579412	1514
4.396579482	2942
4.396656929	86
4.397200493	2942
4.397200715	1514
4.397276395	86
4.406948675	2942
4.406948897	2942
4.407026781	86
4.407500763	2942
4.407500985	2942
4.407577500	86
4.417300470	2942
4.417300697	2942
4.417377756	86
4.417785179	2942
4.417785401	2942
4.417859680	86
4.427640770	2942
4.427640995	2942
4.427718271	86
4.428116324	2942
4.428138841	98
4.437989790	2942
4.438013804	98
4.437990012	2942
4.438034069	98
4.438343172	2942
4.438985222	98
4.448248863	2942
4.448275638	86
4.448249088	2942
4.448331940	86
4.449255540	2942
4.449331235	86
4.458562155	2942
4.458562378	2942
4.458640532	86
4.459608905	2942
4.459609128	1514
4.459685830	86
4.468872723	2942
4.468872948	2942
4.468950765	86
4.469918753	2942
4.469992335	86
4.479239378	2942
4.479262381	98
4.479239606	2942
4.479282820	98
4.480220386	2942
4.480244323	98
4.489549743	1514
4.489575576	86
4.489549968	1514
4.490523854	2942
4.490548259	86
4.499838986	1514
4.500810299	2942
4.500836481	86
4.500810522	2942
4.500871046	86
4.511129500	2942
4.511129724	2942
4.511129792	1514
4.511190536	86
4.521475799	2942
4.521476022	2942
4.521476092	1514
4.521536327	86
4.531821167	2942
4.531843804	98
4.542126892	2942
4.542150442	106
4.552417220	2942
4.552445710	98
4.562734058	1514
4.562761898	86
4.562734280	2942
4.562799022	86
4.573000396	4370
4.573000618	1514
4.573059543	86
4.583345221	2942
4.583345469	2942
4.583404098	86
4.593687591	2942
4.593687816	2942
4.593746508	86
4.604004071	2942
4.604004309	2942
4.604065528	86
4.614354149	2942
4.614354376	2942
4.614354444	2942
4.614415896	86
4.624665974	2942
4.624666249	2942
4.624729409	86
4.635015032	2942
4.635037754	98
4.635015256	2942
4.635058766	98
4.645308912	2942
4.645338437	86
4.645309157	2942
4.645375784	86
4.655629089	2942
4.655629315	2942
4.655629382	1514
4.655689277	86
4.665975877	2942
4.665976124	2942
4.666034782	86
4.676315950	2942
4.676338855	98
4.676316172	2942
4.676360104	98
4.686626422	1514
4.686653972	86
4.686626648	1514
4.686626715	1514
4.686689504	86
4.696906185	2942
4.696963210	86
4.707248038	2942
4.707248263	2942
4.707307338	86
4.717558923	2942
4.717559148	2942
4.717636308	86
4.727895783	2942
4.727896008	2942
4.727973000	86
4.738259708	2942
4.738259933	2942
4.738335495	86
4.748567649	2942
4.748567869	2942
4.748567939	2942
4.748646628	86
4.758933151	2942
4.758933373	2942
4.758933441	2942
4.759011290	86
4.769283913	2942
4.769284158	2942
4.769361793	86
4.779626208	2942
4.779648683	98
4.779626431	2942
4.779669678	98
4.789933611	2942
4.789957731	98
4.800199007	2942
4.800225877	86
4.810509094	2942
4.810533689	86
4.810509320	2942
4.810587636	86
4.820785538	2942
4.820785760	2942
4.820785830	1514
4.820860542	86
4.831145860	2942
4.831146085	2942
4.831146152	1514
4.831223182	86
4.856495944	1514
4.900315241	86
4.910534787	2942
4.910535215	2942
4.910535315	1514
4.910671339	86
4.920918074	2942
4.920918299	2942
4.920918369	1514
4.921004446	86
4.931290311	2942
4.931290534	2942
4.931290601	1514
4.931368928	86
4.941630664	2942
4.941630887	2942
4.941664814	98
4.941630957	2942
4.941686349	98
4.951935317	2942
4.951959587	98
4.951935539	2942
4.951935607	1514
4.951989174	98
4.962249285	1514
4.962275100	86
4.962249507	4370
4.962249575	1514
4.962332206	86
4.972623642	1514
4.972623897	2942
4.972623985	2942
4.972624055	1514
4.972702326	86
4.982990937	2942
4.982991159	2942
4.982991227	2942
4.983069399	86
4.993339919	2942
4.993340164	2942
4.993340254	2942
4.993419231	86
5.003710382	2942
5.003710604	2942
5.003710674	2942
5.003787856	86
5.014077354	2942
5.014077581	2942
5.014077651	2942
5.014077719	2942
5.014153866	86
5.024390767	2942
5.024390989	2942
5.024391059	2942
5.024391127	2942
5.024469166	86
5.034760054	2942
5.034760279	2942
5.034760369	2942
5.034800904	98
5.045033017	2942
5.045056940	98
5.045033240	2942
5.045079659	106
5.055355160	2942
5.055382377	98
5.055355385	2942
5.055403575	86
5.065676800	2942
5.065701460	86
5.065677025	1514
5.075986645	2942
5.076009190	98
5.104492641	1514
5.104514986	98
5.114807147	2942
5.114831049	98
5.114807369	2942
5.115489594	98
5.120472290	1514
5.120500778	98
5.125028130	1514
5.125054332	86
5.125710725	2942
5.125737535	86
5.130733661	1514
5.135983953	2942
5.136010083	86
5.135984181	1514
5.146284686	2942
5.146310928	86
5.146284911	2942
5.146345495	86
5.156597278	2942
5.156597501	2942
5.156597571	1514
5.156673975	86
5.166961219	2942
5.166961441	2942
5.166961508	1514
5.167039863	86
5.177301891	2942
5.177302116	2942
5.177302184	1514
5.177378831	86
5.187668748	2942
5.187668971	2942
5.187669038	1514
5.187745158	86
5.198028013	2942
5.198028236	2942
5.198028303	2942
5.198028373	2942
5.198105940	86
5.208360616	2942
5.208360853	2942
5.208360921	2942
5.208360991	2942
5.208439428	86
5.218724971	2942
5.218725193	2942
5.218725263	2942
5.218802645	86
5.229060748	2942
5.229083518	98
5.229060991	2942
5.229104771	98
5.229061061	2942
5.229117726	98
5.239383681	2942
5.239410551	86
5.239383901	4370
5.239465098	86
5.249701229	2942
5.249701451	2942
5.249701539	2942
5.249776606	86
5.260033629	1514
5.260033851	2942
5.260033921	2942
5.260033989	1514
5.260111788	86
5.270403641	2942
5.270403864	2942
5.270403954	2942
5.270482158	86
5.280741161	2942
5.280741386	2942
5.280741454	2942
5.280820856	86
5.291110296	2942
5.291110521	2942
5.291110591	2942
5.291110659	2942
5.291186496	86
5.301434121	2942
5.301434346	2942
5.301434414	2942
5.301434484	2942
5.301513696	86
5.311788764	2942
5.311788986	2942
5.311821981	98
5.311789054	2942
5.311842176	98
5.322117432	2942
5.322141446	98
5.322117654	2942
5.322117724	1514
5.322171361	98
5.332434997	1514
5.332460919	86
5.332435239	4370
5.332435329	1514
5.332517931	86
5.342754284	4370
5.342754507	2942
5.342754574	1514
5.342835159	86
5.353124452	2942
5.353124697	2942
5.353124764	2942
5.353201973	86
5.363488689	2942
5.363488912	2942
5.363488982	2942
5.363567178	86
5.373845841	2942
5.373868619	98
5.373846064	2942
5.373889649	98
5.384122899	2942
5.384146907	98
5.384123122	2942
5.384169894	86
5.394437900	2942
5.394462407	86
5.394438140	2942
5.394517044	86
5.404741550	2942
5.404741773	2942
5.404741843	1514
5.404820065	86
5.415108530	2942
5.415108752	2942
5.415108840	1514
5.415186052	86
5.425466620	1514
5.425466842	2942
5.425466912	2942
5.425544069	86
5.435806645	2942
5.435806865	2942
5.435806935	1514
5.435884619	86
5.446174650	2942
5.446174872	2942
5.446174942	2942
5.446175010	1514
5.446254979	86
5.456494032	2942
5.456494275	2942
5.456494345	2942
5.456494412	1514
5.456572559	86
5.466858587	2942
5.466858810	2942
5.466892102	98
5.466858880	1514
5.466912434	98
5.477173538	2942
5.477197720	98
5.477173783	2942
5.477173873	1514
5.477227740	98
5.487489775	1514
5.487515968	86
5.487489993	2942
5.487490060	1514
5.487571717	86
5.497804121	4370
5.497804341	2942
5.497883105	86
5.508169580	2942
5.508169803	1514
5.508169870	2942
5.508247855	86
5.518532623	2942
5.518532845	2942
5.518610092	86
5.528845140	2942
5.528867788	98
5.528845363	2942
5.528888505	98
5.539151401	1514
5.539178728	86
5.539151631	1514
5.549422191	1514
5.549444179	98
5.559730852	2942
5.559754656	98
5.568486961	1514
5.568514696	86
5.570032549	1514
5.578793701	1514
5.578818651	86
5.589073884	4370
5.589152723	86
5.599439096	4370
5.599517433	86
5.609800349	4370
5.609878333	86
5.620165106	4370
5.620242738	86
5.630531973	2942
5.630532196	2942
5.630532263	1514
5.630609990	86
5.640854996	2942
5.640855241	2942
5.640855331	1514
5.640932546	86
5.651218136	2942
5.651218359	2942
5.651218429	1514
5.651295850	86
5.661562674	2942
5.661562896	2942
5.661562964	1514
5.661640741	86
5.671904859	2942
5.671905081	2942
5.671905151	1514
5.671982451	86
5.682259776	2942
5.682260006	2942
5.682260074	2942
5.682260144	2942
5.682338548	86
5.692615866	2942
5.692616083	2942
5.692616153	2942
5.692616223	2942
5.692696983	86
5.702990286	2942
5.702990506	2942
5.702990576	2942
5.702990643	2942
5.703071278	86
5.713345778	2942
5.713346001	2942
5.713346068	2942
5.713346138	2942
5.713425490	86
5.723715911	2942
5.723716138	1514
5.723716226	2942
5.723716296	2942
5.723716363	1514
5.723796823	86
5.734086543	2942
5.734086766	2942
5.734086836	2942
5.734086903	2942
5.734166427	86
5.744403263	2942
5.744426588	98
5.744403503	2942
5.744447965	98
5.744403573	2942
5.744460718	98
5.744403641	2942
5.745095516	98
5.754721816	2942
5.754748638	86
5.754722036	4370
5.754805258	86
5.755336934	2942
5.755412238	86
5.764989664	2942
5.764989886	2942
5.765066368	86
5.765615649	2942
5.765615874	2942
5.765691364	86
5.775354176	2942
5.775354404	2942
5.775431631	86
5.775901320	2942
5.775901542	2942
5.775978759	86
5.785694564	1514
5.785694786	2942
5.785771488	86
5.786244632	2942
5.786244865	2942
5.786244935	1514
5.786320869	86
5.796027379	2942
5.796102943	86
5.796531158	2942
5.796531378	2942
5.796531448	2942
5.796605897	86
5.806372932	2942
5.806450588	86
5.806780824	2942
5.806781044	2942
5.806781114	2942
5.806781181	2942
5.806856645	86
5.816727701	2942
5.816805043	86
5.827088144	2942
5.827088366	2942
5.827088434	2942
5.827088504	2942
5.827168961	86
5.837423567	2942
5.837446481	98
5.837423787	2942
5.837467426	98
5.837423857	2942
5.837480389	98
5.837423924	2942
5.838115746	98
5.847739837	2942
5.847766812	86
5.847740057	4370
5.847823884	86
5.848365367	2942
5.848441924	86
5.858059119	2942
5.858059344	2942
5.858136369	86
5.868385512	2942
5.868385729	2942
5.868385799	2942
5.868385867	2942
5.868466679	86
5.878755349	2942
5.878755572	2942
5.878755639	2942
5.878755709	2942
5.878835174	86
5.889122312	2942
5.889122554	2942
5.889122624	2942
5.889122694	2942
5.889202301	86
5.899500789	2942
5.899523276	98
5.899501011	2942
5.899544121	98
5.899501079	2942
5.899556796	98
5.909796872	2942
5.909797102	1514
5.909832397	98
5.920104922	1514
5.920130557	86
5.920105157	2942
5.920105227	2942
5.920187814	86
5.930415687	1514
5.960480345	1514
5.960505119	86
5.970797065	2942
5.970819535	98
5.970797287	2942
5.970841892	98
5.981063288	2942
5.981087080	98
5.981063510	2942
5.981110090	86
5.991381033	2942
5.991407463	86
5.991381253	2942
5.991441803	86
6.001702396	2942
6.001702621	2942
6.001702688	1514
6.001763615	86
6.012031371	2942
6.012054046	98
6.012031598	1514
6.012074748	98
6.022346346	2942
6.022370233	98
6.022346571	1514
6.022395006	98
6.032612957	1514
6.032641082	86
6.032613207	1514
6.042898882	1514
6.042920450	98
6.053164398	2942
6.053188268	98
6.063469845	1514
6.063497765	86
6.063470071	1514
6.073779968	1514
6.073805363	86
6.084084604	4370
6.084141461	86
6.094426594	4370
6.094484036	86
6.104737836	4370
6.104794431	86
6.356497182	1514
6.356516774	98
6.366767802	2942
6.366792187	98
6.377071980	1514
6.377094342	98
6.387374725	1514
6.387402798	86
6.397678126	1514
6.397699971	98
6.407954346	1514
6.407977548	98
6.416473284	1514
6.416500987	86
6.418257672	1514
6.418283364	86
6.426783420	1514
6.426809530	86
6.428563557	1514
6.428589174	86
6.437020581	1514
6.437044745	86
6.438866952	1514
6.438890730	86
6.447325066	1514
6.447349241	86
6.457628846	1514
6.457650654	98
6.467924264	1514
6.467950569	86
6.478233662	2942
6.478258184	86
6.516499272	1514
6.516523117	86
6.526805467	2942
6.526805687	2942
6.526883957	86
6.537170112	2942
6.537170332	2942
6.537248294	86
6.547533257	2942
6.547533480	2942
6.547610954	86
6.557893292	2942
6.557893522	2942
6.557970189	86
6.568236137	2942
6.568236360	2942
6.568327199	86
6.578611994	2942
6.578612217	2942
6.578612287	2942
6.578689399	86
6.588946327	2942
6.588946577	2942
6.588946647	2942
6.589024496	86
6.599315929	2942
6.599316152	2942
6.599316219	2942
6.599395646	86
6.609682569	2942
6.609682812	2942
6.609759379	86
6.620024992	2942
6.620047574	98
6.620025222	2942
6.620068474	98
6.630332292	2942
6.630358904	86
6.640606395	2942
6.640635277	86
6.640606620	2942
6.640606688	1514
6.640689762	86
6.650927660	2942
6.650927965	2942
6.650928033	1514
6.650998972	86
6.661272418	2942
6.661272640	2942
6.661272710	1514
6.661343545	86
6.671627930	2942
6.671628158	2942
6.671628228	1514
6.671698920	86
6.681984918	2942
6.681985135	2942
6.681985202	1514
6.681985272	2942
6.682065479	86
6.692357017	2942
6.692357235	2942
6.692357302	2942
6.692357372	1514
6.692436692	86
6.702723665	2942
6.702723887	2942
6.702723957	1514
6.702763477	98
6.713053925	2942
6.713077745	98
6.713054170	2942
6.713097945	98
6.723364568	2942
6.723391308	86
6.723364790	2942
6.723447165	86
6.733663885	2942
6.733664108	1514
6.733696485	98
6.743956026	2942
6.743980006	98
6.752471544	1514
6.752495894	98
6.754262299	1514
6.754288504	86
6.754262524	1514
6.762778332	1514
6.762801984	86
6.764483947	1514
6.773030800	2942
6.773106572	86
6.783392573	2942
6.783392797	2942
6.783469752	86
6.793730963	2942
6.793731185	2942
6.793806672	86
6.804081638	2942
6.804081860	1514
6.804156827	86
6.814445655	2942
6.814468235	98
6.814445878	2942
6.814489227	98
6.824729348	1514
6.824755213	86
6.824729571	2942
6.824809752	86
6.835044166	4370
6.835044391	1514
6.835121368	86
6.845378748	2942
6.845378971	2942
6.845456268	86
6.855739643	2942
6.855739866	2942
6.855817263	86
6.866083721	2942
6.866083948	2942
6.866160933	86
6.876442708	2942
6.876442931	2942
6.876520433	86
6.886806133	2942
6.886806356	2942
6.886806426	2942
6.886806493	1514
6.886886617	86
6.897173803	2942
6.897174026	2942
6.897174096	1514
6.897213458	98
6.907473918	2942
6.907497491	98
6.907474141	2942
6.907517193	98
6.917765446	1514
6.917765669	2942
6.918424546	98
6.928698429	1514
6.928725159	86
6.928698652	2942
6.928698719	1514
6.928780831	86
6.939015285	4370
6.939015507	2942
6.939093559	86
6.949354652	2942
6.949354875	2942
6.949354945	1514
6.949433954	86
6.959722789	2942
6.959723025	2942
6.959723115	1514
6.959801296	86
6.984471093	1514
7.028316100	86
7.038606625	2942
7.038606848	2942
7.038606915	2942
7.038606985	1514
7.038685827	86
7.048949775	2942
7.048949995	2942
7.048950065	2942
7.048950135	1514
7.049030322	86
7.059321858	2942
7.059322080	2942
7.059322168	2942
7.059322238	1514
7.059402037	86
7.069669020	2942
7.069669240	4370
7.069747207	86
7.080011808	2942
7.080034523	98
7.080012030	2942
7.080054850	98
7.090317483	2942
7.090344228	86
7.090317708	2942
7.090399207	86
7.100638358	2942
7.100638581	2942
7.100638648	1514
7.100698968	86
7.136456818	1514
7.180316026	86
7.190606666	2942
7.190606921	2942
7.190607009	1514
7.190668911	86
7.200947804	2942
7.200948029	2942
7.200948096	1514
7.201008703	86
7.211297341	2942
7.211297589	2942
7.211297676	1514
7.211358386	86
7.221643471	2942
7.221643694	2942
7.221643764	2942
7.221643831	1514
7.221707748	86
7.231980504	2942
7.231980726	2942
7.232019626	98
7.231980816	1514
7.232042903	98
7.242315119	2942
7.242339096	98
7.242315344	2942
7.242315411	1514
7.242370728	98
7.252582500	1514
7.252610449	86
7.252582744	2942
7.252582814	1514
7.252646869	86
7.262903190	4370
7.262959737	86
7.273231650	2942
7.273231922	1514
7.273268250	98
7.283556922	2942
7.283580962	98
7.292481440	1514
7.292508167	98
7.293842490	1514
7.293869943	86
7.293842718	1514
7.304099901	1514
7.304121623	98
7.314408686	2942
7.314432636	98
7.324707912	1514
7.324736469	86
7.324708137	1514
7.364478921	1514
7.364500678	98
7.374784699	2942
7.374808651	98
7.385083264	1514
7.385111416	86
7.385083492	1514
7.395396337	1514
7.395421617	86
7.405693427	2942
7.405749682	86
7.416005025	1514
7.456300115	86
7.466582663	1514
7.466604461	98
7.476849459	1514
7.476875559	98
7.487141682	1514
7.487169692	86
7.487141909	1514
7.497455220	1514
7.497480539	86
7.507744135	4370
7.507821584	86
7.518108735	2942
7.518185152	86
7.528444873	2942
7.528467150	98
7.538747570	1514
7.538773308	86
7.538747798	1514
7.580315997	86
7.590604134	4370
7.590682116	86
7.600966282	4370
7.601043381	86
7.611330777	4370
7.611409719	86
7.621680009	4370
7.621757936	86
7.632016014	4370
7.632092781	86
7.642379022	2942
7.642379244	2942
7.642379314	1514
7.642458254	86
7.652746312	2942
7.652746556	2942
7.652746626	1514
7.652823719	86
7.663113506	2942
7.663113729	2942
7.663113799	1514
7.663191701	86
7.673478679	2942
7.673478926	2942
7.673478994	1514
7.673556666	86
7.683772222	2942
7.683772444	2942
7.683772514	1514
7.683849431	86
7.694135729	2942
7.694135969	2942
7.694136039	2942
7.694136109	2942
7.694214739	86
7.704476051	2942
7.704476274	2942
7.704476344	2942
7.704554381	86
7.714843256	2942
7.714865869	98
7.714843479	2942
7.714888251	98
7.714843566	2942
7.714900639	98
7.725112622	2942
7.725139232	86
7.725112845	4370
7.725195456	86
7.735431875	2942
7.735432095	2942
7.735432162	2942
7.735509622	86
7.745797220	2942
7.745797442	2942
7.745797512	2942
7.745877491	86
7.756165337	2942
7.756165560	2942
7.756165627	2942
7.756243141	86
7.766526779	2942
7.766527002	2942
7.766527069	2942
7.766605791	86
7.776881582	2942
7.776881817	2942
7.776881884	2942
7.776881954	2942
7.776960436	86
7.787249007	2942
7.787249229	2942
7.787249297	2942
7.787249367	2942
7.787326979	86
7.797598559	2942
7.797598779	2942
7.797598847	2942
7.797598917	2942
7.797679481	86
7.807967574	2942
7.807967797	2942
7.807967867	2942
7.807967934	2942
7.808047998	86
7.818350379	2942
7.818372761	98
7.818350601	2942
7.818393039	98
7.818350671	2942
7.818405598	98
7.828636774	2942
7.828663217	86
7.828636999	1514
7.828682109	98
7.838951582	2942
7.838976562	98
7.838951804	2942
7.838998972	86
7.849273942	2942
7.849298395	86
7.849274165	4370
7.849274235	2942
7.849353907	86
7.859588715	2942
7.859588945	2942
7.859589012	2942
7.859589082	2942
7.859668514	86
7.884461292	1514
7.928300092	86
7.938591307	2942
7.938591535	2942
7.938591605	2942
7.938591672	2942
7.938669932	86
7.948936080	2942
7.948936300	2942
7.948936367	2942
7.948936437	2942
7.949015562	86
7.959307907	2942
7.959308142	2942
7.959308212	2942
7.959308282	2942
7.959387191	86
7.969679039	2942
7.969679259	4370
7.969712692	98
7.969679329	2942
7.969732662	98
7.969679397	1514
7.969744004	98
7.979980085	2942
7.980006667	86
7.979980305	2942
7.979980372	2942
7.979980442	1514
7.980064114	86
7.990296607	2942
7.990296830	2942
7.990296897	2942
7.990296967	2942
7.990376069	86
8.000600600	2942
8.000600835	2942
8.000600930	2942
8.000600995	2942
8.000676840	86
8.010962745	2942
8.010962968	2942
8.010963035	2942
8.010963105	2942
8.011041870	86
8.021314753	2942
8.021314990	2942
8.021315058	2942
8.021315128	2942
8.021393592	86
8.031683710	2942
8.031683933	1514
8.031684000	2942
8.031684070	2942
8.031684137	1514
8.031762894	86
8.042052697	2942
8.042052922	2942
8.042052992	2942
8.042053060	2942
8.042098400	98
8.042109072	1514
8.042117787	98
8.052335933	2942
8.052359983	98
8.052336175	2942
8.052336245	2942
8.052336315	2942
8.052383097	1514
8.052393380	98
8.062659318	1514
8.062685560	86
8.062659571	2942
8.062659638	2942
8.062659708	2942
8.062744565	86
8.072970843	4370
8.072971068	2942
8.072971136	2942
8.072971206	1514
8.073033668	86
8.083308578	2942
8.083308803	2942
8.083308871	2942
8.083308941	1514
8.083309008	1514
8.083374993	86
8.093644331	2942
8.093701426	86
8.120443349	1514
8.120465366	98
8.130754699	2942
8.130779012	98
8.130754925	2942
8.130799544	98
8.140452082	1514
8.140478357	98
8.141008530	4370
8.141037092	86
8.141008755	1514
8.150768670	1514
8.150794134	86
8.151231863	2942
8.151286708	86
8.161073515	2942
8.161073742	2942
8.161132577	86
8.161473747	2942
8.161530049	86
8.171418395	2942
8.171418617	2942
8.171477727	86
8.171725198	2942
8.171781097	86
8.181741112	2942
8.181741335	2942
8.181799922	86
8.181966771	2942
8.182021640	86
8.192082345	2942
8.192082570	2942
8.192142000	86
8.192163167	2942
8.192191732	86
8.202434325	2942
8.202434550	2942
8.202434617	1514
8.202434687	1514
8.202489309	98
8.212782237	2942
8.212806017	98
8.212782507	2942
8.212826212	98
8.212782577	2942
8.213480890	98
8.223090040	2942
8.223118640	86
8.223090265	1514
8.223688233	2942
8.223714208	86
8.234002991	2942
8.234025516	98
8.234003231	2942
8.234046738	98
8.244314749	2942
8.244338916	98
8.244314971	2942
8.244364084	86
8.254632859	2942
8.254658847	86
8.254633107	2942
8.254696631	86
8.264935934	2942
8.264936157	2942
8.264936224	1514
8.265015481	86
8.275311989	2942
8.275312212	2942
8.275389596	86
8.300458645	1514
8.300480549	98
8.310772295	2942
8.310795400	106
8.320403262	1514
8.320429642	98
8.321055738	2942
8.321082518	86
8.330714035	1514
8.331320631	2942
8.331344631	86
8.341632173	2942
8.341656501	86
8.341632396	2942
8.341710733	86
8.351942956	2942
8.351943179	2942
8.352020361	86
8.362302429	2942
8.362379161	86
8.372662139	2942
8.372684668	98
8.382962709	2942
8.382989341	86
8.393260599	4370
8.393285529	86
8.403544257	4370
8.403568830	86
8.413836953	4370
8.413861305	86
8.424100198	2942
8.424122421	98
8.434408769	2942
8.434432704	98
8.444448671	1514
8.444474228	86
8.444633872	1514
8.454759426	1514
8.454783056	86
8.465063124	2942
8.465085444	98
8.475376272	1514
8.475397801	106
8.484437421	1514
8.484463861	98
8.485651590	1514
8.485677395	86
8.494724064	1514
8.495927560	1514
8.495950970	86
8.506237278	4370
8.506295153	86
8.516568308	4370
8.516625873	86
8.526908881	4370
8.526965600	86
8.537236663	2942
8.537236933	1514
8.537294835	86
8.547585581	2942
8.547608266	98
8.572449680	1514
8.572472120	98
8.582754466	1514
8.582782733	86
8.582754691	1514
8.593059589	1514
8.593084588	86
8.603365786	2942
8.603443486	86
8.613713237	2942
8.613735466	98
8.623971105	1514
8.623993422	98
8.634272138	1514
8.634298657	86
8.644573970	2942
8.644598003	86
8.654881328	4370
8.654959162	86
8.665231433	4370
8.665308465	86
8.675592966	4370
8.675671020	86
8.685939145	4370
8.686015897	86
8.696254443	1514
8.696254668	1514
8.696287718	98
8.706579461	2942
8.706603583	98
8.706579703	2942
8.706623413	98
8.716405130	1514
8.716431452	86
8.716841769	2942
8.716865841	86
8.727083865	2942
8.727106225	98
8.727084090	1514
8.727126199	98
8.737392535	2942
8.737416060	98
8.737392760	1514
8.737440590	86
8.747694045	2942
8.747718038	86
8.757994528	4370
8.758071533	86
8.768333603	4370
8.768410175	86
8.778695566	4370
8.778772913	86
8.804446792	1514
8.848299941	86
8.858587842	2942
8.858588084	2942
8.858666336	86
8.868927244	2942
8.868949389	98
8.868927472	2942
8.868970131	98
8.879236167	1514
8.879261992	86
8.879236390	2942
8.879317006	86
8.889555100	1514
8.889555320	2942
8.889555390	1514
8.889632942	86
8.899921840	2942
8.899922082	2942
8.900000499	86
8.910265000	2942
8.910265225	2942
8.910342254	86
8.920592975	2942
8.920593220	2942
8.920670302	86
8.930956142	2942
8.930956365	2942
8.930956432	2942
8.931035151	86
8.941297812	2942
8.941298057	1514
8.941298127	2942
8.941298197	1514
8.941377649	86
8.951638947	2942
8.951639170	2942
8.951639237	2942
8.951717622	86
8.962005295	2942
8.962005517	2942
8.962005587	2942
8.962083824	86
8.972326545	2942
8.972326797	2942
8.972326867	2942
8.972404484	86
8.982696295	2942
8.982696515	2942
8.982696582	2942
8.982736619	98
8.982696652	1514
8.982754719	98
8.993002027	2942
8.993025765	98
8.993002250	2942
8.993002317	2942
8.993002387	1514
8.993059465	98
9.003311153	1514
9.003337360	86
9.003311375	2942
9.003393597	86
9.013626990	4370
9.013649658	98
9.023923696	2942
9.023948861	98
9.023923921	1514
9.023970935	86
9.034240601	1514
9.034240823	2942
9.034274806	86
9.034240891	1514
9.044561941	2942
9.044586234	86
9.044562189	2942
9.044640158	86
9.054873319	2942
9.054873541	2942
9.054873611	1514
9.054952346	86
9.065227509	2942
9.065227732	2942
9.065227802	1514
9.065306668	86
9.075593619	2942
9.075593841	2942
9.075593911	1514
9.075672453	86
9.085943114	2942
9.085943336	2942
9.085943404	2942
9.085943474	1514
9.086022206	86
9.096251379	2942
9.096251602	2942
9.096251689	2942
9.096251759	1514
9.096331589	86
9.106618612	2942
9.106618844	2942
9.106618914	2942
9.106618982	1514
9.106698763	86
9.116943767	2942
9.116966409	98
9.116943992	1514
9.116986531	98
9.127255967	2942
9.127279942	98
9.127256189	1514
9.127301762	98
9.137567960	2942
9.137592814	98
9.137568182	1514
9.137613589	98
9.147879795	2942
9.147903400	98
9.147880017	1514
9.147926032	86
9.158196355	5798
9.158221180	86
9.168465778	2942
9.168490426	86
9.168466048	2942
9.168466138	1514
9.168543853	86
9.178778386	2942
9.178778611	2942
9.178837648	86
9.189072769	2942
9.189095381	98
9.189073039	2942
9.189116544	98
9.199377696	1514
9.199405111	86
9.199377919	2942
9.199440849	86
9.209700497	4370
9.209758129	86
9.220005027	2942
9.220027564	98
9.230307032	1514
9.230334317	86
9.230307262	1514
9.240590145	1514
9.240615475	86
9.250898721	4370
9.250955448	86
9.261193126	4370
9.261270331	86
9.271551956	1514
9.271552179	2942
9.271629416	86
9.281913946	4370
9.281991993	86
9.292275848	4370
9.292353750	86
9.302640753	2942
9.302640976	1514
9.302673063	98
9.312959503	2942
9.312983216	98
9.323258674	2942
9.323285176	86
9.333554337	1514
9.333554564	1514
9.333586269	98
9.343847587	2942
9.343871122	98
9.352377450	1514
9.352404000	86
9.568379495	1514
9.568398972	98
9.578683802	2942
9.578708220	86
9.588961238	2942
9.588985525	86
9.599270741	2942
9.599295043	86
9.609578869	2942
9.609603198	86
9.609579091	2942
9.609624531	86
9.619902206	2942
9.619924521	98
9.630205119	2942
9.630229016	98
9.640414407	1514
9.640438447	98
9.640414655	1514
9.640461085	86
9.650730450	2942
9.650754598	86
9.661018858	1514
9.661042878	86
9.661019106	1514
9.661062375	98
9.671329071	2942
9.671352358	98
9.680376710	1514
9.680403028	86
9.681629361	1514
9.681653036	86
9.690685693	1514
9.690711260	86
9.691929744	1514
9.700969544	1514
9.700994998	86
9.711274889	2942
9.711331263	86
9.721616116	2942
9.721616364	2942
9.721675274	86
9.731956079	2942
9.731956326	2942
9.732017706	86
9.764444141	1514
9.808299856	86
9.818600016	2942
9.818600264	2942
9.818600334	2942
9.818663733	86
9.868422810	1514
9.912300242	86
9.922603517	2942
9.922626062	98
9.922603765	2942
9.922647357	98
9.932872158	2942
9.932896290	98
9.932872385	2942
9.932921163	86
9.943189478	2942
9.943215975	86
9.943189725	2942
9.943249582	86
9.953509688	2942
9.953509911	4370
9.953571553	86
9.963858821	2942
9.963859058	2942
9.963859126	1514
9.963920970	86
9.974208701	2942
9.974208926	1514
9.974208993	2942
9.974271178	86
9.984556396	2942
9.984556666	2942
9.984556736	2942
9.984556806	1514
9.984622098	86
9.994904128	2942
9.994960213	86
10.005214061	2942
10.005236478	98
10.015515084	2942
10.015541966	98
10.025826884	2942
10.025853441	98
10.025827109	1514
10.025880426	86
10.036152277	2942
10.036174531	98
10.046465694	2942
10.046489684	98
10.052646535	87
10.052743554	98
10.052798998	87
10.056372798	1514
10.056408495	74
10.063027759	1514
10.063051404	74
10.063075312	90
10.063075539	358
10.063152293	86
10.063244840	90
10.063257218	408
10.063267338	87
10.064364640	86
10.064386994	74
10.073512008	86
10.073512236	87
10.073613875	86
10.083739365	86
10.296304954	86
10.296336706	86
10.512372138	86
10.512410745	86
