0.000000000	94
0.000036284	94
0.100409612	123
0.100462964	86
0.100586003	87
0.200763837	86
0.200764087	90
0.200764159	210
0.200861809	86
0.200908853	87
0.301242561	94
0.301272411	94
0.341864449	86
0.401484755	86
0.401485002	123
0.401531819	86
0.402581874	87
0.402602044	87
0.502758568	86
0.502764723	2942
0.502758818	86
0.502790305	86
0.502764943	2942
0.502811528	86
0.502765013	2942
0.502824213	86
0.502765083	2942
0.502832398	86
0.502837520	2942
0.502854553	86
0.603094036	2942
0.603119071	86
0.603094286	2942
0.603140766	86
0.603094353	2942
0.603153300	86
0.603094423	2942
0.603163760	2942
0.603163863	2942
0.603163950	2942
0.603164020	2942
0.603177018	86
0.603178075	2942
0.603178170	2942
0.603193368	86
0.703393909	2942
0.703419509	86
0.703394141	2942
0.703441309	86
0.703394211	2942
0.703454619	86
0.703394281	2942
0.703466023	2942
0.703466133	2942
0.703466203	2942
0.703466273	2942
0.703476423	86
0.703480648	2942
0.703480743	2942
0.703480816	2942
0.703480888	2942
0.703493443	86
0.703493603	2942
0.703493698	2894
0.703500318	86
0.703505468	86
0.803733207	2942
0.803758586	86
0.803733432	2942
0.803780716	86
0.803733499	2942
0.803794349	86
0.803733569	2942
0.803804869	2942
0.803804966	2942
0.803805039	2942
0.803805111	2942
0.803816678	86
0.803820396	2942
0.803820481	134
0.803820551	2942
0.803820616	2942
0.803820704	2942
0.803833548	86
0.803836163	2942
0.803836266	2942
0.803840343	86
0.803836341	2942
0.803836408	2942
0.803845348	86
0.803850021	86
0.803850583	2942
0.803858751	86
0.803850676	2942
0.803850748	2942
0.803850816	2942
0.803873391	2942
0.803875396	86
0.803881046	86
0.804700860	2942
0.804726667	86
0.807092325	2942
0.807117197	86
0.809572229	2942
0.809597142	86
0.811995492	2942
0.812020767	86
0.814417289	2942
0.814442274	86
0.816839669	2942
0.816864611	86
0.819260474	2942
0.819286474	86
0.821682729	2942
0.821707926	86
0.824106744	2942
0.824131834	86
0.826527771	2942
0.826552611	86
0.828939814	2942
0.828965004	86
0.831349372	2942
0.831374156	86
0.832519338	1514
0.832544615	86
0.904068895	2942
0.904094587	86
0.904069137	2942
0.904116931	86
0.904069227	2942
0.904129139	86
0.904069297	2942
0.904139256	2942
0.904139369	2942
0.904139439	2942
0.904139509	2942
0.904151926	86
0.904154926	4370
0.904154999	2942
0.904155071	2942
0.904155144	2942
0.904168609	86
0.904168449	2942
0.904168526	2942
0.904168596	2942
0.904168666	2942
0.904176031	86
0.904181171	86
0.904181956	2942
0.904188906	86
0.904182049	2942
0.904182119	2942
0.904182189	2942
0.904201318	2942
0.904203024	86
0.904208876	86
0.906161862	2942
0.906186662	86
0.908559277	2942
0.908583964	86
0.910968425	2942
0.910992904	86
0.913437044	2942
0.913462501	86
0.915858974	2942
0.915883464	86
0.918283069	2942
0.918307684	86
0.920705004	2942
0.920729684	86
0.923124376	2942
0.923148856	86
0.925548206	2942
0.925572751	86
0.927970489	2942
0.927995111	86
0.930390041	2942
0.930414656	86
0.932816599	2942
0.932841221	86
0.935203616	2942
0.935228159	86
0.937660328	2942
0.937684893	86
0.940082621	2942
0.940110038	86
0.942504003	2942
0.942528511	86
0.944927776	2942
0.944952363	86
0.947347048	2942
0.947371451	86
0.949772411	2942
0.949797023	86
0.952195486	2942
0.952220128	86
0.954583066	2942
0.954607556	86
0.957038478	2942
0.957063100	86
0.959419561	2942
0.959444146	86
0.961856051	2942
0.961880568	86
0.964307463	2942
0.964333438	86
0.966692323	2942
0.966717090	86
0.969147920	2942
0.969173033	86
0.971514716	2942
0.971539470	86
0.973992938	2942
0.974017740	86
0.976379705	2942
0.976404618	86
0.978838827	2942
0.978864045	86
0.981258655	2942
0.981283445	86
0.983675885	2942
0.983700677	86
0.986105497	2942
0.986130317	86
0.988466478	2942
0.988491703	86
0.990888345	2942
0.990913272	86
0.993341645	2942
0.993365370	98
0.995768947	2942
0.995792980	98
0.998216629	2942
0.998240704	98
1.000615252	2942
1.000639802	98
1.003061837	2942
1.003085984	98
1.005454787	2942
1.005479187	98
1.007882922	2942
1.007906889	98
1.010319499	2942
1.010344767	98
1.012724712	2942
1.012749072	98
1.013960288	1514
1.013982200	98
1.016340201	2942
1.016364195	98
1.018806248	2942
1.018830665	98
1.021230183	2942
1.021255795	98
1.023651218	2942
1.023675345	98
1.026072018	2942
1.026096033	98
1.028497553	2942
1.028521887	98
1.030876928	2942
1.030900850	98
1.033345298	2942
1.033369532	98
1.035763510	2942
1.035786972	98
1.038182607	2942
1.038206447	98
1.040611700	2942
1.040635635	98
1.043029257	2942
1.044161674	98
1.045453400	2942
1.046584432	98
1.047876040	2942
1.049022569	98
1.050298635	2942
1.051429521	98
1.052721860	2942
1.053868604	98
1.055091737	2942
1.056224219	98
1.056314826	1514
1.057460915	98
1.058751143	2942
1.059898842	98
1.061199358	2942
1.062345997	98
1.063590778	2942
1.064736327	98
1.067239879	4370
1.068387251	98
1.070840786	4370
1.071988087	98
1.074467534	4370
1.075598441	98
1.078153353	4370
1.079298657	98
1.081762931	4370
1.082909968	98
1.085423425	4370
1.086554799	98
1.089055014	4370
1.090200933	98
1.092690952	4370
1.093837582	98
1.096318338	4370
1.097449663	98
1.099952227	4370
1.101100136	98
1.103586811	4370
1.104734217	98
1.107223215	4370
1.108355694	98
1.109643752	2942
1.110774334	98
1.113280593	4370
1.114427027	98
1.116915847	4370
1.118061888	98
1.120546078	4370
1.121692394	98
1.124180734	4370
1.125326856	98
1.127812620	4370
1.128960769	98
1.131447041	4370
1.132594315	98
1.135018123	4370
1.136165405	98
1.138710931	4370
1.139861428	98
1.142347195	4370
1.143493882	98
1.145981894	4370
1.147128948	98
1.149614510	4370
1.150755144	98
1.153248106	4370
1.154395983	98
1.156857487	4370
1.158003396	98
1.160503141	4370
1.161649872	98
1.162935738	2942
1.164086207	98
1.166569247	4370
1.167715356	98
1.170202270	4370
1.171348470	98
1.173838932	4370
1.174970436	98
1.177473250	4370
1.178610082	98
1.181107899	4370
1.182239768	98
1.184739075	4370
1.185886012	98
1.188373644	4370
1.189520810	98
1.191993403	4370
1.193139974	98
1.195638761	4370
1.196786858	98
1.199246820	4370
1.200395102	98
1.202905809	4370
1.204053105	98
1.206538717	4370
1.207684654	98
1.210173216	4370
1.211320975	98
1.213808170	4370
1.214939656	98
1.217443733	4370
1.218575520	98
1.221075079	4370
1.222223126	98
1.224708205	4370
1.225854785	98
1.228340879	4370
1.229473176	98
1.231948185	4370
1.233094815	98
1.235607859	4370
1.236754103	98
1.239210360	4370
1.240354677	98
1.242852056	4370
1.244001746	98
1.246507240	4370
1.247654439	98
1.250141616	4370
1.251289438	98
1.253759502	4370
1.254892412	98
1.257410981	4370
1.258542380	98
1.261043720	4370
1.262190469	98
1.264678301	4370
1.265809705	98
1.268313129	4370
1.269444549	98
1.271942555	4370
1.273096327	98
1.275576744	4370
1.276723104	98
1.279167008	4370
1.280295915	98
1.282818117	4370
1.283974898	98
1.286476735	4370
1.287613749	98
1.290111361	4370
1.291257243	98
1.293744023	4370
1.294874687	98
1.296158300	2942
1.296185495	86
1.297372916	1514
1.297397056	86
1.299799119	2942
1.299823729	86
1.301008782	1514
1.301032980	86
1.302220186	1514
1.302244589	86
1.304648461	2942
1.304673143	86
1.305825415	1514
1.305849835	86
1.308218793	2942
1.308243290	86
1.310687622	2942
1.310712240	86
1.311909486	1514
1.311933931	86
1.314334456	2942
1.314358763	86
1.315543015	1514
1.315566894	86
1.316713741	1514
1.316737666	86
1.319131621	2942
1.319155918	86
1.320335050	1514
1.320358987	86
1.322811284	2942
1.322835459	86
1.323981501	1514
1.324006821	86
1.325232559	1514
1.325256672	86
1.327628337	2942
1.327653374	86
1.328867250	1514
1.328891358	86
1.330074354	1514
1.330098292	86
1.332463187	2942
1.332488834	86
1.333712445	1514
1.333736440	86
1.336121238	2942
1.336146223	86
1.337343911	1514
1.338503578	1514
1.338526283	98
1.340977828	2942
1.341001665	98
1.342186856	1514
1.342210151	98
1.344581429	2942
1.344606409	98
1.347035374	2942
1.348166571	98
1.349456199	2942
1.350587645	98
1.351852816	2942
1.352999876	98
1.354301539	2942
1.355432538	98
1.356700749	2942
1.357846823	98
1.359086794	2942
1.360217981	98
1.360319470	1514
1.361449722	98
1.362753992	2942
1.363885404	98
1.365201242	2942
1.366332399	98
1.367596087	2942
1.368742567	98
1.370048197	2942
1.371194864	98
1.372465282	2942
1.373599054	98
1.373613076	1514
1.374754798	98
1.376065836	2942
1.377221382	98
1.377255423	1514
1.378379504	98
1.379712737	2942
1.379969100	98
1.382156167	2942
1.383295236	98
1.384543035	2942
1.385698509	98
1.387001812	2942
1.388141008	98
1.389380502	2942
1.390535214	98
1.391823089	2942
1.392977466	98
1.394269816	2942
1.395408996	98
1.396692721	2942
1.397848230	98
1.399077164	2942
1.400205806	98
1.401501706	2942
1.402647561	98
1.403929749	2942
1.405074836	98
1.405105015	1514
1.406248832	98
1.407594752	2942
1.408725522	98
1.410016635	2942
1.411165792	98
1.411179474	1514
1.412306061	98
1.413647971	2942
1.414778568	98
1.415992057	2942
1.417138171	98
1.418494918	2942
1.419640873	98
1.420900243	2942
1.422047233	98
1.423312528	2942
1.424443220	98
1.424461343	1514
1.425588677	98
1.426974219	2942
1.428104926	98
1.429394532	2942
1.430524891	98
1.431818792	2942
1.432968106	98
1.434224079	2942
1.435369569	98
1.436662412	2942
1.437807688	98
1.439055549	2942
1.440193136	98
1.441461894	2942
1.442593431	98
1.443898654	2942
1.445047231	98
1.446350131	2942
1.447495798	98
1.448746704	2942
1.449895201	98
1.451195446	2942
1.452320323	1514
1.452346111	98
1.454821335	2942
1.455972054	98
1.457249302	2942
1.458395847	98
1.459662990	2942
1.460794302	98
1.462095127	2942
1.463230287	98
1.464464900	2942
1.465595795	98
1.466939727	2942
1.468070139	98
1.469362425	2942
1.470503281	98
1.471792032	2942
1.472938234	98
1.474207679	2942
1.475338756	98
1.476604547	2942
1.477750899	98
1.479001412	2942
1.480128824	98
1.480196584	1514
1.481327681	98
1.482685456	2942
1.483833262	98
1.485107446	2942
1.486254005	98
1.487507383	2942
1.488654272	98
1.489954333	2942
1.491103377	98
1.491116910	1514
1.492241254	98
1.493558097	2942
1.494690721	98
1.495996314	2942
1.497142311	98
1.497159328	1514
1.498286230	98
1.499641813	2942
1.500790927	98
1.500805579	1514
1.501949744	98
1.503248997	2942
1.504380491	98
1.504397468	1514
1.505540360	98
1.506888588	2942
1.508019094	98
1.508032374	1514
1.509158664	98
1.510542349	2942
1.511691093	98
1.511704743	1514
1.512846275	98
1.512922636	1514
1.514065576	98
1.515385934	2942
1.516511613	1514
1.516536793	98
1.518960083	2942
1.520086780	98
1.521435162	2942
1.522583519	98
1.522597239	1514
1.523739528	98
1.525074988	2942
1.526224662	98
1.526238512	1514
1.527380359	98
1.527428604	1514
1.528556256	98
1.529922013	2942
1.531046973	1514
1.531072355	98
1.533554857	2942
1.534679926	1514
1.534706291	98
1.535945715	1514
1.537099879	98
1.538398452	2942
1.539529131	98
1.540795104	2942
1.541941029	98
1.541963566	1514
1.543091385	98
1.544426546	2942
1.545557610	98
1.545619622	1514
1.546763979	98
1.547994745	2942
1.549141362	98
1.550511689	2942
1.551636763	1514
1.551663711	86
1.552924244	1514
1.552948589	86
1.554142250	1514
1.554166435	86
1.555356184	1514
1.555380774	86
1.556501821	1514
1.556526056	86
1.558953533	2942
1.558978185	86
1.560166996	1514
1.560191129	86
1.562592954	2942
1.562617631	86
1.563803603	1514
1.563827583	86
1.565043586	1514
1.565067554	86
1.566220898	1514
1.566244838	86
1.567431559	1514
1.567455739	86
1.569888711	2942
1.569913339	86
1.571080192	1514
1.571104200	86
1.573462308	2942
1.573487407	86
1.574701431	1514
1.574725374	86
1.575910037	1514
1.575934157	86
1.577155368	1514
1.577179553	86
1.578336217	1514
1.578360265	86
1.579567486	1514
1.579592653	86
1.582002066	2942
1.582026683	86
1.583141763	1514
1.583166052	86
1.584373156	1514
1.584397424	86
1.586845813	2942
1.586870633	86
1.587986328	1514
1.588010595	86
1.590451632	2942
1.590476227	86
1.591689558	1514
1.591713811	86
1.592867195	1514
1.592892162	86
1.595324892	2942
1.595350107	86
1.596497016	1514
1.596521753	86
1.597720802	1514
1.597745239	86
1.598930278	1514
1.598954520	86
1.601379788	2942
1.601404930	86
1.603790430	2942
1.603815165	86
1.605013227	1514
1.605037629	86
1.607373282	2942
1.607398097	86
1.608620980	1514
1.608645368	86
1.609830774	1514
1.609855181	86
1.611067383	1514
1.611091817	86
1.613461478	2942
1.613486318	86
1.614660819	1514
1.614685306	86
1.615882395	1514
1.615906818	86
1.618326572	2942
1.618351380	86
1.619544974	1514
1.619569211	86
1.621970058	2942
1.621994866	86
1.623122663	1514
1.623147340	86
1.624333349	1514
1.624357834	86
1.626789709	2942
1.626814616	86
1.627992365	1514
1.628016750	86
1.630407427	2942
1.630432642	86
1.632845832	2942
1.632870757	86
1.634078921	1514
1.634103306	86
1.635293732	1514
1.635318252	86
1.637689172	2942
1.637713847	86
1.638872196	1514
1.638896513	86
1.641335476	2942
1.641360311	86
1.642498735	1514
1.642523185	86
1.643744128	1514
1.643768640	86
1.646194233	2942
1.646219100	86
1.647370980	1514
1.647395157	86
1.649803922	2942
1.649828662	86
1.652215584	2942
1.652240389	86
1.653461208	1514
1.653485970	86
1.654622165	1514
1.654646702	86
1.655852770	1514
1.655877163	86
1.657096167	1514
1.657120546	86
1.658304843	1514
1.658329495	86
1.659463984	1514
1.659488737	86
1.660703245	1514
1.660727848	86
1.661932812	1514
1.661958234	86
1.663122540	1514
1.663146620	86
1.664324857	1514
1.664349101	86
1.666781626	2942
1.666806544	86
1.669207911	2942
1.669233266	86
1.671628686	2942
1.671653966	86
1.672812343	1514
1.672836743	86
1.675260690	2942
1.675285205	86
1.677662270	2942
1.677687097	86
1.678834621	1514
1.678859054	86
1.680025098	1514
1.680049495	86
1.681316568	1514
1.681341081	86
1.683714451	2942
1.683739274	86
1.686161441	2942
1.686186246	86
1.688554596	2942
1.688579388	86
1.691006686	2942
1.691031391	86
1.692189560	1514
1.692214029	86
1.693424328	1514
1.693448583	86
1.694584325	1514
1.694608652	86
1.697062607	2942
1.697087367	86
1.699484239	2942
1.699510209	86
1.701909257	2942
1.701933894	86
1.703081558	1514
1.703105820	86
1.704290642	1514
1.704315549	86
1.705496156	1514
1.705520423	86
1.707934148	2942
1.707968133	86
1.709172452	1514
1.709202089	86
1.710337751	1514
1.710367213	86
1.712784750	2942
1.712813725	86
1.714017716	1514
1.714047504	86
1.715223585	1514
1.715253120	86
1.716377894	1514
1.716407387	86
1.718836636	2942
1.718866599	86
1.719984893	1514
1.720015028	86
1.722460888	2942
1.722491200	86
1.723682286	1514
1.723712084	86
1.724908415	1514
1.724938040	86
1.726129249	1514
1.726158796	86
1.727301705	1514
1.727332398	86
1.728496756	1514
1.728525176	86
1.730972856	2942
1.731002931	86
1.732148975	1514
1.732178957	86
1.733395676	1514
1.733425136	86
1.735821553	2942
1.735851906	86
1.738246626	2942
1.738269408	98
1.739423592	1514
1.739446092	98
1.741852927	2942
1.741876112	106
1.743053261	1514
1.743076663	106
1.745460581	2942
1.745484433	106
1.746717939	1514
1.746740624	106
1.749142127	2942
1.749167289	106
1.751561459	2942
1.751585372	106
1.752775718	1514
1.752799150	106
1.755200123	2942
1.755224618	106
1.756371060	1514
1.756393709	106
1.757619450	1514
1.757642930	106
1.758800512	1514
1.758823514	106
1.761257659	2942
1.761281744	106
1.762464820	1514
1.762487815	106
1.763652627	1514
1.763675224	106
1.766099394	2942
1.766123461	106
1.767284070	1514
1.767307678	106
1.769707268	2942
1.769731355	106
1.770939774	1514
1.770962684	106
1.772089480	1514
1.772113183	106
1.774541713	2942
1.774565875	106
1.775780309	1514
1.775803196	106
1.778207381	2942
1.778231573	106
1.780608066	2942
1.780632246	106
1.781818805	1514
1.781842485	106
1.782996401	1514
1.783019271	106
1.785479453	2942
1.785502948	106
1.786662440	1514
1.786686060	106
1.789112075	2942
1.789136170	106
1.790311458	1514
1.790334206	106
1.791521837	1514
1.791545667	106
1.793942745	2942
1.793966785	106
1.796334782	2942
1.796358870	106
1.798786165	2942
1.798809414	114
1.799975028	1514
1.799997943	114
1.801220954	1514
1.801244684	114
1.802372551	1514
1.802395398	114
1.803617767	1514
1.803641794	114
1.804828233	1514
1.804851278	114
1.806066489	1514
1.806089889	114
1.807277845	1514
1.807300630	114
1.808456977	1514
1.808480722	114
1.809675493	1514
1.809698258	114
1.810910219	1514
1.810933886	114
1.813325812	2942
1.813349854	114
1.814495128	1514
1.814519388	114
1.816969665	2942
1.816993520	114
1.819392273	2942
1.819415803	114
1.821788630	2942
1.821813115	114
1.824203673	2942
1.824228068	114
1.825409904	1514
1.825433311	114
1.826654083	1514
1.826676550	114
1.827837776	1514
1.827862484	114
1.830291379	2942
1.830315424	114
1.832689374	2942
1.832713436	114
1.835134506	2942
1.835158373	114
1.837498262	2942
1.837522361	114
1.838747237	1514
1.838769847	114
1.839959976	1514
1.839983283	114
1.841192512	1514
1.841214992	114
1.843612945	2942
1.843636727	114
1.846037250	2942
1.846061077	114
1.848422510	2942
1.848446567	114
1.850856417	2942
1.850880369	114
1.851998611	1514
1.852021991	114
1.853301792	1514
1.853324214	114
1.855699914	2942
1.855723777	114
1.856933138	1514
1.856956348	114
1.858145367	1514
1.858168149	114
1.860507212	2942
1.860531125	114
1.861775130	1514
1.861798340	114
1.862956637	1514
1.862980142	114
1.864170198	1514
1.864192660	114
1.866627368	2942
1.866651590	114
1.867809299	1514
1.867832579	114
1.869048353	1514
1.869070768	114
1.871446418	2942
1.871470153	114
1.872643239	1514
1.872666724	114
1.873890023	1514
1.873912495	114
1.875077957	1514
1.875101367	114
1.876251988	1514
1.876274760	114
1.878703920	2942
1.878727808	114
1.879918136	1514
1.879941441	114
1.881158147	1514
1.881180887	114
1.883551005	2942
1.883574455	114
1.886006410	2942
1.886030155	114
1.887178039	1514
1.887206584	106
1.888371578	1514
1.888400333	98
1.889611471	1514
1.889633551	98
1.891987251	2942
1.892011584	98
1.894450926	2942
1.894475193	98
1.895692327	1514
1.895715614	98
1.896894136	1514
1.896916453	98
1.898092475	1514
1.898117047	98
1.899323566	1514
1.899346371	98
1.900495577	1514
1.900519055	98
1.902929432	2942
1.902953437	98
1.904133453	1514
1.904156298	98
1.906562593	2942
1.906586071	98
1.909018146	2942
1.909046360	98
1.910207785	1514
1.910231564	98
1.911375118	1514
1.911398206	98
1.912648084	1514
1.912671657	98
1.915058384	2942
1.915082524	98
1.916250413	1514
1.916273195	98
1.917457084	1514
1.917480669	98
1.919889049	2942
1.919913252	98
1.922335177	2942
1.922359059	98
1.923493961	1514
1.923516606	98
1.925977240	2942
1.926001210	98
1.927122152	1514
1.927145472	98
1.928370675	1514
1.928395093	98
1.929569694	1514
1.929596714	86
1.930790168	1514
1.930814645	86
1.931980909	1514
1.932005659	86
1.933239500	1514
1.933263625	86
1.934423329	1514
1.934447814	86
1.935660662	1514
1.935684780	86
1.936834834	1514
1.936859149	86
1.939298696	2942
1.939323608	86
1.941722241	2942
1.941747161	86
1.942870778	1514
1.942895280	86
1.945335615	2942
1.945360850	86
1.946498896	1514
1.946523379	86
1.947776995	1514
1.947801332	86
1.948984073	1514
1.949008548	86
1.951370926	2942
1.951395986	86
1.952591960	1514
1.952616165	86
1.953807608	1514
1.953832378	86
1.956213626	2942
1.956238396	86
1.957430285	1514
1.957454717	86
1.958662423	1514
1.958687831	86
1.959856559	1514
1.959881119	86
1.962313597	2942
1.962338512	86
1.963494718	1514
1.963519051	86
1.964708692	1514
1.964733324	86
1.965916238	1514
1.965946001	86
1.967118197	1514
1.967147724	86
1.968329068	1514
1.968357408	86
1.969575519	1514
1.969605344	86
1.970768676	1514
1.970798130	86
1.971977512	1514
1.972005944	86
1.973210598	1514
1.973240308	86
1.975631040	2942
1.975653665	98
1.976817557	1514
1.976839989	98
1.978052250	1514
1.978075647	98
1.979262709	1514
1.979285179	98
1.980445195	1514
1.980468513	98
1.981660777	1514
1.981683181	98
1.984037949	2942
1.984061924	98
1.985315395	1514
1.985338815	98
1.986493052	1514
1.986515639	98
1.988957936	2942
1.988981918	98
1.991350246	2942
1.991374034	98
1.992550668	1514
1.992573912	98
1.993773154	1514
1.993795486	98
1.994976690	1514
1.995000105	98
1.997421795	2942
1.997445017	98
1.999827243	2942
1.999852050	98
2.001032471	1514
2.001054691	98
2.002276030	1514
2.002299125	98
2.003454514	1514
2.003478186	98
2.004674405	1514
2.004697807	98
2.005876311	1514
2.005898646	98
2.008301418	2942
2.008325318	98
2.009494055	1514
2.009517750	98
2.011939012	2942
2.011966099	98
2.014368370	2942
2.014392192	98
2.015567016	1514
2.015589618	98
2.016784462	1514
2.016808969	98
2.018019268	1514
2.018041348	98
2.020408826	2942
2.020432983	98
2.021645477	1514
2.021668781	98
2.022827363	1514
2.022850213	98
2.025290475	2942
2.025315345	98
2.027686203	2942
2.027710658	98
2.028917014	1514
2.028940439	98
2.031311959	2942
2.031336124	98
2.032495028	1514
2.032517696	98
2.033767819	1514
2.033791289	98
2.034976600	1514
2.034999360	98
2.036155972	1514
2.036179919	98
2.037370015	1514
2.037392628	98
2.038584364	1514
2.038607814	98
2.039792570	1514
2.039814590	98
2.041034146	1514
2.041057701	98
2.042244648	1514
2.042267387	98
2.044645420	2942
2.044669562	98
2.047055200	2942
2.047079802	98
2.048248514	1514
2.048272471	98
2.050698604	2942
2.050722624	98
2.051903977	1514
2.051926685	98
2.053147491	1514
2.053170973	98
2.054332012	1514
2.054354707	98
2.056768415	2942
2.056792487	98
2.057991163	1514
2.058014646	98
2.059175645	1514
2.059198279	98
2.061625765	2942
2.061649292	98
2.062800231	1514
2.062823843	98
2.063982030	1514
2.064004610	98
2.065257531	1514
2.065281073	98
2.067653941	2942
2.067677893	98
2.070104408	2942
2.070128408	98
2.071252627	1514
2.071275257	98
2.072492588	1514
2.072516536	98
2.073709929	1514
2.073732764	98
2.074946510	1514
2.074970078	98
2.076115382	1514
2.076138597	98
2.077370803	1514
2.077394823	98
2.078550177	1514
2.078574022	98
2.079774555	1514
2.079798018	98
2.082216030	2942
2.082239460	98
2.083423984	1514
2.083449479	86
2.084612830	1514
2.084637313	86
2.085824182	1514
2.085848501	86
2.086998293	1514
2.087022613	86
2.088233204	1514
2.088257394	86
2.089448618	1514
2.089473340	86
2.090666267	1514
2.090690434	86
2.091873408	1514
2.091897758	86
2.094328630	2942
2.094356190	86
2.095493252	1514
2.095519379	86
2.096721628	1514
2.096747632	86
2.097929576	1514
2.097955734	86
2.100090258	1514
2.100116616	86
2.101283374	1514
2.101309182	86
2.102493831	1514
2.102519783	86
2.103682505	1514
2.103708244	86
2.106161494	1514
2.106187344	86
2.108493837	1514
2.108519990	86
2.109768473	1514
2.109794895	86
2.112210638	1514
2.112236763	86
2.114645010	2942
2.114671435	86
2.117090975	1514
2.117116797	86
2.118243547	1514
2.118269366	86
2.120640839	1514
2.120666737	86
2.121887105	1514
2.121913212	86
2.123082652	1514
2.123109481	86
2.125471207	1514
2.125495352	86
2.127933939	1514
2.127965881	86
2.129094153	1514
2.129118490	86
2.131616420	2942
2.131642752	86
2.134028787	1514
2.134055142	86
2.135240448	1514
2.135266198	86
2.137637131	1514
2.137663496	86
2.138841142	1514
2.138867080	86
2.141271582	1514
2.141295982	86
2.142492978	1514
2.142519048	86
2.144880356	1514
2.144904816	86
2.147247336	2942
2.147273134	86
2.150950360	2942
2.150977152	86
2.153401942	1514
2.153428309	86
2.154550194	1514
2.154575883	86
2.157070025	1514
2.157095580	86
2.158259407	1514
2.158285016	86
2.159427408	1514
2.159452886	86
2.161881820	1514
2.161906290	86
2.163102654	1514
2.163127221	86
2.167926857	2942
2.167952376	86
2.170380694	2942
2.170405876	86
2.171492411	1514
2.171518081	86
2.173998353	1514
2.174023402	86
2.175221834	1514
2.175246028	86
2.178765688	1514
2.178790115	86
2.179993447	1514
2.180018131	86
2.182428046	2942
2.182452709	86
2.183733172	1514
2.183757507	86
2.184856169	1514
2.184881031	86
2.186082307	1514
2.186106775	86
2.187276191	1514
2.187300604	86
2.188492870	1514
2.188517517	86
2.189674499	1514
2.189698879	86
2.190935520	1514
2.190959632	86
2.192138389	1514
2.192163141	86
2.194579898	2942
2.194604771	86
2.195749065	1514
2.195773477	86
2.197027890	1514
2.197052553	86
2.198176920	1514
2.198201425	86
2.200368611	1514
2.200392861	86
2.201490916	1514
2.201515401	86
2.202766354	1514
2.202790714	86
2.203917858	1514
2.203942436	86
2.206450902	1514
2.206475457	86
2.208736663	1514
2.208761321	86
2.209999309	1514
2.210023799	86
2.212420944	1514
2.212445229	86
2.214911006	2942
2.214936241	86
2.217335448	1514
2.217359706	86
2.218493920	1514
2.218518197	86
2.220937497	1514
2.220962017	86
2.222081794	1514
2.222106141	86
2.223358500	1514
2.223382829	86
2.225722188	1514
2.225747507	86
2.228199130	1514
2.228223710	86
2.229321402	2942
2.229351266	86
2.231894163	2942
2.231924355	86
2.234205604	1514
2.234235276	86
2.235454915	1514
2.235485114	86
2.237868904	1514
2.237898459	86
2.239079096	1514
2.239108715	86
2.241476173	1514
2.241505748	86
2.242735394	1514
2.242765082	86
2.245118032	1514
2.245147584	86
2.247455583	2942
2.247485572	86
2.251259380	2942
2.251289287	86
2.253636340	1514
2.253666015	86
2.254790222	1514
2.254819789	86
2.257313006	1514
2.257342806	86
2.258532170	1514
2.258561834	86
2.259669776	1514
2.259699511	86
2.262149528	1514
2.262179188	86
2.263365122	1514
2.263395125	86
2.268195165	2942
2.268224054	86
2.270620362	2942
2.270650310	86
2.271763469	1514
2.271793246	86
2.274246566	1514
2.274276311	86
2.275521077	1514
2.275550619	86
2.279007191	1514
2.279036791	86
2.280246407	1514
2.280275952	86
2.282672085	2942
2.282702037	86
2.283991278	2942
2.284019770	86
2.285155542	1514
2.285186279	86
2.286326623	1514
2.286356093	86
2.287574809	1514
2.287604847	86
2.288717786	1514
2.288747551	86
2.289916227	1514
2.289946145	86
2.291232858	1514
2.291262760	86
2.292328282	1514
2.292357140	86
2.294831937	2942
2.294862029	86
2.295989076	1514
2.296017193	86
2.297255892	1514
2.297286534	86
2.298444401	1514
2.298469120	86
2.300643115	1514
2.300667304	86
2.301732157	1514
2.301756681	86
2.303027732	1514
2.303052057	86
2.304168362	1514
2.304193214	86
2.306698483	1514
2.306722955	86
2.308993699	1514
2.309018109	86
2.310229525	1514
2.310253885	86
2.312648758	1514
2.312673477	86
2.315218487	2942
2.315243259	86
2.317634776	1514
2.317659099	86
2.318742308	1514
2.318766613	86
2.321170196	1514
2.321195166	86
2.322293988	1514
2.322318490	86
2.323659558	1514
2.323683880	86
2.325953901	1514
2.325978546	86
2.328454763	1514
2.328479103	86
2.329535598	2942
2.329560445	86
2.332176836	2942
2.332204383	86
2.334423515	1514
2.334447942	86
2.335676541	1514
2.335701058	86
2.338118448	1514
2.338143333	86
2.339295894	1514
2.339320304	86
2.341723752	1514
2.341748172	86
2.342991728	1514
2.343016098	86
2.345328961	1514
2.345353335	86
2.347682306	2942
2.347707171	86
2.351493139	2942
2.351517653	86
2.353853559	2942
2.353878244	86
2.355098590	1514
2.355122710	86
2.357529987	1514
2.357554707	86
2.358742278	1514
2.358766553	86
2.359954110	1514
2.359979199	86
2.362403687	1514
2.362429987	86
2.363634936	1514
2.363661358	86
2.368454681	2942
2.368480978	86
2.370921405	2942
2.370948085	86
2.371993020	1514
2.372018667	86
2.374490409	1514
2.374516544	86
2.375805710	1514
2.375831332	86
2.379293812	1514
2.379319962	86
2.380490456	1514
2.380516501	86
2.382926818	2942
2.382953493	86
2.384247449	2942
2.384273528	86
2.385369558	1514
2.385395250	86
2.386546314	1514
2.386572387	86
2.387851170	1514
2.387876725	86
2.389022806	1514
2.389048476	86
2.390193350	1514
2.390219018	86
2.391530198	1514
2.391555848	86
2.392534506	1514
2.392560448	86
2.395142430	2942
2.395168612	86
2.396206667	1514
2.396232442	86
2.397558790	1514
2.397584840	86
2.398655704	1514
2.398681616	86
2.400905773	1514
2.400931383	86
2.401953095	1514
2.401979213	86
2.403320595	1514
2.403346175	86
2.404366533	1514
2.404392218	86
2.406959589	1514
2.406985529	86
2.409220030	1514
2.409244080	86
2.410453204	1514
2.410479226	86
2.412916911	1514
2.412942141	86
2.415516522	2942
2.415542642	86
2.417887180	1514
2.417912462	86
2.418992104	1514
2.419018239	86
2.421405924	1514
2.421431497	86
2.422496966	1514
2.422522726	86
2.423915544	1514
2.423941503	86
2.426173500	1514
2.426200019	86
2.428753776	1514
2.428779063	86
2.429761209	2942
2.429787393	86
2.432452319	2942
2.432478589	86
2.434627786	1514
2.434653748	86
2.435928379	1514
2.435962629	86
2.438329939	1514
2.438355811	86
2.439526860	1514
2.439551135	86
2.443241491	1514
2.443263811	98
2.445530787	1514
2.445555059	98
2.447877527	4370
2.447901745	98
2.451777082	2942
2.451802144	98
2.454142295	2942
2.454166647	98
2.455380696	1514
2.455404123	98
2.457756523	1514
2.457779171	98
2.459046639	1514
2.459070536	98
2.460245090	1514
2.460267668	98
2.462619085	1514
2.462642555	98
2.463903236	1514
2.463927071	98
2.468677869	2942
2.468701784	98
2.471199401	2942
2.471222688	98
2.472245333	1514
2.472269286	98
2.474758250	1514
2.474780885	98
2.476043316	1514
2.476066943	98
2.479526916	1514
2.479549813	98
2.480756552	1514
2.480781049	98
2.483204761	2942
2.483237771	98
2.484493545	2942
2.484517347	98
2.485631464	1514
2.485654164	98
2.486781308	1514
2.486804820	98
2.488110591	1514
2.488133146	98
2.489268810	1514
2.489292247	98
2.490405954	1514
2.490428649	98
2.491801782	1514
2.491825284	98
2.495423975	2942
2.495447440	98
2.496455520	2942
2.496479933	98
2.497860723	1514
2.497883170	98
2.498937690	1514
2.498961087	98
2.502175214	2942
2.502199004	98
2.503602534	1514
2.503625123	98
2.504606819	1514
2.504630426	98
2.507263377	1514
2.507286062	98
2.509451184	1514
2.509474711	98
2.510674037	1514
2.510697460	98
2.513122937	1514
2.513146452	98
2.515803623	2942
2.515827963	98
2.518144718	1514
2.518167738	98
2.521621453	2942
2.521644670	98
2.522766300	1514
2.522789672	98
2.526370093	1514
2.526392393	106
2.529018052	1514
2.529041554	106
2.529992532	2942
2.530016380	106
2.532756817	2942
2.532781457	106
2.534864092	1514
2.534887814	106
2.536207707	1514
2.536231177	106
2.538571805	1514
2.538594265	106
2.539768586	1514
2.539792316	106
2.543538459	1514
2.543560989	106
2.545706223	1514
2.545729463	106
2.548097986	1514
2.548128728	98
2.548098206	2942
2.548148151	98
2.551986850	1514
2.552009830	98
2.554364683	1514
2.554388048	98
2.555641339	1514
2.555665086	98
2.558030797	1514
2.558054079	98
2.560489929	1514
2.560512351	98
2.562914281	1514
2.562937986	98
2.564176665	1514
2.564198982	98
2.568937532	1514
2.568960847	98
2.571503981	1514
2.571527624	98
2.572490112	1514
2.572513744	98
2.574997536	1514
2.575020006	98
2.579743569	1514
2.579766812	98
2.581058050	1514
2.581085032	98
2.583451732	1514
2.583474992	98
2.584756918	2942
2.584780545	98
2.587084489	1514
2.587108093	98
2.588364307	1514
2.588388059	98
2.590613811	1514
2.590636755	98
2.592030378	1514
2.592054450	98
2.595735671	1514
2.595758336	98
2.596678011	2942
2.596701391	98
2.599210143	1514
2.599233798	98
2.602374870	1514
2.602397530	98
2.603874719	1514
2.603898324	98
2.604866622	1514
2.604889249	98
2.609753517	1514
2.609777029	98
2.610873749	1514
2.610896258	98
2.613326926	1514
2.613350498	98
2.616014761	1514
2.616037286	98
2.618375644	1514
2.618399234	98
2.621806109	1514
2.621829047	98
2.622990813	1514
2.623014803	98
2.629322745	1514
2.629348065	86
2.633021583	2942
2.633046340	86
2.635081903	1514
2.635106263	86
2.636489445	1514
2.636513583	86
2.638748482	1514
2.638772926	86
2.639994910	1514
2.640019090	86
2.643811245	1514
2.643835410	86
2.645948524	1514
2.645972797	86
2.648367037	4370
2.648392124	86
2.652244161	1514
2.652268338	86
2.654578202	1514
2.654602522	86
2.655909925	1514
2.655935317	86
2.658276073	1514
2.658300332	86
2.660753127	1514
2.660777527	86
2.663191239	1514
2.663215639	86
2.664446985	1514
2.664471332	86
2.669241545	1514
2.669265775	86
2.671799282	1514
2.671823752	86
2.672752970	1514
2.672777090	86
2.675303832	1514
2.675328097	86
2.679984930	1514
2.680010375	86
2.681324110	1514
2.681349775	86
2.683672883	1514
2.683699273	86
2.685048821	2942
2.685074668	86
2.687363099	1514
2.687388989	86
2.688643660	1514
2.688669230	86
2.690907678	1514
2.690933648	86
2.692304481	1514
2.692330073	86
2.696000562	1514
2.696024601	86
2.696942825	2942
2.696968995	86
2.699512924	1514
2.699538606	86
2.702579986	1514
2.702605881	86
2.704127378	1514
2.704152850	86
2.710020547	2942
2.710047090	86
2.711076905	1514
2.711103130	86
2.713535877	1514
2.713561782	86
2.716310524	1514
2.716336374	86
2.718617618	1514
2.718642957	86
2.722048478	1514
2.722074453	86
2.723238152	1514
2.723263939	86
2.729636843	1514
2.729662863	86
2.733331041	2942
2.733357443	86
2.735331226	1514
2.735356739	86
2.736792586	1514
2.736817766	86
2.738992407	1514
2.739018430	86
2.740260283	1514
2.740286361	86
2.744047933	1514
2.744073911	86
2.746155173	1514
2.746180730	86
2.748669422	2942
2.748695560	86
2.752547199	2942
2.752573941	86
2.754793185	1514
2.754818628	86
2.756205970	1514
2.756231695	86
2.758557836	1514
2.758583290	86
2.761018848	1514
2.761043283	86
2.763478775	1514
2.763503192	86
2.764709944	1514
2.764734426	86
2.769451452	1514
2.772067333	1514
2.772091712	86
2.775606912	2942
2.775683024	86
2.780206404	2942
2.780278921	86
2.781626691	1514
2.783968326	1514
2.783992446	86
2.785309984	2942
2.785390856	86
2.787622507	1514
2.788948120	1514
2.788971950	86
2.791170592	1514
2.792607134	1514
2.792630964	86
2.796233583	1514
2.797219960	1514
2.797243750	86
2.799777242	2942
2.799853496	86
2.802817250	1514
2.804435541	1514
2.804459458	86
2.810311865	2942
2.810388112	86
2.811317168	1514
2.813732506	1514
2.813756288	86
2.816611887	1514
2.818924373	1514
2.818948123	86
2.822284941	1514
2.823519792	1514
2.823543630	86
2.829946193	1514
2.833638881	2942
2.833713293	86
2.835571680	1514
2.837076667	1514
2.837100526	86
2.839205161	1514
2.840559166	1514
2.840582861	86
2.844357986	2942
2.844434953	86
2.846377002	1514
2.848947958	2942
2.849023870	86
2.852860395	2942
2.852933684	86
2.855047449	1514
2.856488521	1514
2.856512468	86
2.858862554	1514
2.861310111	1514
2.861334113	86
2.863781505	1514
2.864985377	1514
2.865009207	86
2.872366571	2942
2.872442693	86
2.875940920	2942
2.876018187	86
2.880521639	2942
2.880595804	86
2.884241187	2942
2.884315327	86
2.885675672	2942
2.885749301	86
2.889193654	2942
2.889268088	86
2.892908777	1514
2.897505819	2942
2.897561511	86
2.900136014	2942
2.900192437	86
2.904742356	2942
2.904799826	86
2.910668488	2942
2.910724900	86
2.913987874	2942
2.914044259	86
2.919196341	2942
2.919252881	86
2.923810756	2942
2.923867688	86
2.934000769	2942
2.934000994	2942
2.934065914	86
2.937355040	2942
2.937411167	86
2.940865734	2942
2.940922594	86
2.944715351	2942
2.944771668	86
2.949310328	2942
2.949310548	2942
2.949374483	86
2.953178610	2942
2.953234407	86
2.956793031	2942
2.956848686	86
2.961495562	2942
2.961567754	86
2.965286410	2942
2.965361359	86
2.972700398	2942
2.972776445	86
2.980872514	2942
2.980872737	2942
2.980950916	86
2.984493516	2942
2.984568198	86
2.986029139	1514
2.989549981	2942
2.989625011	86
2.997842696	2942
2.997842921	2942
2.997917493	86
3.000451840	2942
3.000528724	86
3.005079674	2942
3.005155591	86
3.011008791	2942
3.011084775	86
3.014314872	2942
3.014391414	86
3.019491212	2942
3.019566186	86
3.024127528	2942
3.024202340	86
3.034351487	2942
3.034351712	2942
3.034428599	86
3.037692430	2942
3.037767162	86
3.041138395	2942
3.041214487	86
3.045056004	2942
3.045133971	86
3.049657593	2942
3.049657821	2942
3.049731518	86
3.053513515	2942
3.053589910	86
3.057102814	2942
3.057179886	86
3.061774180	2942
3.061851000	86
3.065641068	2942
3.065716874	86
3.073012089	2942
3.073087068	86
3.081238304	2942
3.081238527	4370
3.081313706	86
3.084740916	2942
3.084817591	86
3.098208711	2942
3.098208936	2942
3.098209006	2942
3.098285116	86
3.100769853	2942
3.100844875	86
3.105384389	2942
3.105461201	86
3.111374098	2942
3.111448756	86
3.114660367	2942
3.114734872	86
3.119830990	2942
3.119906977	86
3.124485788	2942
3.124560995	86
3.134669192	2942
3.134669420	2942
3.134745012	86
3.138003933	2942
3.138080665	86
3.141455563	2942
3.141533912	86
3.145386924	2942
3.145463724	86
3.150018463	2942
3.150018691	2942
3.150018761	2942
3.150096510	86
3.153873083	2942
3.153950302	86
3.157462369	2942
3.157539711	86
3.162075089	2942
3.162153363	86
3.165992885	1514
3.173371727	2942
3.173443591	86
3.181602104	2942
3.181602327	2942
3.181602394	2942
3.181680849	86
3.185025417	2942
3.185100674	86
3.198570304	2942
3.198570526	2942
3.198570596	2942
3.198649108	86
3.201098381	2942
3.201176530	86
3.205739442	2942
3.205817334	86
3.211707699	2942
3.211784451	86
3.214949773	2942
3.215022470	86
3.220191082	2942
3.220267307	86
3.224828651	2942
3.224905598	86
3.235031415	2942
3.235031640	2942
3.235109036	86
3.238366720	2942
3.238443020	86
3.241818668	2942
3.241896465	86
3.245709507	2942
3.245786044	86
3.250375689	2942
3.250375913	2942
3.250375983	2942
3.250376053	1514
3.250454283	86
3.254237228	2942
3.254312210	86
3.257821149	2942
3.257898291	86
3.262325169	2942
3.262401014	86
3.273726444	2942
3.273803549	86
3.281971622	2942
3.281971850	2942
3.281971920	2942
3.282048471	86
3.285325680	2942
3.285403060	86
3.298940734	2942
3.298940959	2942
3.298941027	2942
3.299017498	86
3.301413306	2942
3.301488231	86
3.306085232	2942
3.306159889	86
3.311994169	2942
3.312071946	86
3.315308208	2942
3.315383987	86
3.320488208	2942
3.320563440	86
3.325184934	2942
3.325259271	86
3.335378575	2942
3.335378800	2942
3.335446744	86
3.338702853	2942
3.338778953	86
3.342182188	2942
3.342253015	86
3.346073450	2942
3.346073702	1514
3.346146777	86
3.350697849	2942
3.350698076	2942
3.350698146	2942
3.350775176	86
3.354547241	2942
3.354624258	86
3.362619145	2942
3.362619372	2942
3.362695759	86
3.374086597	2942
3.374162706	86
3.382340162	2942
3.382340387	2942
3.382340457	2942
3.382416882	86
3.385584946	2942
3.385661400	86
3.399283497	2942
3.399283722	2942
3.399283789	2942
3.399357929	86
3.401729609	2942
3.401804441	86
3.406419655	2942
3.406419878	2942
3.406493422	86
3.415665861	2942
3.415688923	98
3.420780771	2942
3.420804868	98
3.425537979	2942
3.425561881	98
3.435682230	2942
3.435706335	98
3.435682458	1514
3.436851852	98
3.438996361	2942
3.440123306	98
3.442537246	2942
3.443683047	98
3.446434155	2942
3.446434382	2942
3.447580787	98
3.451064036	2942
3.451064261	2942
3.451064329	2942
3.452194621	98
3.454860846	2942
3.456009231	98
3.462949673	2942
3.462949898	2942
3.464077255	98
3.474445039	2942
3.475578149	98
3.482689712	2942
3.482689935	2942
3.482690005	2942
3.483836581	98
3.485850274	2942
3.486976164	98
3.499641944	2942
3.499642167	2942
3.499642234	2942
3.500789256	98
3.502088891	2942
3.503229798	98
3.506737685	2942
3.506737980	2942
3.507886037	98
3.515943561	2942
3.517098230	98
3.521039179	2942
3.521067487	86
3.525802957	1514
3.535962166	2942
3.535986641	86
3.540397479	2942
3.540422761	86
3.543965775	1514
3.547844507	2942
3.547869007	86
3.547844730	1514
3.552409399	2942
3.552433992	86
3.552409619	2942
3.552488164	86
3.556299469	2942
3.556374656	86
3.564322088	2942
3.564396877	86
3.575872487	2942
3.575957879	86
3.587261242	2942
3.587338201	86
3.601044232	2942
3.601044452	2942
3.601044522	2942
3.601122379	86
3.603448460	2942
3.603526524	86
3.608171078	2942
3.608171298	2942
3.608247050	86
3.617352051	2942
3.617428303	86
3.621357617	2942
3.621435074	86
3.636265032	2942
3.636341786	86
3.640705234	2942
3.640782166	86
3.648155738	2942
3.648156010	2942
3.648233620	86
3.652717257	4370
3.652717480	2942
3.652796714	86
3.656660351	2942
3.656736671	86
3.664683726	2942
3.664759770	86
3.676245854	2942
3.676322136	86
3.687619859	2942
3.687697441	86
3.701406457	2942
3.701406674	2942
3.701406744	2942
3.701485504	86
3.703717970	2942
3.703794955	86
3.708532563	2942
3.708532785	2942
3.708610522	86
3.717708681	2942
3.717784956	86
3.721719240	2942
3.721793864	86
3.736631611	2942
3.736708858	86
3.741069122	2942
3.741145986	86
3.748486031	2942
3.748486251	2942
3.748562953	86
3.753013883	2942
3.753014103	2942
3.753014190	2942
3.753092967	86
3.757023151	2942
3.757100363	86
3.765041756	4370
3.765116553	86
3.776607109	2942
3.776683119	86
3.787975972	2942
3.788051586	86
3.801772724	2942
3.801772947	2942
3.801773014	2942
3.801851256	86
3.804074170	2942
3.804150890	86
3.808875933	2942
3.808876161	2942
3.808954355	86
3.818068464	2942
3.818145228	86
3.822035198	2942
3.822111549	86
3.836992177	2942
3.837068206	86
3.841361685	2942
3.841437987	86
3.848831613	2942
3.848831833	2942
3.848907558	86
3.853379835	2942
3.853380055	2942
3.853380123	2942
3.853456207	86
3.857353262	2942
3.857429884	86
3.865366381	2942
3.865366608	2942
3.865444225	86
3.876968689	2942
3.877044031	86
3.888315630	1514
3.902138187	2942
3.902138407	2942
3.902138475	2942
3.902217096	86
3.904359616	2942
3.904435123	86
3.909244428	2942
3.909244653	2942
3.909322105	86
3.918403199	2942
3.918480161	86
3.922396995	2942
3.922473517	86
3.937342469	2942
3.937419414	86
3.941702263	2942
3.941779982	86
3.949198516	2942
3.949198738	2942
3.949277465	86
3.953740878	2942
3.953741098	2942
3.953741165	2942
3.953819145	86
3.957682399	2942
3.957758526	86
3.965733556	2942
3.965733801	2942
3.965733869	2942
3.965812636	86
3.977278750	2942
3.977355994	86
4.002489845	2942
4.002490052	2942
4.002490120	4370
4.002570179	86
4.004631234	2942
4.004708126	86
4.009605168	2942
4.009605393	2942
4.009682130	86
4.018728684	2942
4.018805894	86
4.022697626	2942
4.022774703	86
4.037670920	2942
4.037748274	86
4.042064325	2942
4.042140877	86
4.049563926	2942
4.049564171	2942
4.049641870	86
4.054098266	2942
4.054098490	2942
4.054098560	2942
4.054178120	86
4.058040542	2942
4.058116799	86
4.066100389	2942
4.066100633	2942
4.066100701	2942
4.066179720	86
4.077610498	2942
4.077686082	86
4.102806823	2942
4.102807045	2942
4.102807113	2942
4.102884494	86
4.104960877	2942
4.104961105	1514
4.105037999	86
4.109965516	2942
4.110040015	86
4.119070302	2942
4.119092939	98
4.123061783	2942
4.123085708	98
4.138030360	2942
4.138054410	98
4.142397150	2942
4.143543145	98
4.149930141	2942
4.151061205	98
4.154465546	2942
4.154465766	2942
4.154465836	2942
4.155610277	106
4.158348278	2942
4.159494859	106
4.166448784	2942
4.166449004	2942
4.166449071	2942
4.167580346	106
4.177973868	2942
4.179120782	106
4.203175700	2942
4.203175920	2942
4.203175988	2942
4.204307309	106
4.205306835	2942
4.205307062	2942
4.206438304	106
4.210227492	2942
4.211374753	106
4.219367780	1514
4.220497600	106
4.223341584	2942
4.223368804	98
4.238290041	1514
4.238313563	98
4.243832435	2942
4.243856383	98
4.251349828	1514
4.252496418	98
4.259779845	2942
4.259807150	86
4.267870359	2942
4.267896464	86
4.267870641	2942
4.267870711	2942
4.267929961	86
4.267957758	86
4.279384063	2942
4.279440062	86
4.304602818	2942
4.304603038	2942
4.304603108	2942
4.304665114	86
4.306709845	2942
4.306710070	2942
4.306770067	86
4.311658836	2942
4.311714788	86
4.320782130	1514
4.323654592	2942
4.323730341	86
4.338598671	1514
4.344136036	2942
4.344211778	86
4.352778603	1514
4.360038456	2942
4.360110923	86
4.368186674	2942
4.368186894	2942
4.368186962	2942
4.368265911	86
4.379714140	2942
4.379789853	86
4.404953695	2942
4.404953915	2942
4.404953983	2942
4.405032677	86
4.406991638	2942
4.406991860	2942
4.407069140	86
4.411969894	2942
4.412046764	86
4.423991787	2942
4.424067964	86
4.444442554	2942
4.444442776	2942
4.444518423	86
4.460398918	2942
4.460399143	2942
4.460474115	86
4.468547939	2942
4.468548157	2942
4.468548227	2942
4.468626824	86
4.480077078	2942
4.480154210	86
4.505269900	2942
4.505270120	2942
4.505270188	2942
4.505348347	86
4.507357143	2942
4.507357363	2942
4.507434480	86
4.512333442	2942
4.512410596	86
4.524314122	2942
4.524390002	86
4.544792914	2942
4.544793134	2942
4.544793202	1514
4.544872001	86
4.560733266	2942
4.560733491	2942
4.560811828	86
4.568886304	2942
4.568886524	2942
4.568886592	2942
4.568964814	86
4.580410176	2942
4.580486480	86
4.605640636	2942
4.605640878	2942
4.605640946	2942
4.605718200	86
4.607714781	2942
4.607715001	2942
4.607790775	86
4.612692467	2942
4.612768989	86
4.624672948	2942
4.624749742	86
4.645168462	2942
4.645191194	98
4.645168689	2942
4.645210639	98
4.661095266	2942
4.661119051	98
4.661095491	2942
4.662264928	98
4.669254432	2942
4.669254652	2942
4.669254719	2942
4.670401856	98
4.680769656	2942
4.681916060	98
4.706008938	4370
4.706009168	2942
4.707155677	98
4.708038013	2942
4.708038241	2942
4.709186220	98
4.713000602	2942
4.714147772	98
4.725034540	2942
4.726180747	98
4.745456560	2942
4.746602004	98
4.761337160	2942
4.761364367	86
4.761337384	1514
4.762552481	2942
4.762576733	86
4.782203503	2942
4.782227841	86
4.807442410	2942
4.807466818	86
4.807442630	2942
4.807442698	1514
4.807520740	86
4.809449891	2942
4.809450113	2942
4.809527980	86
4.814435017	2942
4.814510827	86
4.826443725	2942
4.826520027	86
4.846849307	2942
4.846905487	86
4.861647310	2942
4.861702880	86
4.862811092	2942
4.862867189	86
4.882478259	2942
4.882534391	86
4.907756108	2942
4.907756373	2942
4.907815073	86
4.909815058	2942
4.909837328	98
4.909815281	2942
4.909856353	98
4.914790515	2942
4.914814707	98
4.926776123	2942
4.927924962	98
4.947193752	2942
4.947193977	2942
4.947984204	98
4.961984235	2942
4.963122832	98
4.963138359	2942
4.964283059	98
4.982790389	2942
4.983936764	98
5.008103699	2942
5.008103946	2942
5.009250360	98
5.010125049	2942
5.010125271	1514
5.010160941	86
5.010125341	1514
5.015061408	1514
5.015085285	86
5.048236323	2942
5.048259182	98
5.063381788	2942
5.063405770	98
5.064555054	1514
5.064577604	98
5.109534491	2942
5.109534736	2942
5.110435222	2942
5.110663605	98
5.115312212	2942
5.116460248	98
5.148520613	2942
5.149666967	98
5.157766466	1514
5.157791171	98
5.163686651	1514
5.163713151	86
5.163686878	1514
5.203984646	86
5.210953133	4370
5.210953353	1514
5.211030140	86
5.216750359	2942
5.216826731	86
5.249956603	2942
5.250032850	86
5.258070722	1514
5.263995594	1514
5.264072478	86
5.304269132	1514
5.311302061	2942
5.311302281	2942
5.311379105	86
5.317105384	2942
5.317182026	86
5.350318351	2942
5.350394920	86
5.364354351	2942
5.364430161	86
5.411643719	2942
5.411643961	2942
5.411644051	2942
5.411721868	86
5.417441992	2942
5.417518811	86
5.450653133	2942
5.450729625	86
5.464687024	2942
5.464764441	86
5.511984769	2942
5.511984989	2942
5.511985056	2942
5.512062758	86
5.517802032	2942
5.517877339	86
5.550969774	2942
5.551046858	86
5.565046802	2942
5.565047027	1514
5.565123106	86
5.612354584	2942
5.612354804	2942
5.612354871	2942
5.612431498	86
5.618139322	2942
5.618214639	86
5.651330871	2942
5.651407413	86
5.665350660	2942
5.665427867	86
5.712680524	2942
5.712680744	2942
5.712680812	2942
5.712758904	86
5.718496745	2942
5.718573519	86
5.751673292	2942
5.751749844	86
5.765711145	2942
5.765789202	86
5.813047477	2942
5.813047697	2942
5.813047764	2942
5.813125416	86
5.818859457	2942
5.818936227	86
5.852006357	2942
5.852082726	86
5.866072270	2942
5.866149280	86
5.913358125	2942
5.913358345	2942
5.913358412	2942
5.913358482	2942
5.913437952	86
5.919183175	1514
5.952368255	2942
5.952392944	86
6.013725455	2942
6.013748555	98
6.013725690	2942
6.013768860	98
6.013725757	2942
6.013782177	98
6.013725827	2942
6.014904056	98
6.052668190	2942
6.052668435	2942
6.053815117	98
6.114037083	2942
6.114064157	86
6.114037333	1514
6.115189072	2942
6.115214434	86
6.154105775	2942
6.154130485	86
6.154106020	2942
6.154183679	86
6.214299501	2942
6.214355338	86
6.215479712	2942
6.215535324	86
6.254398663	2942
6.254398923	2942
6.254398995	2942
6.254464827	86
6.314612104	2942
6.314667991	86
6.315810245	2942
6.315867800	86
6.354728056	2942
6.354728316	2942
6.354728386	2942
6.354728456	1514
6.354792508	86
6.414914514	1514
6.416130708	2942
6.416187393	86
6.455052406	2942
6.455052641	2942
6.455052711	2942
6.455052781	2942
6.455119756	86
6.516473286	2942
6.516473531	2942
6.516534803	86
6.555409649	2942
6.555409881	2942
6.555409951	2942
6.555410021	2942
6.555475573	86
6.616798489	2942
6.616798736	2942
6.616875753	86
6.655724709	2942
6.655724972	2942
6.655725042	2942
6.655725112	2942
6.655805819	86
6.717165736	2942
6.717165964	2942
6.717242196	86
6.756101916	2942
6.756102159	2942
6.756102229	2942
6.756102299	4370
6.756182443	86
6.817533069	2942
6.817533314	2942
6.817611156	86
6.856473132	2942
6.856473409	2942
6.856473497	2942
6.856473567	2942
6.856513426	1514
6.856552414	86
6.917903386	2942
6.917903634	2942
6.917979601	86
6.956834167	2942
6.956834389	2942
6.956834459	2942
6.956834529	2942
6.956874921	1514
6.956913949	86
7.018254374	2942
7.018254599	2942
7.018332181	86
7.057196884	2942
7.057197137	2942
7.057197207	2942
7.057197274	2942
7.057237344	1514
7.057278091	86
7.118588652	2942
7.118588904	2942
7.118665766	86
7.157565442	2942
7.157565712	2942
7.157565779	2942
7.157565849	2942
7.157606686	2942
7.157647614	86
7.218956382	2942
7.218956609	2942
7.219032594	86
7.257943634	2942
7.257943912	2942
7.257943989	2942
7.257944059	2942
7.257984584	2942
7.258024154	86
7.319294104	2942
7.319294354	2942
7.319371509	86
7.358318407	2942
7.358318674	2942
7.358318744	2942
7.358318814	2942
7.358360316	2942
7.358360441	1514
7.358399039	86
7.419661512	2942
7.419661760	2942
7.419738684	86
7.458663949	2942
7.458664189	2942
7.458664257	2942
7.458664327	2942
7.458706052	2942
7.458706164	1514
7.458745481	86
7.520026777	2942
7.520027027	2942
7.520103427	86
7.559001982	2942
7.559002220	2942
7.559002292	2942
7.559002360	2942
7.559046269	2942
7.559046432	2942
7.559083906	86
7.620392975	2942
7.620393225	2942
7.620471019	86
7.659378579	2942
7.659378842	2942
7.659378912	2942
7.659378982	2942
7.659422579	2942
7.659422699	2942
7.659459559	86
7.720759075	2942
7.720759325	2942
7.720837524	86
7.759696242	2942
7.759696482	2942
7.759696550	2942
7.759696620	2942
7.759743410	98
7.759756125	2942
7.759765617	98
7.759756242	1514
7.759786839	98
7.821128625	2942
7.821128870	2942
7.822275696	98
7.860042803	2942
7.860043045	2942
7.860043113	2942
7.860043183	2942
7.860078345	2942
7.860095902	86
7.922548597	1514
7.960389243	2942
7.960413918	86
7.960389500	2942
7.960389568	2942
7.960389638	2942
7.960448190	2942
7.960469237	86
8.060635286	2942
8.060635521	2942
8.060635591	2942
8.060635661	2942
8.060678154	4370
8.060678298	2942
8.060678368	1514
8.060716201	86
8.160981231	2942
8.160981469	2942
8.160981537	2942
8.160981607	2942
8.161025231	2942
8.161025379	2942
8.161025466	2942
8.161063128	86
8.261362004	2942
8.261362241	2942
8.261362311	2942
8.261362381	2942
8.261404139	2942
8.261404284	2942
8.261404351	2942
8.261443483	86
8.361736152	2942
8.361736389	2942
8.361736459	2942
8.361736526	2942
8.361779079	2942
8.361779231	2942
8.361779301	2942
8.361816886	86
8.462090399	2942
8.462090637	2942
8.462090704	2942
8.462090774	2942
8.462135194	2942
8.462135346	2942
8.462135416	2942
8.462170411	86
8.562416779	2942
8.562417017	2942
8.562417087	2942
8.562417154	2942
8.562463487	98
8.562476019	2942
8.562486101	98
8.562476154	2942
8.562508246	98
8.662698770	2942
8.662698990	2942
8.662699060	2942
8.662699130	2942
8.662734875	2942
8.662752977	86
8.662735010	1514
8.703983843	86
8.763048515	2942
8.763048740	2942
8.763048828	2942
8.763048898	2942
8.763129607	86
8.804273094	2942
8.804349498	86
8.863417078	2942
8.863417315	2942
8.863417385	2942
8.863417453	2942
8.863495875	86
8.904631284	2942
8.904705311	86
8.963793573	2942
8.963793875	2942
8.963793945	2942
8.963794013	2942
8.963911317	86
9.005000449	2942
9.005076773	86
9.064206872	2942
9.064207112	2942
9.064207185	2942
9.064207252	2942
9.064286144	86
9.105334662	2942
9.105334912	1514
9.105412099	86
9.164583903	2942
9.164584143	2942
9.164584210	2942
9.164584280	2942
9.164662804	86
9.205678542	2942
9.205678822	1514
9.205756539	86
9.264932805	2942
9.264933042	2942
9.264933135	2942
9.264933202	2942
9.265012882	86
9.306045334	2942
9.306045604	2942
9.306123301	86
9.365304105	2942
9.365304348	2942
9.365304418	2942
9.365304488	2942
9.365382640	86
9.406407440	2942
9.406407687	2942
9.406484584	86
9.465672828	2942
9.465673053	2942
9.465673120	2942
9.465673190	2942
9.465751380	86
9.506773677	2942
9.506773950	2942
9.506774017	1514
9.506852467	86
9.566042143	2942
9.566042390	2942
9.566042458	2942
9.566042528	1514
9.566120935	86
9.607106292	2942
9.607106572	2942
9.607106642	2942
9.607185309	86
9.666412935	2942
9.666413160	2942
9.666413228	2942
9.666413298	2942
9.666490760	86
9.707471890	2942
9.707472138	2942
9.707472205	2942
9.707550892	86
9.766753333	2942
9.766753570	2942
9.766753638	2942
9.766753708	2942
9.766833167	86
9.807839777	2942
9.807840025	2942
9.807840095	2942
9.807918750	86
9.867127378	2942
9.867127618	2942
9.867127691	2942
9.867127761	2942
9.867206687	86
9.908189090	2942
9.908189313	4370
9.908189383	2942
9.908266575	86
9.967498518	2942
9.967498788	2942
9.967498860	2942
9.967498930	2942
9.967577037	86
10.008556270	2942
10.008556498	2942
10.008556568	2942
10.008556638	1514
10.008635165	86
10.067866548	2942
10.067866798	2942
10.067866868	2942
10.067945075	86
10.108928395	2942
10.108951673	98
10.108928620	2942
10.108971002	98
10.108928690	2942
10.108983805	98
10.108928760	2942
10.110121734	98
10.168247048	2942
10.168247295	2942
10.168247363	2942
10.169394155	98
10.209181214	2942
10.209208281	86
10.209181464	1514
10.210403615	2942
10.210427857	86
10.269684158	4370
10.269684430	2942
10.269684500	1514
10.269764297	86
10.309483554	2942
10.309560066	86
10.310650036	2942
10.310650261	1514
10.310726685	86
10.370059038	2942
10.370059285	2942
10.370059353	2942
10.370135690	86
10.409846124	2942
10.409922961	86
10.411006546	2942
10.411006771	2942
10.411083343	86
10.470409415	2942
10.470409670	2942
10.470409740	2942
10.470486692	86
10.503630022	87
10.503725826	86
10.503780356	87
10.510207887	2942
10.510244024	74
10.511360484	2942
10.511385078	74
10.511360708	2942
10.511404763	74
10.511360778	1514
10.511417353	74
10.570775623	2942
10.570799448	74
10.570775845	2942
10.570820680	74
10.570775913	2942
10.570834970	74
10.604014264	86
10.604047627	90
10.604047794	374
10.604114739	86
10.604214063	90
10.604226593	411
10.604236760	87
10.605656115	86
10.605678302	74
10.704462494	86
10.704462742	87
10.704462812	86
10.704564466	86
10.804716056	86
