0.000000000	86
0.000049518	90
0.000049639	210
0.000097461	86
0.000123911	87
0.010372445	94
0.010402076	94
0.020589532	86
0.020638944	123
0.020659360	86
0.021237393	87
0.021248641	87
0.031378829	86
0.031409867	2942
0.031423056	86
0.031409973	2942
0.031434463	86
0.031410005	2942
0.031441437	86
0.031410039	2942
0.031447949	86
0.031451068	2942
0.031464908	86
0.041699637	2942
0.041723304	98
0.041699854	2942
0.041743317	98
0.041699924	2942
0.041755567	98
0.041699992	4370
0.041764382	98
0.041771754	4370
0.041778377	98
0.041771854	4370
0.041786739	98
0.041771927	4370
0.041795641	98
0.052022160	2942
0.052045559	98
0.052022380	2942
0.052067867	86
0.052022447	4370
0.052084822	86
0.052022517	4370
0.052097894	2942
0.052098009	2942
0.052209831	86
0.062351582	2942
0.062351800	2942
0.062351870	2942
0.062351937	2942
0.062394942	2942
0.062395057	2942
0.062395127	2942
0.062395197	1514
0.062505894	86
0.072786657	2942
0.072811649	86
0.072786879	2942
0.072831539	86
0.072786967	2942
0.072845856	86
0.072787037	2942
0.072854304	86
0.072860511	2942
0.072867386	86
0.072860624	2942
0.072876001	98
0.072860694	1514
0.072883898	98
0.083092127	2942
0.083117204	98
0.083092347	2942
0.083137939	98
0.083092417	2942
0.083151354	98
0.083092487	2942
0.083160317	98
0.083167519	2942
0.083174577	98
0.083167631	2942
0.083182821	98
0.083167701	1514
0.083193469	98
0.093415905	1514
0.093443145	86
0.093416122	2942
0.093464749	86
0.093416192	2942
0.093477204	98
0.093416262	2942
0.093487139	98
0.093416330	1514
0.093512266	98
0.103721942	4370
0.103746917	98
0.103722158	2942
0.103767532	98
0.103722228	2942
0.103784490	86
0.114020100	2942
0.114045523	86
0.114020323	4370
0.114067933	86
0.114020393	2942
0.114081305	86
0.124340291	2942
0.124366055	86
0.124340511	2942
0.124388500	86
0.124340578	2942
0.124401928	86
0.124340648	2942
0.124411478	86
0.134664511	2942
0.134690110	86
0.134664746	2942
0.134712153	86
0.134664813	2942
0.134726693	86
0.134664883	1514
0.134734605	86
0.134664951	1514
0.134745195	86
0.144985599	2942
0.145010816	86
0.144985831	2942
0.145032423	86
0.144985899	2942
0.145045843	86
0.144985969	2942
0.145054778	86
0.155295491	2942
0.155321364	86
0.155295729	2942
0.155343598	86
0.155295816	2942
0.155356056	86
0.165610851	2942
0.165636024	86
0.165611084	2942
0.165658314	86
0.165611154	2942
0.165671489	86
0.165611221	2942
0.165680479	86
0.175932462	2942
0.175957849	86
0.175932704	2942
0.175979851	86
0.175932774	2942
0.175992476	86
0.175932842	2942
0.176000871	86
0.176005916	2942
0.176012909	86
0.186226430	2942
0.186251304	86
0.186226650	2942
0.186274334	86
0.186226717	2942
0.186287366	86
0.186226787	2942
0.186295442	86
0.186300474	2942
0.186311109	86
0.196546547	2942
0.196571489	86
0.196546765	2942
0.196592959	86
0.196546835	2942
0.196606082	86
0.196546902	2942
0.196615139	86
0.196620184	2942
0.196636907	86
0.206846000	2942
0.206870730	86
0.206846220	2942
0.206891652	98
0.206846287	2942
0.206905077	98
0.206846357	2942
0.206914062	98
0.217169225	2942
0.217193652	98
0.217169445	2942
0.217213712	98
0.217169538	2942
0.217230070	86
0.227466373	2942
0.227496680	98
0.227466601	2942
0.227518208	98
0.237780926	1514
0.237807558	86
0.237781161	1514
0.237828063	98
0.248095581	2942
0.248123411	86
0.248095804	2942
0.248144733	86
0.258420026	2942
0.258445469	86
0.258420251	2942
0.258466373	86
0.258420319	1514
0.258479491	86
0.268752291	2942
0.268777729	86
0.268752514	2942
0.268801111	86
0.268752584	1514
0.268812898	86
0.279030382	2942
0.279055929	86
0.279030627	1514
0.279076214	86
0.279030697	2942
0.279090277	86
0.289351425	2942
0.289376589	86
0.289351647	2942
0.289398067	86
0.289351717	1514
0.289409794	86
0.299649450	2942
0.299674540	86
0.299649675	2942
0.299696232	86
0.299649742	2942
0.299709104	86
0.299649812	1514
0.299730449	86
0.309984920	2942
0.310007815	98
0.309985145	2942
0.310028952	98
0.309985215	1514
0.310041227	98
0.320282093	2942
0.320306363	98
0.320282318	2942
0.320328823	86
0.330614470	2942
0.330639460	86
0.330614693	2942
0.330660948	86
0.330614763	1514
0.330672380	86
0.340907991	2942
0.340930346	98
0.351202191	2942
0.351226081	98
0.361506854	2942
0.361533966	86
0.371809635	4370
0.371834399	86
0.382123430	2942
0.382148804	86
0.382123672	2942
0.382170322	86
0.392420390	2942
0.392445210	86
0.392420618	2942
0.392466340	86
0.402719318	2942
0.402743935	86
0.402719573	2942
0.402765145	86
0.413033846	2942
0.413058926	86
0.413034071	2942
0.413080083	86
0.423330564	2942
0.423355346	86
0.423330788	2942
0.423376371	86
0.423330858	2942
0.423389478	86
0.433650054	2942
0.433675183	86
0.433650276	2942
0.433696623	86
0.433650344	2942
0.433710293	86
0.443971929	2942
0.443997561	86
0.443972174	2942
0.444019554	86
0.443972244	2942
0.444032313	86
0.454294504	2942
0.454319984	86
0.454294727	2942
0.454343279	86
0.454294794	2942
0.454356453	86
0.464597589	2942
0.464623102	86
0.464597824	2942
0.464644879	86
0.464597914	2942
0.464657652	86
0.464597982	2942
0.464678654	86
0.474886835	2942
0.474912257	86
0.474887052	2942
0.474932924	86
0.474887122	4370
0.474948064	86
0.474887190	1514
0.474971507	86
0.485222930	2942
0.485248150	86
0.485223150	2942
0.485270399	86
0.485223220	2942
0.485283237	86
0.485223290	2942
0.485307199	86
0.495510670	2942
0.495535678	86
0.495510930	2942
0.495558175	86
0.495510998	2942
0.495571018	86
0.495511065	2942
0.495580135	86
0.505806338	2942
0.505831590	86
0.505806558	2942
0.505851845	86
0.505806626	2942
0.505866580	86
0.505806696	2942
0.505889305	86
0.516140678	2942
0.516166038	86
0.516140896	2942
0.516188943	86
0.516140966	2942
0.516201733	86
0.516141033	2942
0.516210020	2942
0.516223425	86
0.516239875	86
0.526464916	2942
0.526489888	86
0.526465138	2942
0.526511543	86
0.526465206	2942
0.526524233	86
0.526465276	2942
0.526534238	2942
0.526547445	86
0.526564110	86
0.536746471	2942
0.536771006	86
0.536746689	2942
0.536792481	86
0.536746759	2942
0.536805513	86
0.536746826	2942
0.536815206	2942
0.536829501	86
0.536846258	86
0.547063729	2942
0.547088641	86
0.547063947	2942
0.547110329	86
0.547064017	2942
0.547123159	86
0.547064084	2942
0.547131751	2942
0.547146496	86
0.547163478	86
0.557391167	2942
0.557416419	86
0.557391389	2942
0.557438839	86
0.557391459	2942
0.557451499	86
0.557391529	2942
0.557461679	2942
0.557461796	2942
0.557474341	86
0.557491019	86
0.567716622	2942
0.567741429	86
0.567716869	2942
0.567763037	86
0.567716937	2942
0.567776379	86
0.567717007	2942
0.567786589	1514
0.567786694	1514
0.567799459	86
0.567815299	98
0.578024832	2942
0.578048327	106
0.578025050	2942
0.578070142	106
0.578025120	2942
0.578082754	106
0.578025190	2942
0.578092437	106
0.586637300	1514
0.586661777	106
0.588330752	1514
0.588357275	98
0.588330978	2942
0.588377780	86
0.588331045	2942
0.588390365	86
0.588331115	2942
0.588398557	86
0.596942718	1514
0.596970723	86
0.598653805	4370
0.598680375	86
0.598654028	2942
0.598704997	86
0.607221303	1514
0.607243738	98
0.608951448	2942
0.608975670	98
0.608951671	2942
0.608993848	98
0.608951738	2942
0.609006963	98
0.617523091	1514
0.617547808	98
0.619251758	1514
0.619278166	86
0.619251981	2942
0.619297433	86
0.619252051	2942
0.619310238	86
0.627834311	1514
0.627858546	86
0.629574384	4370
0.629599403	86
0.629574606	2942
0.629621183	86
0.639895789	2942
0.639920796	86
0.639896011	2942
0.639944024	86
0.639896099	1514
0.639954996	86
0.639896169	2942
0.639964168	86
0.650211609	2942
0.650236446	86
0.650211832	2942
0.650257634	86
0.650211902	2942
0.650269666	86
0.650211969	1514
0.650294188	86
0.660534299	2942
0.660559187	86
0.660534522	2942
0.660587663	86
0.660534592	2942
0.660595237	86
0.660534659	1514
0.660599721	86
0.670837370	2942
0.670867777	86
0.670837594	2942
0.670889794	86
0.670837664	2942
0.670902149	86
0.670837732	2942
0.670910537	86
0.670915007	1514
0.670920547	86
0.681142402	2942
0.681173202	86
0.681142625	2942
0.681195367	86
0.681142695	2942
0.681207462	86
0.681142762	2942
0.681217339	86
0.691464170	2942
0.691488405	98
0.691464393	2942
0.691509872	98
0.691464460	2942
0.691522830	98
0.691464530	2942
0.691532312	98
0.701779148	1514
0.701810225	86
0.701779373	4370
0.701779443	2942
0.701865477	86
0.712089888	4370
0.712090108	2942
0.712090175	2942
0.712165812	86
0.722454035	2942
0.722478920	86
0.722454255	2942
0.722454323	2942
0.722454393	1514
0.722532697	86
0.732765786	2942
0.732790143	86
0.732766021	2942
0.732810578	98
0.743066624	2942
0.743089736	106
0.743066846	2942
0.743110636	106
0.753378196	2942
0.753405321	98
0.753378416	1514
0.753426063	86
0.753378484	1514
0.763695817	2942
0.763720019	86
0.774001724	2942
0.774026209	86
0.774001947	2942
0.774002014	1514
0.774078829	86
0.784300080	2942
0.784324472	86
0.784300302	2942
0.784300372	1514
0.784377337	86
0.794645630	2942
0.794670262	86
0.794645867	1514
0.794688614	98
0.804969242	2942
0.804993072	98
0.814644332	1514
0.814668945	98
0.815232065	1514
0.815258410	86
0.815232291	1514
0.824934390	1514
0.824958290	86
0.825459224	1514
0.835208101	2942
0.835284118	86
0.845543511	2942
0.845543733	2942
0.845620405	86
0.855907048	2942
0.855907303	2942
0.855981458	86
0.866239126	2942
0.866239351	2942
0.866313580	86
0.876599671	2942
0.876599916	2942
0.876600006	2942
0.876677428	86
0.886934831	2942
0.886935051	2942
0.886935121	2942
0.887013083	86
0.897302596	2942
0.897302818	2942
0.897302906	2942
0.897380405	86
0.907656323	2942
0.907656543	2942
0.907656613	2942
0.907733880	86
0.918018106	2942
0.918018336	2942
0.918018403	2942
0.918095327	86
0.928370191	2942
0.928370415	2942
0.928403718	98
0.928370485	1514
0.928423797	106
0.938653596	2942
0.938678241	106
0.938653886	2942
0.938653976	1514
0.938709910	106
0.948979088	2942
0.949003138	98
0.948979311	2942
0.949023211	98
0.948979378	1514
0.949659031	98
0.959257839	1514
0.959286047	86
0.959258062	4370
0.959324281	86
0.959913999	1514
0.969583352	2942
0.969583574	2942
0.969641609	86
0.994623230	1514
1.035502361	86
1.045791070	2942
1.045791292	2942
1.045791360	2942
1.045856326	86
1.056146889	2942
1.056169692	98
1.056147114	2942
1.056190784	98
1.056147182	2942
1.056203624	98
1.066460542	1514
1.066488084	86
1.066460777	4370
1.066528312	86
1.076765665	1514
1.076765887	2942
1.076765957	2942
1.076828499	86
1.087089020	2942
1.087089267	2942
1.087089357	1514
1.087149425	86
1.097436358	2942
1.097436580	2942
1.097436650	1514
1.097497457	86
1.107788090	2942
1.107788360	2942
1.107788430	1514
1.107848732	86
1.118133795	2942
1.118134020	2942
1.118134090	1514
1.118210762	86
1.128496955	2942
1.128497192	2942
1.128497282	2942
1.128497352	2942
1.128577339	86
1.138836702	2942
1.138836925	2942
1.138836992	2942
1.138915515	86
1.149207222	2942
1.149230077	98
1.149207455	2942
1.149250924	98
1.149207522	2942
1.149263712	98
1.159506483	2942
1.159533110	86
1.159506728	4370
1.159588315	86
1.169812701	2942
1.169812925	2942
1.169888595	86
1.180161753	2942
1.180184193	98
1.180161978	2942
1.180203778	98
1.190481896	2942
1.190508695	86
1.190482118	2942
1.190562665	86
1.200781431	2942
1.200781659	2942
1.200781729	1514
1.200858413	86
1.211082624	2942
1.211082859	2942
1.211082929	1514
1.211157023	86
1.221443719	2942
1.221443944	2942
1.221444014	1514
1.221519943	86
1.231809316	2942
1.231809574	2942
1.231809644	1514
1.231888433	86
1.242145676	2942
1.242145901	2942
1.242145971	1514
1.242224871	86
1.252508491	2942
1.252508711	4370
1.252508781	2942
1.252508851	1514
1.252588001	86
1.262825106	2942
1.262825326	2942
1.262825396	2942
1.262825466	2942
1.262906113	86
1.273196116	2942
1.273196351	2942
1.273196441	2942
1.273196509	2942
1.273275163	86
1.283515431	2942
1.283515704	2942
1.283515794	2942
1.283515864	2942
1.283595141	86
1.293880076	2942
1.293880314	2942
1.293880404	2942
1.293880474	2942
1.293960076	86
1.304252663	2942
1.304252886	2942
1.304252956	2942
1.304253026	2942
1.304293411	2942
1.304332958	86
1.314566354	2942
1.314566591	2942
1.314566661	2942
1.314566729	2942
1.314642666	86
1.324934436	2942
1.324957163	98
1.324934656	2942
1.324978136	98
1.324934726	2942
1.324990956	98
1.324934796	2942
1.325623966	98
1.335205884	2942
1.335232577	86
1.335206104	4370
1.335288744	86
1.335867779	2942
1.335943469	86
1.345520592	2942
1.345520817	2942
1.345597824	86
1.346185405	2942
1.346185627	2942
1.346261594	86
1.355887227	2942
1.355887467	2942
1.355963891	86
1.356457775	2942
1.356457998	2942
1.356532057	86
1.366250462	2942
1.366327164	86
1.366708656	2942
1.366730813	98
1.366708878	2942
1.366749796	98
1.376620039	2942
1.376643726	98
1.376877797	2942
1.377519342	98
1.382566143	1514
1.382588416	98
1.386912857	1514
1.386938274	86
1.386913082	1514
1.387726251	2942
1.387750336	86
1.392780457	1514
1.397223582	1514
1.397247159	86
1.397962932	2942
1.397963157	1514
1.398038936	86
1.407531842	2942
1.407609057	86
1.408302589	2942
1.408302812	2942
1.408376304	86
1.417867320	2942
1.417943179	86
1.418583760	2942
1.418583985	2942
1.418657712	86
1.428195378	2942
1.428272632	86
1.428906070	2942
1.428906293	2942
1.428978392	86
1.439232550	2942
1.439255138	98
1.439232778	2942
1.439276070	98
1.439232848	1514
1.439289850	98
1.449492823	2942
1.449493051	1514
1.450151589	98
1.460437331	2942
1.460437559	1514
1.461094309	98
1.466577617	1514
1.466606012	86
1.471384285	2942
1.471410189	86
1.471384510	1514
1.476871342	1514
1.476896957	86
1.487172090	2942
1.487172345	2942
1.487172415	1514
1.487232340	86
1.497520190	2942
1.497520438	2942
1.497520528	1514
1.497580600	86
1.507830846	2942
1.507831071	2942
1.507831141	1514
1.507891170	86
1.518177928	2942
1.518178156	2942
1.518178243	1514
1.518238518	86
1.528507701	2942
1.528507923	2942
1.528507993	2942
1.528508063	1514
1.528570113	86
1.538833253	2942
1.538833481	2942
1.538872048	98
1.549161211	2942
1.549184818	106
1.549161436	2942
1.549205833	106
1.558626580	1514
1.558652375	106
1.559429657	1514
1.559457064	98
1.559429879	1514
1.559481756	86
1.559429974	1514
1.568920383	1514
1.568944363	86
1.569705187	1514
1.579205701	2942
1.579281738	86
1.589565021	2942
1.589565246	2942
1.589565313	1514
1.589643193	86
1.618607273	1514
1.659495474	86
1.669755352	2942
1.669755574	2942
1.669755644	1514
1.669833831	86
1.680123767	2942
1.680123992	2942
1.680124062	1514
1.680201354	86
1.690490279	2942
1.690490504	2942
1.690490594	1514
1.690567786	86
1.700859429	2942
1.700859652	2942
1.700859719	2942
1.700859789	1514
1.700939226	86
1.711195744	2942
1.711195974	2942
1.711196044	2942
1.711196114	1514
1.711275391	86
1.721560922	2942
1.721561142	2942
1.721561212	2942
1.721561282	1514
1.721640566	86
1.731922731	2942
1.731922956	2942
1.731923026	2942
1.731923096	1514
1.732000941	86
1.742290606	2942
1.742290831	2942
1.742290901	2942
1.742290971	1514
1.742371191	86
1.752646869	2942
1.752647114	2942
1.752647184	2942
1.752647254	2942
1.752687551	2942
1.752726433	86
1.762988259	2942
1.763010918	98
1.762988481	2942
1.763031058	106
1.762988549	2942
1.763044558	106
1.773294994	2942
1.773295227	2942
1.773332064	98
1.783522272	2942
1.783549207	86
1.783522502	2942
1.783522575	2942
1.783603792	86
1.793816195	2942
1.793838893	98
1.793816415	2942
1.793859498	98
1.793816505	2942
1.793872770	98
1.804128506	1514
1.804154088	86
1.804128726	4370
1.804208620	86
1.814444043	4370
1.814444266	2942
1.814521533	86
1.824796568	2942
1.824819306	98
1.824796793	1514
1.824839525	98
1.835081456	2942
1.835105886	98
1.835081681	1514
1.835128053	98
1.845401016	1514
1.845427106	86
1.845401236	2942
1.845480298	86
1.855719232	4370
1.855719479	1514
1.855796633	86
1.866057437	2942
1.866057662	2942
1.866133979	86
1.876418272	2942
1.876418519	2942
1.876495766	86
1.886743074	2942
1.886743304	2942
1.886821746	86
1.897107974	2942
1.897108196	2942
1.897108286	2942
1.897185561	86
1.907452839	2942
1.907453071	2942
1.907453141	2942
1.907532674	86
1.934613670	1514
1.975506648	86
1.985789579	2942
1.985789811	2942
1.985789884	2942
1.985868536	86
1.996139014	2942
1.996139239	2942
1.996139306	2942
1.996218183	86
2.006505579	2942
2.006505814	2942
2.006505904	2942
2.006584916	86
2.016878266	2942
2.016900568	98
2.016878488	2942
2.016921638	98
2.016878556	2942
2.016934511	98
2.016878626	1514
2.017565653	98
2.027152979	2942
2.027153201	2942
2.027189774	86
2.027153269	1514
2.027819602	1514
2.027843149	86
2.037479027	2942
2.037479254	2942
2.037537886	86
2.038086420	2942
2.038086647	1514
2.038142369	86
2.047830164	2942
2.047830424	2942
2.047889081	86
2.048329046	2942
2.048329270	2942
2.048389445	86
2.058164119	2942
2.058164344	2942
2.058223116	86
2.068513924	2942
2.068514197	2942
2.068514267	2942
2.068514337	2942
2.068578084	86
2.078831277	2942
2.078831497	2942
2.078831567	2942
2.078831637	2942
2.078894634	86
2.089163120	2942
2.089163344	2942
2.089201084	98
2.089163414	2942
2.089224327	98
2.099493177	2942
2.099521957	86
2.099493405	2942
2.099493472	1514
2.099556974	86
2.109820582	2942
2.109820830	2942
2.109880952	86
2.120154995	2942
2.120155213	2942
2.120155283	2942
2.120216755	86
2.130502550	2942
2.130502770	2942
2.130562382	86
2.140847847	2942
2.140870607	98
2.140848067	2942
2.140891680	98
2.151127685	2942
2.151156140	86
2.161443358	2942
2.161469343	86
2.161443578	2942
2.161443646	1514
2.161503855	86
2.171772403	2942
2.171795331	98
2.182082754	2942
2.182106461	98
2.192373289	2942
2.192401921	86
2.202635885	4370
2.202662367	86
2.212932395	2942
2.212958845	86
2.212932617	2942
2.212992342	86
2.223218926	2942
2.223219148	2942
2.223279780	86
2.233563938	2942
2.233564158	2942
2.233626245	86
2.243871488	2942
2.243871706	2942
2.243930675	86
2.254213916	2942
2.254214136	2942
2.254273225	86
2.264543008	1514
2.264543231	2942
2.264543301	2942
2.264543371	2942
2.264605466	86
2.274894076	2942
2.274894296	2942
2.274894366	2942
2.274894436	1514
2.274960095	86
2.285250111	2942
2.285250328	2942
2.285250398	2942
2.285250468	1514
2.285313280	86
2.295605431	2942
2.295605683	2942
2.295605753	2942
2.295605821	1514
2.295684258	86
2.305941511	2942
2.305941736	2942
2.305941806	1514
2.305981923	98
2.316272424	2942
2.316296696	98
2.316272668	2942
2.316316121	98
2.316272738	2942
2.316954983	98
2.326585779	1514
2.326610341	98
2.326586001	1514
2.326631976	86
2.326586071	1514
2.327185702	2942
2.327209927	86
2.336898562	2942
2.336922849	86
2.347202252	2942
2.347226702	86
2.347202494	2942
2.347202582	2942
2.347280959	86
2.357495480	2942
2.357495705	2942
2.357495777	2942
2.357574722	86
2.367822097	2942
2.367822320	2942
2.367822387	2942
2.367901304	86
2.378164445	2942
2.378164683	2942
2.378164770	2942
2.378244167	86
2.388537430	2942
2.388559790	98
2.388537652	2942
2.388580812	98
2.398796878	2942
2.398819875	106
2.398797103	1514
2.398841885	106
2.409090616	1514
2.409116315	98
2.409090838	2942
2.409138043	86
2.409090906	2942
2.409170528	86
2.419371159	4370
2.419371381	2942
2.419449713	86
2.429712984	2942
2.429713206	2942
2.429713276	2942
2.429790898	86
2.440078696	2942
2.440078949	2942
2.440079036	2942
2.440157806	86
2.450422246	2942
2.450422471	2942
2.450422541	2942
2.450502378	86
2.460786124	2942
2.460786351	2942
2.460786441	2942
2.460864270	86
2.471099269	2942
2.471099491	2942
2.471099561	2942
2.471099631	2942
2.471178656	86
2.481470996	2942
2.481471216	2942
2.481471306	2942
2.481471376	2942
2.481550808	86
2.491822359	2942
2.491822581	2942
2.491822651	2942
2.491822721	2942
2.491902088	86
2.502161384	4370
2.502161619	2942
2.502161686	2942
2.502161756	1514
2.502242258	86
2.512513491	2942
2.512513716	2942
2.512546813	98
2.512513786	2942
2.512566636	98
2.512513854	2942
2.512577613	98
2.522846911	2942
2.522847141	2942
2.522847211	2942
2.522888638	86
2.522847281	1514
2.533179924	2942
2.533204344	86
2.533180146	2942
2.533180216	2942
2.533259076	86
2.543494954	2942
2.543495204	2942
2.543495277	2942
2.543495347	2942
2.543571054	86
2.553835737	2942
2.553835957	2942
2.553836052	2942
2.553836119	2942
2.553915374	86
2.564185102	1514
2.564185354	2942
2.564185424	2942
2.564185494	1514
2.564230559	98
2.574521264	2942
2.574545014	98
2.574521484	2942
2.574564724	98
2.574521554	2942
2.575215317	98
2.582602078	1514
2.582628665	98
2.584798342	1514
2.584826249	86
2.584798570	1514
2.585424783	2942
2.585450517	86
2.592916253	1514
2.595071293	1514
2.595097010	86
2.595704778	2942
2.595705006	1514
2.595762840	86
2.605387440	2942
2.605443785	86
2.606030976	2942
2.606031201	2942
2.606089361	86
2.615700321	2942
2.615777628	86
2.616291319	2942
2.616291544	2942
2.616368661	86
2.626037768	2942
2.626113673	86
2.626556449	2942
2.626631734	86
2.636395693	2942
2.636418228	98
2.636856378	2942
2.636880140	98
2.646670499	2942
2.646697389	86
2.647101626	2942
2.647125806	86
2.656986769	2942
2.657011106	86
2.657367041	2942
2.657391376	86
2.657367269	1514
2.667641697	2942
2.667664269	98
2.694597579	1514
2.694621354	98
2.704886982	1514
2.704912399	86
2.715190062	2942
2.715214424	86
2.930569766	1514
2.930589319	98
2.940878676	2942
2.940903536	86
2.951150177	1514
2.951171884	98
2.961451775	1514
2.961479182	86
2.971734818	1514
2.971758595	86
2.982042998	2942
2.982067350	86
2.992352986	4370
2.992377598	86
3.002648929	4370
3.002674228	86
3.012940232	4370
3.012964641	86
3.023203827	4370
3.023230384	86
3.033514523	4370
3.033541222	86
3.043827988	2942
3.043854050	86
3.043828230	2942
3.043879540	86
3.043828300	1514
3.043898732	86
3.054168863	2942
3.054195233	86
3.054169083	2942
3.054221332	86
3.054169153	1514
3.054238970	86
3.064491573	2942
3.064516020	86
3.064491818	2942
3.064491885	1514
3.064570620	86
3.074784851	2942
3.074785073	2942
3.074785141	1514
3.074863338	86
3.085156786	2942
3.085157018	2942
3.085157086	2942
3.085157156	2942
3.085235065	86
3.095506001	2942
3.095506321	2942
3.095506423	2942
3.095506533	2942
3.095590110	86
3.105885168	2942
3.105885395	2942
3.105885463	2942
3.105885533	2942
3.105963570	86
3.116257253	2942
3.116257473	2942
3.116257543	2942
3.116257610	2942
3.116334947	86
3.126618070	2942
3.126618300	2942
3.126618370	1514
3.126618440	2942
3.126618508	2942
3.126662530	1514
3.126697222	86
3.136987357	2942
3.136987573	2942
3.136987640	2942
3.136987710	2942
3.137027740	2942
3.137068594	86
3.147320715	2942
3.147320935	2942
3.147321023	2942
3.147321093	2942
3.147361167	2942
3.147401144	86
3.157692897	2942
3.157693120	2942
3.157693190	2942
3.157693260	2942
3.157733625	2942
3.157773234	86
3.168063660	2942
3.168063897	2942
3.168063965	2942
3.168064035	2942
3.168106939	2942
3.168107079	2942
3.168145047	86
3.178438237	2942
3.178438455	2942
3.178438525	2942
3.178438592	2942
3.178480202	2942
3.178480344	2942
3.178519874	86
3.188817514	2942
3.188840112	98
3.188817729	2942
3.188861294	98
3.188817797	2942
3.188874229	98
3.188817867	2942
3.188884541	2942
3.189506644	98
3.199131747	2942
3.199131969	2942
3.199168374	86
3.199740473	2942
3.199764885	86
3.199740695	2942
3.199816062	86
3.209460422	2942
3.209537969	86
3.210007483	2942
3.210029936	98
3.210007706	2942
3.210049250	98
3.210007773	1514
3.210061825	98
3.219811110	2942
3.220250766	2942
3.220250989	2942
3.220285646	86
3.230568749	2942
3.230593269	86
3.230568979	2942
3.230569049	2942
3.230569119	1514
3.230647729	86
3.240887107	2942
3.240887330	2942
3.240887397	2942
3.240887467	1514
3.240964454	86
3.251195707	2942
3.251195937	2942
3.251196005	2942
3.251196075	1514
3.251274259	86
3.261542540	2942
3.261542760	2942
3.261542827	2942
3.261542897	1514
3.261622112	86
3.271914899	2942
3.271915149	2942
3.271915237	2942
3.271915307	1514
3.271959604	98
3.282246255	2942
3.282270152	98
3.282246472	2942
3.282290962	98
3.282246542	2942
3.282927927	98
3.290560372	1514
3.290584944	98
3.292557782	1514
3.292583987	86
3.292558005	2942
3.292637479	86
3.293125508	2942
3.293200000	86
3.300868965	1514
3.302845820	1514
3.302921887	86
3.303408259	2942
3.303408484	2942
3.303499003	86
3.313191158	2942
3.313267297	86
3.313729332	2942
3.313729549	2942
3.313729616	1514
3.313805116	86
3.323499468	2942
3.323575280	86
3.323987750	2942
3.323987974	2942
3.323988042	1514
3.324061257	86
3.333860923	2942
3.333937068	86
3.334286985	2942
3.334309447	98
3.334287213	1514
3.334327500	98
3.344227978	2942
3.344251643	98
3.344497333	2942
3.344497559	1514
3.344532241	98
3.354503496	1514
3.354529728	86
3.354503723	1514
3.354698662	2942
3.354722869	86
3.354698885	1514
3.364816509	1514
3.364841311	86
3.364868153	2942
3.364894206	86
3.375118804	2942
3.375119037	2942
3.375119107	1514
3.375119174	1514
3.375197256	86
3.385486964	2942
3.385487184	2942
3.385487254	2942
3.385564006	86
3.395786969	2942
3.395787239	2942
3.395787312	2942
3.395864376	86
3.406123607	2942
3.406123829	2942
3.406123899	2942
3.406201036	86
3.416479527	2942
3.416479759	2942
3.416479829	2942
3.416479897	2942
3.416557434	86
3.426821997	2942
3.426822214	2942
3.426822282	2942
3.426822352	2942
3.426899656	86
3.437190862	2942
3.437191082	2942
3.437191172	2942
3.437191242	2942
3.437269999	86
3.447514549	2942
3.447514807	2942
3.447514894	2942
3.447514964	2942
3.447591086	86
3.457877597	2942
3.457877827	2942
3.457877917	2942
3.457877984	2942
3.457955249	86
3.468243199	2942
3.468243422	2942
3.468243492	2942
3.468243562	2942
3.468285179	2942
3.468285341	1514
3.468323318	86
3.478619636	2942
3.478619869	2942
3.478619939	2942
3.478620009	2942
3.478664591	98
3.478675241	1514
3.478684278	98
3.488966441	2942
3.488989746	106
3.488966661	2942
3.488966731	2942
3.488966799	1514
3.489029913	106
3.499229944	1514
3.499258414	98
3.499230149	2942
3.499284497	86
3.499230219	1514
3.499230289	2942
3.499230357	1514
3.499308606	86
3.509526965	4370
3.509553317	86
3.509527182	2942
3.509587864	86
3.519852592	2942
3.519852825	2942
3.519852915	2942
3.519852985	2942
3.519916740	86
3.530180240	2942
3.530180458	2942
3.530180528	2942
3.530180598	2942
3.530246405	86
3.540533483	2942
3.540533728	2942
3.540572695	98
3.540533818	2942
3.540595412	98
3.550821056	2942
3.550845025	98
3.550821283	1514
3.551487826	98
3.561752364	2942
3.561781596	86
3.561752586	2942
3.561820943	86
3.572064829	2942
3.572065052	2942
3.572065122	1514
3.572127236	86
3.582418331	2942
3.582418549	1514
3.582418639	2942
3.582418709	1514
3.582480776	86
3.592723024	2942
3.592723244	2942
3.592723314	2942
3.592785816	86
3.603061374	2942
3.603061597	2942
3.603061667	2942
3.603122534	86
3.613407247	2942
3.613407467	2942
3.613407537	2942
3.613469781	86
3.623722130	2942
3.623722487	2942
3.623722557	2942
3.623722625	2942
3.623827766	86
3.634122422	2942
3.634122729	2942
3.634122799	2942
3.634122867	2942
3.634221903	86
3.644512964	2942
3.644513186	2942
3.644513254	2942
3.644513324	2942
3.644576804	86
3.654819597	2942
3.654819807	2942
3.654819874	2942
3.654819944	2942
3.654883509	86
3.665174662	2942
3.665174879	2942
3.665174967	2942
3.665175037	2942
3.665226971	2942
3.665238706	86
3.665260659	86
3.675501782	2942
3.675502027	2942
3.675502099	2942
3.675502167	2942
3.675543172	2942
3.675580529	86
3.702573636	1514
3.743509174	86
3.753763509	2942
3.753763742	2942
3.753763832	2942
3.753763902	2942
3.753806874	2942
3.753842706	86
3.764119060	2942
3.764119282	2942
3.764119352	2942
3.764119422	2942
3.764160434	2942
3.764197441	86
3.774488314	2942
3.774488562	2942
3.774488652	2942
3.774488719	2942
3.774529579	2942
3.774565011	86
3.784838879	2942
3.784839099	2942
3.784839169	2942
3.784839239	2942
3.784882411	2942
3.784882549	2942
3.784882621	1514
3.784918474	86
3.795192082	2942
3.795192314	2942
3.795192382	2942
3.795192452	2942
3.795233086	2942
3.795247116	98
3.795233222	1514
3.795274526	98
3.805532674	2942
3.805556749	98
3.805532897	2942
3.805532964	1514
3.805533034	2942
3.805533104	2942
3.806214699	98
3.815837142	1514
3.816443545	2942
3.816443765	2942
3.816443860	2942
3.816443928	1514
3.816491200	98
3.826780060	1514
3.826806560	86
3.826780280	2942
3.826780348	2942
3.826780418	2942
3.826780485	2942
3.826867850	86
3.837100333	4370
3.837100551	2942
3.837100623	2942
3.837100693	2942
3.837141795	1514
3.837179465	86
3.847470240	2942
3.847470460	2942
3.847470530	2942
3.847470600	2942
3.847512095	2942
3.847533195	86
3.857807061	2942
3.857807281	2942
3.857807351	2942
3.857807421	2942
3.857847995	2942
3.857888488	86
3.868161200	2942
3.868161423	2942
3.868161490	2942
3.868161560	2942
3.868203663	2942
3.868239917	86
3.878528483	2942
3.878528698	2942
3.878528768	2942
3.878528838	2942
3.878568780	2942
3.878608355	86
3.888912177	2942
3.888934875	98
3.888912400	2942
3.888955677	98
3.888912470	2942
3.888968150	98
3.888912540	2942
3.888979575	1514
3.889603292	98
3.899190275	2942
3.899190508	2942
3.899226223	98
3.899190575	2942
3.899246125	86
3.899849303	2942
3.899873778	86
3.899849528	1514
3.909502431	2942
3.909526986	86
3.909502668	2942
3.909502738	2942
3.909580333	86
3.910105026	2942
3.910177606	86
3.919819289	2942
3.919819533	2942
3.919819603	2942
3.919819673	2942
3.919896970	86
3.920354302	2942
3.920427029	86
3.930167224	2942
3.930167448	2942
3.930167521	2942
3.930167591	2942
3.930252803	86
3.930647527	2942
3.930722874	86
3.940543338	2942
3.940543561	2942
3.940543648	2942
3.940543718	2942
3.940621383	86
3.940938456	2942
3.941010132	86
3.950857814	2942
3.950858034	2942
3.950858101	2942
3.950858171	2942
3.950936788	86
3.951195444	2942
3.951195668	2942
3.951270158	86
3.961221611	2942
3.961221841	2942
3.961221911	2942
3.961221979	2942
3.961302708	86
3.961439159	2942
3.961439382	2942
3.961511651	86
3.971549979	2942
3.971550201	2942
3.971550269	2942
3.971550339	2942
3.971629453	86
3.971629358	2942
3.971629498	2942
3.971653323	86
3.981921596	2942
3.981921829	2942
3.981921916	2942
3.981921986	2942
3.981964441	2942
3.981964568	2942
3.982000788	86
3.992278821	2942
3.992279041	2942
3.992279111	2942
3.992279181	4370
3.992321090	2942
3.992321238	2942
3.992321308	1514
3.992359315	86
4.002633543	2942
4.002633776	2942
4.002633843	2942
4.002633916	2942
4.002679195	2942
4.002679343	2942
4.002679430	2942
4.002711773	86
4.013004488	2942
4.013004710	2942
4.013004780	2942
4.013004848	2942
4.013045915	2942
4.013059315	98
4.013046050	2942
4.013089393	98
4.023354938	2942
4.023378725	98
4.023355161	2942
4.023355231	2942
4.023355301	2942
4.023409573	2942
4.023409670	2942
4.023426590	86
4.033639864	4370
4.033664616	86
4.033640084	2942
4.033684923	98
4.033640154	2942
4.033698301	98
4.033640224	1514
4.033722518	98
4.043975529	2942
4.043975786	2942
4.044012741	98
4.043975856	1514
4.044030376	98
4.054313984	2942
4.054343048	86
4.054314206	2942
4.054314276	1514
4.054378926	86
4.064619629	2942
4.064619849	2942
4.064619939	2942
4.064682111	86
4.074935072	2942
4.074935289	2942
4.074972869	98
4.074935359	2942
4.074997939	98
4.085265619	2942
4.085289797	98
4.085265847	2942
4.085931949	98
4.094517675	1514
4.094543007	98
4.095506660	1514
4.095533810	86
4.095506888	1514
4.096173848	2942
4.096199470	86
4.104810425	1514
4.105783858	1514
4.105809161	86
4.106426809	2942
4.106427036	1514
4.106484558	86
4.116080513	4370
4.116137433	86
4.116724989	2942
4.116780723	86
4.126424641	2942
4.126451368	98
4.126931467	2942
4.126955940	98
4.136731884	1514
4.136759016	86
4.136732111	1514
4.137222263	2942
4.137248090	86
4.147035034	1514
4.147436354	2942
4.147458994	98
4.157744329	2942
4.157768086	98
4.166514621	1514
4.166538275	98
4.168052814	1514
4.168078804	86
4.168053039	1514
4.176807643	1514
4.176831271	86
4.178357332	1514
4.187098026	2942
4.187174896	86
4.197437851	2942
4.197460411	98
4.207745339	2942
4.207769019	98
4.218026984	2942
4.218053452	86
4.228339555	4370
4.228364252	86
4.238632410	4370
4.238656820	86
4.248941458	4370
4.248965920	86
4.259186874	4370
4.259217309	86
4.269482784	4370
4.269513309	86
4.279788234	2942
4.279818389	86
4.279788457	2942
4.279788527	1514
4.279870401	86
4.290099187	2942
4.290099422	2942
4.290099512	1514
4.290174142	86
4.300458377	2942
4.300458602	2942
4.300458672	1514
4.300532557	86
4.310782457	2942
4.310782692	2942
4.310782782	1514
4.310858872	86
4.321146465	2942
4.321146685	2942
4.321146755	2942
4.321146825	2942
4.321224284	86
4.331472177	2942
4.331472412	2942
4.331472480	2942
4.331472550	2942
4.331551682	86
4.341840697	2942
4.341840917	2942
4.341840987	2942
4.341841057	2942
4.341920204	86
4.352201605	2942
4.352224479	98
4.352201857	2942
4.352245454	98
4.352201925	2942
4.352257942	98
4.352201995	1514
4.352889627	98
4.362479443	2942
4.362479673	1514
4.362515597	86
4.362479740	1514
4.363059271	1514
4.363082758	86
4.372803878	2942
4.372881390	86
4.373310452	2942
4.373310674	2942
4.373385871	86
4.383111658	2942
4.383184705	86
4.383639909	2942
4.383712681	86
4.393462398	2942
4.393485133	98
4.393966354	2942
4.393990059	98
4.403726946	2942
4.403753971	86
4.404211430	2942
4.404235802	86
4.414040789	2942
4.414065194	86
4.414435546	2942
4.414459746	86
4.414435774	1514
4.424345872	2942
4.424370412	86
4.424685709	2942
4.424709934	86
4.434939070	1514
4.434960827	98
4.445243918	1514
4.445267105	98
4.454531233	1514
4.454554960	98
4.455490349	1514
4.455514621	98
4.464829253	2942
4.464855981	86
4.465720519	1514
4.475095696	2942
4.475119869	86
4.485404362	2942
4.485430434	86
4.485404589	2942
4.485464909	86
4.495720207	2942
4.495720457	2942
4.495779524	86
4.506041190	2942
4.506041410	2942
4.506100334	86
4.516380952	2942
4.516381195	2942
4.516440044	86
4.526710875	2942
4.526711092	2942
4.526711162	2942
4.526772619	86
4.537058965	2942
4.537059185	2942
4.537059255	2942
4.537121447	86
4.547311333	2942
4.547311551	2942
4.547311621	2942
4.547373690	86
4.574555460	1514
4.615507834	86
4.625769239	2942
4.625769447	2942
4.625769517	2942
4.625769587	2942
4.625833081	86
4.636107004	2942
4.636107224	2942
4.636107294	2942
4.636107362	2942
4.636170797	86
4.646456027	2942
4.646456249	2942
4.646456317	2942
4.646456387	2942
4.646535859	86
4.656807789	2942
4.656808009	2942
4.656808079	2942
4.656808149	2942
4.656888581	86
4.667174779	2942
4.667175002	2942
4.667175069	2942
4.667175139	2942
4.667216254	2942
4.667256194	86
4.677520429	2942
4.677520652	2942
4.677520722	2942
4.677520792	2942
4.677561201	2942
4.677599241	86
4.687889602	1514
4.687889834	2942
4.687889904	2942
4.687889974	2942
4.687890042	2942
4.687936001	1514
4.687969051	86
4.698254429	2942
4.698254654	2942
4.698254724	2942
4.698254791	2942
4.698333836	86
4.708625129	2942
4.708648004	98
4.708625376	2942
4.708667471	98
4.708625446	2942
4.708682091	98
4.708625514	2942
4.709330046	98
4.718934214	2942
4.718961139	86
4.718934437	4370
4.719016978	86
4.719557879	2942
4.719632686	86
4.729255787	2942
4.729256009	2942
4.729332641	86
4.729842218	2942
4.729842440	2942
4.729917959	86
4.739579584	2942
4.739579809	2942
4.739654901	86
4.749942959	1514
4.749943182	2942
4.749943249	2942
4.749943319	2942
4.749943389	1514
4.750020089	86
4.760295374	2942
4.760295597	2942
4.760295664	2942
4.760295734	2942
4.760373069	86
4.770659254	2942
4.770659489	2942
4.770659557	2942
4.770659627	2942
4.770700196	2942
4.770739326	86
4.781030907	2942
4.781031127	2942
4.781031194	2942
4.781031267	2942
4.781071489	2942
4.781109776	86
4.810521650	1514
4.851491273	86
4.861782496	2942
4.861782729	2942
4.861782796	2942
4.861782866	2942
4.861823291	1514
4.861823438	1514
4.861861688	86
4.872149743	2942
4.872149966	2942
4.872150033	2942
4.872150103	2942
4.872191151	2942
4.872229298	86
4.882485116	2942
4.882485344	2942
4.882485414	2942
4.882485484	2942
4.882526831	2942
4.882565186	86
4.892857938	2942
4.892858163	2942
4.892858231	2942
4.892898253	98
4.892858301	2942
4.892916683	98
4.892922080	1514
4.892940450	98
4.903147109	2942
4.903147329	2942
4.903147399	2942
4.903147469	2942
4.903191886	98
4.903202221	1514
4.903212331	98
4.913493177	1514
4.913519571	86
4.913493399	2942
4.913493469	2942
4.913493539	1514
4.913493606	2942
4.913553478	1514
4.913577516	86
4.923801157	4370
4.923801379	2942
4.923801449	2942
4.923801519	2942
4.923842594	1514
4.923879531	86
4.934167662	2942
4.934167884	2942
4.934201151	98
4.934167952	2942
4.934221154	98
4.934168022	2942
4.934232426	98
4.944483389	2942
4.944483632	1514
4.944518836	98
4.944483702	1514
4.944538051	86
4.944483772	1514
4.944548136	98
4.954812234	2942
4.954839179	86
4.954812457	2942
4.954812527	2942
4.954812597	1514
4.954892819	86
4.965130525	2942
4.965130760	2942
4.965130850	2942
4.965209392	86
4.975493340	2942
4.975517044	98
4.975493587	2942
4.975537794	98
4.975493680	2942
4.975551934	98
4.985780565	2942
4.985807252	86
4.985780787	4370
4.985863582	86
4.996086555	2942
4.996086775	2942
4.996086845	2942
4.996148190	86
5.006435718	2942
5.006435938	2942
5.006436008	2942
5.006497967	86
5.016768150	2942
5.016768373	2942
5.016768443	2942
5.016829628	86
5.027055713	2942
5.027055933	2942
5.027056001	2942
5.027117813	86
5.037401301	2942
5.037401508	2942
5.037401576	2942
5.037449238	98
5.047739378	2942
5.047763451	98
5.047739618	2942
5.047783888	98
5.047739688	2942
5.048439528	98
5.058072516	1514
5.058679351	1514
5.058679577	1514
5.058714544	98
5.282514109	1514
5.282540327	98
5.292824177	1514
5.292852672	86
5.292824407	1514
5.303085775	2942
5.303111663	86
5.313401683	2942
5.313427700	86
5.313401903	2942
5.313401973	1514
5.313462235	86
5.323683003	2942
5.323683223	2942
5.323741433	86
5.334028971	2942
5.334029191	2942
5.334029278	1514
5.334090870	86
5.344343831	2942
5.344344051	2942
5.344344121	2942
5.344406101	86
5.354696061	2942
5.354718666	98
5.354696279	2942
5.354739836	98
5.354696349	2942
5.354753423	98
5.365009436	1514
5.365036111	86
5.365009659	4370
5.365072898	86
5.375313852	4370
5.375314057	2942
5.375373634	86
5.385634519	2942
5.385634739	2942
5.385634807	1514
5.385696589	86
5.395974449	4370
5.396031224	86
5.406279650	2942
5.406302042	98
5.416585117	2942
5.416613887	86
5.426897978	4370
5.426923962	86
5.454480713	1514
5.495506318	86
5.505776271	2942
5.505798806	98
5.516066026	2942
5.516089579	106
5.526365937	2942
5.526394851	98
5.536666025	1514
5.536693537	86
5.536666230	2942
5.536727242	86
5.546968010	4370
5.546968232	1514
5.547046799	86
5.557335247	2942
5.557335470	2942
5.557413404	86
5.567699687	2942
5.567699935	2942
5.567776532	86
5.578057535	2942
5.578057757	2942
5.578132939	86
5.588425795	2942
5.588448269	98
5.588426037	2942
5.588469174	98
5.598705397	2942
5.598729062	98
5.598705620	2942
5.598751937	86
5.608995413	2942
5.609019920	86
5.608995638	2942
5.609073422	86
5.619299563	2942
5.619299793	2942
5.619299861	1514
5.619377290	86
5.629667398	2942
5.629667633	2942
5.629667723	1514
5.629744390	86
5.640038165	2942
5.640060695	98
5.640038391	1514
5.640081017	98
5.650345393	2942
5.650369886	98
5.658505127	1514
5.658529431	98
5.660649381	1514
5.660675896	86
5.660649606	1514
5.668810579	1514
5.668834029	86
5.670934754	1514
5.679073188	2942
5.679150192	86
5.689439030	2942
5.689439265	2942
5.689517437	86
5.699788837	2942
5.699789065	2942
5.699865687	86
5.710149027	2942
5.710225037	86
5.720490277	2942
5.720512522	98
5.730788005	2942
5.730814637	86
5.741099775	4370
5.741124393	86
5.751411056	2942
5.751435523	86
5.751411311	2942
5.751503633	86
5.761693584	2942
5.761693809	2942
5.761770665	86
5.772044349	2942
5.772044596	2942
5.772121788	86
5.782406566	2942
5.782406791	2942
5.782482328	86
5.792751959	2942
5.792752194	2942
5.792752264	2942
5.792831103	86
5.803087254	2942
5.803087476	2942
5.803087546	2942
5.803167265	86
5.813441129	2942
5.813463798	98
5.813441354	2942
5.813484631	98
5.823713722	2942
5.823737264	98
5.823713949	2942
5.823760651	86
5.833999087	2942
5.834023619	86
5.833999312	2942
5.834076599	86
5.844309222	2942
5.844309450	2942
5.844309520	1514
5.844386262	86
5.854630255	2942
5.854630478	2942
5.854630548	1514
5.854707669	86
5.864973617	2942
5.864973840	2942
5.865051614	86
5.875298248	2942
5.875320810	98
5.875298475	2942
5.875341932	98
5.885609523	1514
5.885637055	86
5.885609731	4370
5.885673485	86
5.895947641	2942
5.895970286	98
5.895947911	2942
5.895991043	98
5.906261671	2942
5.906285558	98
5.906261898	1514
5.906309121	86
5.916577001	4370
5.916603673	86
5.926839692	2942
5.926866336	86
5.926839914	2942
5.926901389	86
5.937157464	2942
5.937157687	2942
5.937233291	86
5.947481157	2942
5.947481425	2942
5.947561999	86
5.957848627	2942
5.957848862	2942
5.957927246	86
5.968214057	2942
5.968214279	2942
5.968214349	2942
5.968293276	86
5.978562982	2942
5.978563204	2942
5.978596152	98
5.988884905	2942
5.988908647	98
5.988885129	2942
5.988928312	98
5.998524615	1514
5.998548389	98
5.999170462	1514
5.999196105	86
5.999170685	2942
5.999252199	86
6.009450598	2942
6.009472850	98
6.009450823	1514
6.009492470	98
6.019716789	2942
6.019740326	98
6.019717013	1514
6.019763613	86
6.030001491	2942
6.030025629	86
6.040291542	4370
6.040368984	86
6.050653382	4370
6.050730271	86
6.061018069	4370
6.061095601	86
6.071381659	4370
6.071460104	86
6.081722426	4370
6.081800396	86
6.092092549	2942
6.092114999	98
6.092092774	1514
6.092134926	98
6.102373524	2942
6.102397269	98
6.102373750	1514
6.102419076	98
6.112667132	1514
6.112693172	86
6.112667355	2942
6.112747119	86
6.122963310	2942
6.122986065	98
6.122963535	1514
6.123005967	98
6.133266700	2942
6.133290023	98
6.142492019	1514
6.142518151	86
6.143553828	1514
6.152778831	1514
6.152802659	86
6.163047682	4370
6.163104859	86
6.173373350	4370
6.173430619	86
6.183719127	4370
6.183775787	86
6.194043275	4370
6.194100325	86
6.204387287	2942
6.204387530	2942
6.204387603	1514
6.204450345	86
6.214682816	2942
6.214683036	2942
6.214683106	1514
6.214743327	86
6.225028288	2942
6.225028505	2942
6.225028575	1514
6.225088940	86
6.235334346	2942
6.235334571	2942
6.235334641	1514
6.235397350	86
6.245684958	2942
6.245685181	2942
6.245685251	1514
6.245746180	86
6.256031253	4370
6.256031471	2942
6.256031541	2942
6.256031611	1514
6.256110793	86
6.266402998	2942
6.266403218	2942
6.266403285	2942
6.266403355	2942
6.266482735	86
6.276769240	2942
6.276769460	2942
6.276769530	2942
6.276769600	2942
6.276849560	86
6.287102203	2942
6.287102428	2942
6.287102495	2942
6.287102565	2942
6.287182135	86
6.297471888	2942
6.297472108	2942
6.297472178	2942
6.297472248	2942
6.297513000	2942
6.297553225	86
6.307800078	2942
6.307800301	2942
6.307800368	2942
6.307800438	2942
6.307851200	2942
6.307896155	86
6.318161483	2942
6.318161705	2942
6.318161775	2942
6.318161845	2942
6.318207118	2942
6.318248777	86
6.328521373	2942
6.328521610	2942
6.328521680	2942
6.328521748	2942
6.328568095	2942
6.328609020	86
6.338881273	2942
6.338881495	2942
6.338881563	2942
6.338926940	98
6.338881633	2942
6.338946615	98
6.338952500	2942
6.338958625	98
6.349229905	2942
6.349230130	2942
6.349230225	2942
6.349230293	2942
6.349279837	86
6.359523406	1514
6.359523623	2942
6.359561708	98
6.359523693	2942
6.359580498	98
6.359523763	2942
6.359590012	98
6.369830681	2942
6.369830911	2942
6.369872773	86
6.369830978	2942
6.369920980	86
6.380147911	2942
6.380148133	2942
6.380148201	2942
6.380148271	1514
6.380226760	86
6.390526568	2942
6.390549176	98
6.390526798	2942
6.390569966	98
6.390526886	1514
6.390582225	98
6.400835514	2942
6.400835736	2942
6.400877396	86
6.411152384	2942
6.411182104	86
6.411152604	2942
6.411228333	86
6.421447862	2942
6.421470232	98
6.421448089	2942
6.421490837	98
6.431754282	1514
6.431780749	86
6.431754505	2942
6.431834719	86
6.442033600	4370
6.442108057	86
6.452394807	2942
6.452417465	98
6.462670185	1514
6.462695925	86
6.462670413	1514
6.472979048	1514
6.473003216	86
6.498489803	1514
6.539491139	86
6.549776532	2942
6.549776754	2942
6.549852661	86
6.560134889	2942
6.560135114	2942
6.560211288	86
6.570478974	2942
6.570479202	2942
6.570555593	86
6.580839986	2942
6.580840206	2942
6.580917158	86
6.591199889	2942
6.591200109	2942
6.591200199	2942
6.591278573	86
6.601545619	2942
6.601567984	98
6.601545844	2942
6.601589251	98
6.611855389	2942
6.611879714	98
6.611855637	2942
6.611903349	86
6.622171199	2942
6.622195867	86
6.622171422	2942
6.622249059	86
6.632467955	2942
6.632468200	2942
6.632468290	1514
6.632544999	86
6.642797483	2942
6.642797707	1514
6.642797775	2942
6.642874577	86
6.653164957	2942
6.653165187	2942
6.653165257	1514
6.653241772	86
6.663517395	2942
6.663517642	2942
6.663517712	2942
6.663517782	1514
6.663595509	86
6.673862180	2942
6.673862402	2942
6.673862472	2942
6.673862542	1514
6.673941532	86
6.684228672	2942
6.684228895	2942
6.684228965	2942
6.684229035	1514
6.684305739	86
6.694554477	2942
6.694554700	2942
6.694554770	2942
6.694554840	1514
6.694632714	86
6.726507646	1514
6.767506886	86
6.777779444	2942
6.777779667	2942
6.777779737	2942
6.777779807	2942
6.777819699	1514
6.777858521	86
6.788131912	2942
6.788132136	2942
6.788132204	2942
6.788132274	2942
6.788171791	1514
6.788212149	86
6.798475261	2942
6.798475484	2942
6.798475554	2942
6.798475624	2942
6.798514944	1514
6.798555351	86
6.808848151	2942
6.808848376	2942
6.808848474	2942
6.808848544	2942
6.808888064	1514
6.808926656	86
6.819170484	2942
6.819170709	2942
6.819170777	2942
6.819170847	2942
6.819210771	1514
6.819223969	98
6.829494479	2942
6.829518566	98
6.829494702	2942
6.829539021	98
6.829494772	2942
6.829494842	1514
6.829494909	2942
6.830190929	98
6.838477989	1514
6.838501781	98
6.839781967	1514
6.839807757	86
6.840383503	2942
6.840407665	86
6.840383728	2942
6.840383795	1514
6.840460067	86
6.848770557	1514
6.850062660	1514
6.850119822	86
6.850668233	2942
6.850668456	1514
6.850702978	98
6.860921294	2942
6.860944194	106
6.860921519	2942
6.860963869	106
6.870502887	1514
6.870529057	106
6.871163262	1514
6.871190980	98
6.871163487	1514
6.871214804	98
6.880802485	1514
6.880825650	98
6.881415538	1514
6.881415763	1514
6.881450570	98
6.891077445	1514
6.891105245	86
6.891702423	2942
6.891727863	86
6.891702646	1514
6.901366013	2942
6.901391458	86
6.901967934	2942
6.901993454	86
6.911664571	2942
6.911690206	86
6.911664791	2942
6.911723561	86
6.912209135	2942
6.912264989	86
6.921955399	2942
6.921955616	2942
6.922013729	86
6.922451973	2942
6.922507385	86
6.932301194	2942
6.932301417	1514
6.932359206	86
6.932757981	2942
6.932758203	1514
6.932813461	86
6.942578877	2942
6.942579095	2942
6.942639879	86
6.943016617	2942
6.943039221	98
6.952906045	2942
6.952929682	98
6.952906270	2942
6.952949757	98
6.953208400	2942
6.953847895	98
6.962478358	1514
6.962503585	98
6.964118331	1514
6.964145833	86
6.964118554	2942
6.964118621	1514
6.964181533	86
6.972788921	1514
6.972813743	86
6.974434016	4370
6.974490223	86
6.983034404	2942
6.983090466	86
6.984757754	2942
6.984757976	2942
6.984815648	86
6.993355202	2942
6.993410394	86
6.995079819	2942
6.995080042	2942
6.995141734	86
7.003667187	2942
7.003721169	86
7.005423469	2942
7.005423692	2942
7.005479156	86
7.014004224	2942
7.014060692	86
7.015756022	1514
7.015756244	2942
7.015756314	2942
7.015813256	86
7.024330970	2942
7.024407469	86
7.026055742	2942
7.026055965	2942
7.026056035	1514
7.026130411	86
7.034694475	2942
7.034769549	86
7.036410862	2942
7.036411090	2942
7.036411160	1514
7.036485516	86
7.045053157	2942
7.045128221	86
7.046766172	2942
7.046788829	98
7.046766397	1514
7.046807574	98
7.055399704	2942
7.055423559	98
7.057051672	2942
7.057703200	98
7.065683600	2942
7.065711570	86
7.065683827	1514
7.067990593	2942
7.068014853	86
7.075985380	2942
7.076009700	86
7.078268239	2942
7.078292943	86
7.088573884	2942
7.088596411	98
7.098843520	2942
7.098868437	98
7.106495832	2942
7.106522324	86
7.109151565	2942
7.109176120	86
7.116805089	1514
7.116879124	86
7.119456833	2942
7.119457055	2942
7.119525242	86
7.127146389	1514
7.129785665	2942
7.129785890	2942
7.129862827	86
7.140132958	2942
7.140133180	2942
7.140133270	1514
7.140209822	86
7.150498203	2942
7.150498428	2942
7.150498515	1514
7.150576445	86
7.160864712	2942
7.160864938	2942
7.160865005	2942
7.160865075	1514
7.160942694	86
7.171204450	2942
7.171204675	2942
7.171204743	2942
7.171204813	1514
7.171282297	86
7.181543545	2942
7.181543770	2942
7.181543838	2942
7.181543908	1514
7.181622364	86
7.191913023	2942
7.191913273	2942
7.191913343	1514
7.191989219	86
7.202275625	2942
7.202298065	98
7.202275850	2942
7.202319320	98
7.212583483	2942
7.212610655	86
7.212583728	2942
7.212665209	86
7.222871601	2942
7.222871828	2942
7.222871898	1514
7.222948575	86
7.233235723	2942
7.233235948	2942
7.233236038	1514
7.233314067	86
7.243575681	2942
7.243575908	1514
7.243608628	98
7.270491868	1514
7.270515100	98
7.280786176	2942
7.280810158	98
7.290470595	1514
7.290494533	98
7.291031797	1514
7.291057581	86
7.291032024	1514
7.300783758	1514
7.300809268	86
7.301284115	1514
7.311067276	2942
7.311124571	86
7.321410614	2942
7.321410856	2942
7.321471446	86
7.331684747	2942
7.331684990	2942
7.331743029	86
7.342029915	2942
7.342030142	2942
7.342105951	86
7.352377642	2942
7.352377867	2942
7.352377934	2942
7.352454466	86
7.362738712	2942
7.362738937	2942
7.362739024	2942
7.362817536	86
7.373089694	2942
7.373089919	2942
7.373089989	2942
7.373165096	86
7.383398290	2942
7.383398512	2942
7.383398582	2942
7.383489531	86
7.393755652	2942
7.393755880	2942
7.393755947	2942
7.393833484	86
7.404115529	2942
7.404138502	98
7.404115752	2942
7.404159989	98
7.404115842	2942
7.404173007	98
7.404115909	1514
7.404826499	98
7.414438037	2942
7.414438260	1514
7.414473889	98
7.414438327	1514
7.414493579	86
7.414438397	1514
7.415026885	1514
7.415050798	86
7.424754442	2942
7.424754667	1514
7.424754737	1514
7.424832789	86
7.425280984	2942
7.425281211	1514
7.425355323	86
7.435085075	2942
7.435085297	2942
7.435161482	86
7.435580236	2942
7.435580466	2942
7.435655583	86
7.445421570	2942
7.445421798	2942
7.445499052	86
7.445830025	2942
7.445830249	2942
7.445903934	86
7.455779800	2942
7.455780027	2942
7.455856200	86
7.456108440	2942
7.456108663	2942
7.456183002	86
7.466106368	2942
7.466106592	2942
7.466183642	86
7.466361483	2942
7.466361708	2942
7.466434615	86
7.476470057	2942
7.476470283	2942
7.476547344	86
7.476563547	2942
7.476563787	2942
7.476563857	2942
7.476598379	86
7.476611314	86
7.486795020	2942
7.486817930	98
7.486795243	2942
7.486839275	98
7.486795313	2942
7.486853405	98
7.486795383	2942
7.487487665	98
7.497117548	2942
7.497117770	2942
7.497154545	86
7.497117865	1514
7.497739318	2942
7.497763716	86
7.507415091	2942
7.507439633	86
7.507415341	2942
7.507504482	86
7.507999209	2942
7.507999434	2942
7.508071616	86
7.517797338	2942
7.517819728	98
7.518278370	2942
7.518302142	98
7.518278597	2942
7.518320357	98
7.528109266	2942
7.528537600	2942
7.528566085	86
7.528537825	1514
7.538827325	2942
7.538851663	86
7.538827551	2942
7.538905115	86
7.549174888	2942
7.549175108	2942
7.549175198	2942
7.549253590	86
7.559518065	1514
7.559518315	2942
7.559518385	2942
7.559518455	1514
7.559596262	86
7.569877353	2942
7.569877576	2942
7.569877666	2942
7.569956410	86
7.598484943	1514
7.639505986	86
7.649763969	2942
7.649764196	2942
7.649764266	2942
7.649764336	2942
7.649842606	86
7.660113841	2942
7.660114064	2942
7.660114134	2942
7.660114204	2942
7.660193106	86
7.670478729	2942
7.670478954	2942
7.670512181	98
7.670479044	2942
7.670532124	98
7.680790612	2942
7.680814491	98
7.680790834	2942
7.680790902	1514
7.680844204	98
7.691039417	1514
7.691066495	86
7.691039640	4370
7.691039710	1514
7.691104174	86
7.701336048	1514
7.701360173	86
7.701336273	2942
7.701413907	86
7.711657920	2942
7.711680973	98
7.711658170	2942
7.711701998	98
7.721930211	2942
7.721953998	98
7.721930436	2942
7.721977553	86
7.732245624	2942
7.732270138	86
7.732245864	2942
7.732323963	86
7.742526209	2942
7.742548939	98
7.742526434	1514
7.742568309	98
7.752830599	1514
7.752855169	98
7.763082400	1514
7.763108930	86
7.773380561	2942
7.773405090	86
7.783653856	4370
7.783729220	86
7.793994931	2942
7.793995181	2942
7.794072475	86
7.804359034	2942
7.804359256	2942
7.804436278	86
7.814714251	2942
7.814736646	98
7.825019551	2942
7.825043444	98
7.834456663	1514
7.834480573	98
7.835266712	1514
7.835292202	86
7.844763131	1514
7.845533170	1514
7.845562382	86
7.855841358	1514
7.855841605	1514
7.855879120	98
7.866163958	2942
7.866187825	98
7.874453196	1514
7.874484643	86
7.876465393	1514
7.884754133	1514
7.884783251	86
7.895053501	4370
7.895110181	86
7.905393196	4370
7.905450046	86
7.915732361	4370
7.915808693	86
8.162447513	1514
8.162467425	98
8.172755121	2942
8.172777661	98
8.183037391	1514
8.183063419	86
8.183037619	1514
8.183084319	86
8.193354114	4370
8.193379301	86
8.203655437	4370
8.203680474	86
8.213966257	4370
8.213990922	86
8.224260795	4370
8.224285437	86
8.234569218	2942
8.234594360	86
8.234569465	2942
8.234615755	86
8.234569535	1514
8.234628610	86
8.244901011	2942
8.244923455	98
8.244901238	1514
8.244945315	98
8.255202113	2942
8.255226323	98
8.255202336	1514
8.255248643	98
8.265487809	1514
8.265514171	86
8.265488031	2942
8.265535461	86
8.275804997	4370
8.275829859	86
8.275805267	1514
8.286113979	2942
8.286138359	86
8.296404342	2942
8.296430297	86
8.296404565	2942
8.296466282	86
8.306718325	2942
8.306718550	2942
8.306776402	86
8.317059662	2942
8.317059885	2942
8.317059952	2942
8.317121300	86
8.327384355	2942
8.327407017	98
8.327384575	2942
8.327427970	98
8.337674043	2942
8.337697980	98
8.337674265	2942
8.337722013	86
8.347984671	2942
8.348010423	86
8.347984893	2942
8.348048510	86
8.358304983	2942
8.358305221	2942
8.358305291	1514
8.358364601	86
8.368643434	2942
8.368643664	2942
8.368643734	1514
8.368704898	86
8.378951816	2942
8.378952039	2942
8.378952106	1514
8.379015223	86
8.389278757	2942
8.389278981	2942
8.389279049	1514
8.389340904	86
8.399625336	2942
8.399625614	2942
8.399625699	2942
8.399686949	86
8.409975906	2942
8.409998446	98
8.409976131	2942
8.410019274	98
8.409976201	2942
8.410032061	98
8.420286959	1514
8.420314559	86
8.420287179	4370
8.420351149	86
8.430564660	4370
8.430564887	2942
8.430623092	86
8.440910925	2942
8.440911147	2942
8.440911215	1514
8.440972692	86
8.451197848	2942
8.451198073	2942
8.451198140	1514
8.451258862	86
8.461552728	2942
8.461552950	2942
8.461553038	1514
8.461615252	86
8.471895433	2942
8.471895655	2942
8.471932615	98
8.471895725	1514
8.471955247	98
8.482221068	2942
8.482244855	98
8.482221290	1514
8.482267525	98
8.492540590	2942
8.492564228	98
8.502817571	1514
8.502845601	86
8.502817796	1514
8.513133534	2942
8.513159433	86
8.523396549	2942
8.523422427	86
8.523396772	2942
8.523396839	1514
8.523456299	86
8.533710772	2942
8.533711007	2942
8.533769744	86
8.544056370	2942
8.544056615	2942
8.544056682	1514
8.544116457	86
8.554381440	2942
8.554381677	2942
8.554381745	1514
8.554441067	86
8.564729050	2942
8.564729272	2942
8.564729340	2942
8.564729410	1514
8.564793554	86
8.575040445	2942
8.575040678	2942
8.575040745	2942
8.575040815	1514
8.575104375	86
8.585393877	2942
8.585394100	2942
8.585394170	2942
8.585394240	1514
8.585472049	86
8.614463907	1514
8.655506742	86
8.665772790	2942
8.665773015	2942
8.665773085	2942
8.665773155	2942
8.665813515	1514
8.665851962	86
8.676127280	2942
8.676127505	2942
8.676127600	2942
8.676127670	2942
8.676167327	1514
8.676205959	86
8.686493350	2942
8.686493572	2942
8.686493642	2942
8.686493710	2942
8.686533292	1514
8.686572824	86
8.696866497	2942
8.696866720	2942
8.696866790	2942
8.696866860	2942
8.696906629	1514
8.696946644	86
8.734438615	1514
8.775507527	86
8.785780633	2942
8.785803773	98
8.785780855	2942
8.785824937	98
8.785780945	2942
8.785838057	98
8.785781015	2942
8.785849160	1514
8.786471210	98
8.796083016	2942
8.796083243	2942
8.796119668	86
8.796690241	2942
8.796714728	86
8.796690468	1514
8.806957472	2942
8.806982374	86
8.806957694	2942
8.806957764	2942
8.807036263	86
8.817277782	2942
8.817277999	2942
8.817278069	2942
8.817278139	2942
8.817356079	86
8.827643922	2942
8.827644164	2942
8.827644254	2942
8.827722741	86
8.838012917	2942
8.838035399	98
8.838013122	2942
8.838056746	98
8.838013192	2942
8.838070736	98
8.848322499	2942
8.848349654	86
8.848322744	4370
8.848405164	86
8.858639607	2942
8.858639825	2942
8.858639895	2942
8.858717939	86
8.869007274	2942
8.869007497	2942
8.869007567	2942
8.869085329	86
8.879371689	2942
8.879371909	2942
8.879371977	2942
8.879450944	86
8.889715919	2942
8.889716142	2942
8.889716212	2942
8.889794724	86
8.900070532	2942
8.900070752	2942
8.900070819	2942
8.900150089	86
8.930430402	1514
8.930452489	98
8.940747742	2942
8.940770909	106
8.940747967	2942
8.940792607	106
8.951016603	1514
8.951016825	2942
8.951016895	1514
8.951657983	98
8.961926568	1514
8.961954038	86
8.961926774	2942
8.961926844	1514
8.962009678	86
8.972246319	2942
8.972246541	2942
8.972246611	1514
8.972324045	86
9.006450288	1514
9.047507776	86
9.057770339	2942
9.057770561	2942
9.057770631	1514
9.057810701	98
9.068087129	2942
9.068110851	98
9.068087334	2942
9.068130966	98
9.068087404	1514
9.068766329	98
9.078374972	1514
9.078399637	98
9.078375197	1514
9.078422462	86
9.078375264	1514
9.078983852	1514
9.079007690	86
9.088692502	1514
9.089203216	2942
9.089203438	1514
9.089260551	86
9.099541081	2942
9.099541326	2942
9.099541396	1514
9.099601048	86
9.109884166	2942
9.109884388	2942
9.109884458	1514
9.109946393	86
9.120215811	2942
9.120216031	2942
9.120216101	1514
9.120275963	86
9.130561386	2942
9.130561609	2942
9.130561676	1514
9.130623113	86
9.140912279	2942
9.140912496	2942
9.140912566	1514
9.140912636	2942
9.140991193	86
9.151280744	2942
9.151280961	2942
9.151281051	2942
9.151281121	1514
9.151361221	86
9.161625779	2942
9.161625999	2942
9.161626069	2942
9.161626136	1514
9.161704773	86
9.171993701	2942
9.171993918	2942
9.171993988	2942
9.171994058	1514
9.172073378	86
9.182364736	2942
9.182364953	2942
9.182365043	2942
9.182365113	1514
9.182443560	86
9.192720021	2942
9.192720231	2942
9.192720298	2942
9.192720368	2942
9.192762383	2942
9.192801143	86
9.203064636	2942
9.203064841	2942
9.203064931	1514
9.203065001	2942
9.203065068	1514
9.203114258	98
9.213380616	2942
9.213404786	98
9.213380821	2942
9.213425266	98
9.213380891	2942
9.213380958	2942
9.214076431	98
9.222427703	1514
9.222452200	98
9.223696979	1514
9.223723396	86
9.223697206	1514
9.224325882	2942
9.224350344	86
9.224326102	2942
9.224403498	86
9.232717318	1514
9.233981899	1514
9.234056858	86
9.234608102	2942
9.234608320	2942
9.234608390	1514
9.234685394	86
9.244337784	2942
9.244414413	86
9.244902563	2942
9.244902783	2942
9.244902853	2942
9.244979379	86
9.254682104	2942
9.254758608	86
9.255186133	2942
9.255186353	2942
9.255186423	2942
9.255263275	86
9.265040447	2942
9.265117131	86
9.265444089	2942
9.265444306	2942
9.265444376	2942
9.265518826	86
9.275388854	2942
9.275466473	86
9.275691974	2942
9.275692192	2942
9.275692262	2942
9.275732122	98
9.285761424	2942
9.285785261	98
9.285896070	2942
9.285919963	98
9.285896288	2942
9.285896358	2942
9.286565703	98
9.294422671	1514
9.294446763	98
9.296187368	1514
9.296213278	86
9.296187596	1514
9.296814594	2942
9.296838806	86
9.296814814	2942
9.296892543	86
9.304714946	1514
9.306497283	1514
9.306572143	86
9.307061849	2942
9.307062069	2942
9.307062139	1514
9.307136876	86
9.316839311	2942
9.316915908	86
9.317321953	2942
9.317322172	2942
9.317322242	2942
9.317401144	86
9.327689653	2942
9.327689873	1514
9.327689943	2942
9.327690010	2942
9.327690077	1514
9.327769339	86
9.338028485	2942
9.338028695	2942
9.338028762	2942
9.338028832	2942
9.338107524	86
9.348389840	2942
9.348390052	2942
9.348390122	2942
9.348390190	2942
9.348430609	2942
9.348470392	86
9.358717775	2942
9.358717995	2942
9.358718065	2942
9.358718132	2942
9.358759875	2942
9.358797484	86
9.369095130	2942
9.369118257	98
9.369095352	2942
9.369139267	98
9.369095420	2942
9.369152054	98
9.369095490	2942
9.369784942	98
9.379402588	2942
9.379402795	2942
9.379437590	86
9.379402863	1514
9.379994983	2942
9.380019158	86
9.390283076	2942
9.390309226	86
9.390283309	2942
9.390283396	2942
9.390283466	2942
9.390344606	86
9.390364748	86
9.400581164	2942
9.400581387	2942
9.400581457	2942
9.400646514	86
9.410904502	2942
9.410927112	98
9.410904724	2942
9.410949431	98
9.421217502	5798
9.421245167	86
9.431535262	2942
9.431559962	86
9.431535512	2942
9.431535580	1514
9.431613947	86
9.441824340	2942
9.441824568	2942
9.441824638	2942
9.441902652	86
9.452182260	2942
9.452182483	2942
9.452182553	2942
9.452261777	86
9.462506473	2942
9.462506695	4370
9.462506765	1514
9.462585572	86
9.472877803	2942
9.472878053	2942
9.472878120	2942
9.472878190	2942
9.472956537	86
9.498416640	1514
9.539490992	86
9.549779970	2942
9.549780205	2942
9.549780273	2942
9.549858120	86
9.560136260	2942
9.560158970	98
9.560136483	2942
9.560181587	98
9.560136550	2942
9.560194237	98
9.570404046	2942
9.570431028	86
9.570404273	4370
9.570485830	86
9.580720283	2942
9.580720506	2942
9.580720576	2942
9.580799045	86
9.591070761	2942
9.591070988	2942
9.591071058	2942
9.591149510	86
9.601437533	2942
9.601437758	2942
9.601437826	2942
9.601516565	86
9.611800638	2942
9.611800883	2942
9.611800953	2942
9.611878470	86
9.622164081	2942
9.622164305	2942
9.622164373	2942
9.622242325	86
9.632518380	2942
9.632518630	2942
9.632518700	2942
9.632518768	2942
9.632558035	1514
9.632598363	86
9.642876520	2942
9.642876738	2942
9.642876808	2942
9.642876878	2942
9.642956615	86
9.653243535	2942
9.653266410	98
9.653243755	2942
9.653287680	98
9.653243825	2942
9.653300755	98
9.653243893	2942
9.653947218	98
9.663517503	1514
9.663543341	86
9.663517776	4370
9.663599015	86
9.664185381	2942
9.664260475	86
9.673812604	4370
9.673889161	86
9.674522459	2942
9.674522679	2942
9.674596375	86
9.684156351	2942
9.684234146	86
9.684846141	2942
9.684846361	2942
9.684846431	1514
9.684922681	86
9.694471311	2942
9.694548081	86
9.695185989	2942
9.695186209	2942
9.695186276	1514
9.695262321	86
9.704812732	2942
9.704889186	86
9.705517466	2942
9.705517684	2942
9.705517754	1514
9.705593171	86
9.715147194	2942
9.715223546	86
9.715861846	2942
9.715884624	98
9.715862069	2942
9.715904056	98
9.725509636	2942
9.725532696	106
9.726094355	2942
9.726094582	1514
9.726130145	106
9.735820444	1514
9.735846701	98
9.735820687	1514
9.735868764	86
9.735820777	1514
9.736310508	2942
9.736334961	86
9.736310736	1514
9.736386038	86
9.746606376	2942
9.746629076	98
9.746606599	2942
9.746650146	98
9.746606669	1514
9.746663308	98
9.756925409	2942
9.756925629	1514
9.756962414	86
9.756925699	1514
9.767201237	2942
9.767225474	86
9.777491207	2942
9.777516002	86
9.777491412	2942
9.777491482	1514
9.777569929	86
9.787772438	2942
9.787772648	2942
9.787772718	1514
9.787850212	86
9.798134608	2942
9.798134818	2942
9.798134888	1514
9.798212857	86
9.808483623	2942
9.808483845	2942
9.808483915	1514
9.808560794	86
9.818851983	2942
9.818852200	2942
9.818852270	2942
9.818852340	1514
9.818930697	86
9.829220152	2942
9.829220370	2942
9.829220440	2942
9.829220510	1514
9.829299704	86
9.839587787	2942
9.839588027	2942
9.839588097	2942
9.839588167	1514
9.839666529	86
9.849936692	2942
9.849936897	2942
9.849936967	2942
9.849937037	1514
9.850016464	86
9.860306409	2942
9.860306652	2942
9.860306722	2942
9.860306789	1514
9.860351622	98
9.870626200	2942
9.870649912	98
9.870626420	2942
9.870670122	98
9.870626490	2942
9.871324460	98
9.880939840	2942
9.880968150	86
9.880940063	2942
9.881004839	86
9.881558248	2942
9.881615020	86
9.891251058	2942
9.891251280	2942
9.891308820	86
9.891817589	2942
9.891817811	1514
9.891873833	86
9.901594805	2942
9.901650482	86
9.902089579	1514
9.902111382	98
9.902089802	2942
9.902130954	98
9.911937423	2942
9.911961233	98
9.912307500	2942
9.912335485	86
9.922249338	2942
9.922275138	86
9.922526266	2942
9.922552378	86
9.932803037	2942
9.932825349	98
9.932803259	1514
9.932845264	98
9.943106629	2942
9.943130464	98
9.943106852	1514
9.943153466	98
9.953395287	1514
9.953422982	86
9.953395510	2942
9.953459534	86
9.963704955	1514
9.990426539	1514
9.990481329	86
10.000750517	2942
10.000750739	2942
10.000808904	86
10.031336182	87
10.031412349	86
10.031462132	87
10.038404574	1514
10.038440966	74
10.041680068	2942
10.041704567	74
10.041711985	90
10.041680290	1514
10.041728467	74
10.041712222	377
10.041776924	86
10.041861846	90
10.041873693	411
10.041883668	87
10.052121269	86
10.052121497	87
10.052121569	86
10.052210584	86
10.062345073	86
