0.000000000	94
0.000050790	94
0.050319870	86
0.050320097	123
0.050385649	86
0.050465274	87
0.100650120	86
0.100650348	90
0.100650418	210
0.100733730	86
0.100771507	87
0.151116092	94
0.151144199	94
0.193211049	86
0.201389365	86
0.201389610	123
0.201437412	86
0.202489345	87
0.202510132	87
0.252717370	86
0.252722888	2942
0.252717598	86
0.252749410	86
0.252723125	2942
0.252770595	86
0.252723193	2942
0.252723263	2942
0.252784030	2942
0.252788890	86
0.252800385	86
0.303050583	2942
0.303075563	86
0.303050818	2942
0.303097428	86
0.303050888	2942
0.303111430	86
0.303050956	2942
0.303123165	2942
0.303123280	2942
0.303123350	2942
0.303123418	2942
0.303134475	86
0.303136375	2942
0.303136473	2942
0.303151410	86
0.353350484	2942
0.353375229	86
0.353350704	2942
0.353397476	86
0.353350774	2942
0.353410916	86
0.353350844	2942
0.353422013	2942
0.353422121	2942
0.353422191	2942
0.353422261	2942
0.353434453	86
0.353437720	2942
0.353437810	2942
0.353437898	2942
0.353437968	2942
0.353450825	86
0.353451528	2942
0.353451600	2942
0.353451670	2086
0.353458538	86
0.353464075	86
0.403679469	2942
0.403704729	86
0.403679714	2942
0.403726748	86
0.403679784	2942
0.403739603	86
0.403679851	2942
0.403751273	2942
0.403751363	2942
0.403751436	2942
0.403751508	2942
0.403763481	86
0.403767156	942
0.403767243	2942
0.403767333	2942
0.403767401	2942
0.403767468	2942
0.403779820	86
0.403784863	2942
0.403787018	86
0.403784953	2942
0.403785023	2942
0.403791950	86
0.403785093	2942
0.403796933	86
0.403798598	2942
0.403801480	86
0.403798688	2942
0.403798758	2942
0.403806293	86
0.403798830	2942
0.403809780	2942
0.403811003	86
0.403815995	86
0.405318944	2942
0.405343912	86
0.407738877	2942
0.407763677	86
0.410164227	2942
0.410189499	86
0.412585139	2942
0.412610086	86
0.415006394	2942
0.415031292	86
0.417430249	2942
0.417455679	86
0.419829547	2942
0.419854487	86
0.422275602	2942
0.422300429	86
0.424673854	2942
0.424698796	86
0.427056207	2942
0.427081782	86
0.429478834	2942
0.429504889	86
0.431934326	2942
0.431959791	86
0.434384606	2942
0.434409471	86
0.435554143	1514
0.435578103	86
0.454012206	2942
0.454037151	86
0.454012432	2942
0.454057314	86
0.454012499	2942
0.454070199	86
0.454012569	2942
0.454080863	86
0.454088246	2942
0.454094843	86
0.454088353	2942
0.454102786	86
0.454088423	1514
0.454110198	86
0.454945090	4370
0.454969805	86
0.458608373	4370
0.458633248	86
0.462243279	4370
0.462268009	86
0.465879673	4370
0.465904483	86
0.469512907	4370
0.469537787	86
0.473144875	4370
0.473170143	86
0.476779746	4370
0.476805934	86
0.477985890	1514
0.478010150	86
0.481621581	4370
0.481646859	86
0.485256157	4370
0.485282002	86
0.488890261	4370
0.488916276	86
0.492519770	4370
0.492545127	86
0.496154308	4370
0.496179878	86
0.499786687	4370
0.499812072	86
0.503379121	4370
0.503404374	86
0.504632985	1514
0.504657374	86
0.508229329	4370
0.508254753	86
0.511900232	4370
0.511926529	86
0.515507851	4370
0.515533076	86
0.520383380	5798
0.520409308	86
0.525183756	5798
0.525209373	86
0.530035463	5798
0.530060760	86
0.531270619	1514
0.531294556	86
0.536124856	5798
0.536150316	86
0.540930066	5798
0.540955456	86
0.545789919	5798
0.545815649	86
0.550652246	5798
0.550677606	86
0.555467281	5798
0.555492491	86
0.557925376	2942
0.557950228	86
0.562731561	5798
0.562756791	86
0.567615733	5798
0.567640733	86
0.572432023	5798
0.572457038	86
0.577305553	5798
0.577330465	86
0.582151285	5798
0.582176080	86
0.584556938	2942
0.584581363	86
0.589418573	5798
0.589442357	98
0.594259143	5798
0.594283487	98
0.597867516	4370
0.597891634	98
0.600303574	2942
0.600327246	98
0.605162324	5798
0.606309670	98
0.609956456	5798
0.611094715	98
0.614824234	5798
0.615956133	98
0.619660606	5798
0.620808127	98
0.624534530	5798
0.625666070	98
0.630596852	7226
0.631743341	98
0.634232428	4370
0.635378662	98
0.640224457	7226
0.641354124	98
0.646307453	7226
0.647444017	98
0.652394946	7226
0.653542973	98
0.658453957	7226
0.659602351	98
0.664472199	7226
0.665619428	98
0.670565202	7226
0.671704786	98
0.676589958	7226
0.677737305	98
0.682671984	7226
0.683820511	98
0.685058082	2942
0.686204583	98
0.688703145	4370
0.689851165	98
0.694790529	7226
0.695940040	98
0.700848820	7226
0.701998629	98
0.706897153	7226
0.708031118	98
0.712956537	7226
0.714103724	98
0.717799977	5798
0.718947856	98
0.722646549	5798
0.723793436	98
0.727435520	5798
0.728567222	98
0.732333874	5798
0.733463661	98
0.737181034	5798
0.738327508	98
0.742025406	5798
0.743156746	98
0.743173598	1514
0.744299962	98
0.748081425	5798
0.749218702	98
0.752907523	5798
0.754039879	98
0.757774287	5798
0.758921304	98
0.762614010	5798
0.763761166	98
0.767458590	5798
0.768592031	98
0.772304005	5798
0.773450726	98
0.777150102	5798
0.778296791	98
0.779536567	2942
0.780684404	98
0.781992052	2942
0.783139796	98
0.784397567	2942
0.785544229	98
0.785561203	1514
0.786687890	98
0.788028733	2942
0.789159820	98
0.790469280	2942
0.791614665	98
0.792893508	2942
0.794025447	98
0.795311323	2942
0.796459164	98
0.797739885	2942
0.798886034	98
0.800159593	2942
0.801305957	98
0.802580995	2942
0.803727057	98
0.805006790	2942
0.806138884	98
0.807426585	2942
0.808558017	98
0.809851045	2942
0.810982312	98
0.812270160	2942
0.813416761	98
0.814656720	2942
0.815803982	98
0.817052355	2942
0.818183527	98
0.819530305	2942
0.820678724	98
0.821938050	2942
0.823085141	98
0.824340957	2942
0.825486494	98
0.826774092	2942
0.827921851	98
0.829177752	2942
0.830324269	98
0.831593642	2942
0.832742051	98
0.834042167	2942
0.835173256	98
0.836468997	2942
0.837615711	98
0.838900469	2942
0.840028259	98
0.841290157	2942
0.842436649	98
0.843737537	2942
0.843763471	98
0.844950356	1514
0.844975495	98
0.846145882	1514
0.846176737	86
0.848555204	2942
0.848579789	86
0.850968922	2942
0.850993429	86
0.853428931	2942
0.853453741	86
0.855848994	2942
0.855873946	86
0.857071833	1514
0.859482920	2942
0.859507405	86
0.861929247	2942
0.861953820	86
0.863090554	1514
0.865528841	2942
0.865553099	86
0.866769777	1514
0.869162270	2942
0.869186657	86
0.870343652	1514
0.872834558	2942
0.872858926	86
0.874018640	1514
0.876427380	2942
0.876451732	86
0.878858580	2942
0.878882970	86
0.881274330	2942
0.881298712	86
0.883704630	2942
0.883728747	86
0.884914598	1514
0.887305153	2942
0.887329346	86
0.889788211	2942
0.889812420	86
0.892181976	2942
0.892206120	86
0.893409424	1514
0.895842074	2942
0.895866289	86
0.898219774	2942
0.898243827	86
0.900685782	2942
0.900709896	86
0.901898253	1514
0.904293805	2942
0.904318490	86
0.906676188	2942
0.906700263	86
0.909103523	2942
0.909127685	86
0.910377454	1514
0.911578418	1514
0.911601922	86
0.912771584	1514
0.915175847	2942
0.915250776	86
0.917590846	2942
0.917666871	86
0.918851810	1514
0.921219143	2942
0.921292012	86
0.923667850	2942
0.923739369	86
0.926058738	2942
0.926133440	86
0.927330693	1514
0.929717416	2942
0.929792493	86
0.932146161	2942
0.932222265	86
0.934550351	2942
0.934625518	86
0.936966531	2942
0.937041478	86
0.938229997	1514
0.940593705	2942
0.940667924	86
0.941863228	1514
0.944280873	2942
0.944353828	86
0.945498484	1514
0.947898357	2942
0.947981894	86
0.949092013	1514
0.951522143	2942
0.951597015	86
0.952752972	1514
0.955154629	2942
0.955228789	86
0.956337518	1514
0.958824065	2942
0.958898032	86
0.959964984	1514
0.962421031	2942
0.962496816	86
0.964878169	2942
0.964952318	86
0.966050773	1514
0.968501165	2942
0.968577442	86
0.969723014	1514
0.972144906	2942
0.972219286	86
0.973304208	1514
0.975781370	2942
0.975856752	86
0.976927164	1514
0.978199147	1514
0.978272644	86
0.979407941	1514
0.981837301	2942
0.981911715	86
0.983042712	1514
0.984216843	1514
0.984290483	86
0.985467170	1514
0.987844177	2942
0.987928677	86
0.989104151	1514
0.991524266	2942
0.991597463	86
0.992736637	1514
0.993915926	1514
0.993990058	86
0.996341416	2942
0.996414108	86
0.997548327	1514
0.999956725	2942
1.000031179	86
1.001176206	1514
1.002425227	1514
1.002498486	86
1.004850294	2942
1.004925019	86
1.006054908	1514
1.008464695	2942
1.008539422	86
1.009656507	1514
1.012106716	2942
1.012181766	86
1.014513957	2942
1.014588628	86
1.016929459	2942
1.017004611	86
1.019342299	2942
1.019416996	86
1.020551573	1514
1.021777449	1514
1.021851578	86
1.024205994	2942
1.024278628	86
1.026650229	2942
1.026725091	86
1.027835000	1514
1.029070554	1514
1.029144313	86
1.031493011	2942
1.031518028	86
1.033854286	2942
1.033880363	86
1.036302129	2942
1.036326821	86
1.038758736	2942
1.038783726	86
1.041185016	2942
1.041210170	86
1.043581696	2942
1.043613286	86
1.046026998	2942
1.046051823	86
1.048426856	2942
1.048451593	86
1.050840141	2942
1.050866146	86
1.053296825	2942
1.053321693	86
1.055715855	2942
1.055740830	86
1.058139225	2942
1.058163995	86
1.060550950	2942
1.060577873	86
1.062984583	2942
1.063010908	86
1.065408120	2942
1.065434232	86
1.067804798	2942
1.067831793	86
1.070251837	2942
1.070274885	98
1.072667812	2942
1.072691817	98
1.075050528	2942
1.075074450	98
1.077518360	2942
1.077542502	98
1.079932907	2942
1.079957995	98
1.082362437	2942
1.082386745	98
1.084789777	2942
1.084813727	98
1.087205577	2942
1.087229652	98
1.089628269	2942
1.089653504	98
1.092023445	2942
1.092047307	98
1.094473829	2942
1.094498112	98
1.096894794	2942
1.096918562	98
1.099315907	2942
1.099341034	98
1.101743007	2942
1.101767384	98
1.104166807	2942
1.104191289	98
1.106585817	2942
1.106609904	98
1.109008647	2942
1.109033146	98
1.111431381	2942
1.111456534	98
1.113852294	2942
1.113876129	98
1.116271596	2942
1.116295441	98
1.118695976	2942
1.118720246	98
1.121122906	2942
1.121147909	98
1.123517357	2942
1.123541194	98
1.125966151	2942
1.125990416	98
1.127147307	1514
1.127170492	98
1.129553335	2942
1.129577270	98
1.131954878	2942
1.131979032	98
1.134412070	2942
1.134435505	98
1.136841435	2942
1.136865465	98
1.139225918	2942
1.139249777	106
1.141679837	2942
1.141704425	106
1.144080815	2942
1.144104995	106
1.146519902	2942
1.146544457	106
1.148925275	2942
1.148949767	106
1.151342627	2942
1.151368317	106
1.153824239	2942
1.153848842	106
1.156217542	2942
1.156241517	106
1.158666219	2942
1.158690616	106
1.161089107	2942
1.161113906	106
1.163510904	2942
1.163534924	106
1.165934362	2942
1.165958264	106
1.168336324	2942
1.168360894	106
1.170774641	2942
1.170798704	106
1.173202579	2942
1.173226436	106
1.175621886	2942
1.175647001	106
1.178047929	2942
1.178071944	106
1.179211770	1514
1.179235515	106
1.181649002	2942
1.181672847	106
1.184051435	2942
1.184075300	106
1.186467533	2942
1.186490977	114
1.188915775	2942
1.188940900	114
1.191325150	2942
1.191349570	114
1.193765017	2942
1.193789894	114
1.196180570	2942
1.196205050	114
1.198591050	2942
1.198614895	114
1.201022437	2942
1.201046535	114
1.203426695	2942
1.203450730	114
1.205900669	2942
1.205924892	114
1.208298399	2942
1.208321814	114
1.210714929	2942
1.210739047	114
1.213173854	2942
1.213197697	114
1.215592209	2942
1.215616331	114
1.218014116	2942
1.218038211	114
1.220426061	2942
1.220451059	114
1.222845674	2942
1.222870029	114
1.225280349	2942
1.225304311	114
1.227677099	2942
1.227701034	114
1.230127581	2942
1.230152028	114
1.231298258	1514
1.231322078	114
1.233733725	2942
1.233758138	114
1.236150557	2942
1.236174572	114
1.238552913	2942
1.238581327	114
1.240968075	2942
1.240993200	114
1.243415395	2942
1.243439262	114
1.245836315	2942
1.245860170	114
1.248258872	2942
1.248283187	114
1.250674205	2942
1.250697620	114
1.253098015	2942
1.253130022	106
1.254345868	1514
1.254369488	106
1.256765173	2942
1.256789108	106
1.257981047	1514
1.258004519	106
1.259164468	1514
1.259187583	106
1.261551433	2942
1.261575683	106
1.262825327	1514
1.262849984	106
1.265249739	2942
1.265273874	106
1.266421711	1514
1.266444501	106
1.267644967	1514
1.267668927	106
1.270094247	2942
1.270118431	106
1.271269646	1514
1.271292468	106
1.273707680	2942
1.273731420	106
1.274924546	1514
1.274949481	106
1.276137685	1514
1.276161213	106
1.278539348	2942
1.278563528	106
1.279755437	1514
1.279778436	106
1.282171454	2942
1.282195511	106
1.283354010	1514
1.283378930	106
1.284587269	1514
1.284610381	106
1.287018429	2942
1.287042931	106
1.288217125	1514
1.288241870	106
1.290654280	2942
1.290678747	106
1.293037043	2942
1.293061100	106
1.294316301	1514
1.294338553	106
1.296714641	2942
1.296739893	106
1.297949650	1514
1.297973319	106
1.299097706	1514
1.299122099	106
1.300302168	1514
1.300329180	98
1.301549196	1514
1.301571933	98
1.302793350	1514
1.302816747	98
1.305175762	2942
1.305200167	98
1.306426826	1514
1.306449613	98
1.307585610	1514
1.307609045	98
1.310030697	2942
1.310054949	98
1.311272571	1514
1.311295300	98
1.313669066	2942
1.313693655	98
1.314897092	1514
1.314920927	98
1.316079073	1514
1.316102211	98
1.318502643	2942
1.318526048	98
1.319723644	1514
1.319746947	98
1.320961718	1514
1.320985458	98
1.323339441	2942
1.323363403	98
1.324547347	1514
1.324570767	98
1.326976387	2942
1.327000749	98
1.329442584	2942
1.329466284	98
1.330594256	1514
1.330616820	98
1.333039715	2942
1.333069515	86
1.334270204	1514
1.334296006	86
1.335425881	1514
1.335451495	86
1.337920163	2942
1.337947235	86
1.339094574	1514
1.339121711	86
1.341520119	2942
1.341545154	86
1.342764585	1514
1.342788885	86
1.343913746	1514
1.343939141	86
1.346342536	2942
1.346367271	86
1.347582793	1514
1.347607030	86
1.349971788	2942
1.349996842	86
1.351240343	1514
1.351264616	86
1.352414132	1514
1.352438592	86
1.354804925	2942
1.354830355	86
1.356036424	1514
1.356060841	86
1.358464078	2942
1.358489048	86
1.359692115	1514
1.359716809	86
1.362143957	2942
1.362169147	86
1.363298471	1514
1.363322958	86
1.365777951	2942
1.365802765	86
1.368169936	2942
1.368195188	86
1.370622073	2942
1.370647203	86
1.373018958	2942
1.373044040	86
1.375425963	2942
1.375450751	86
1.377883483	2942
1.377908565	86
1.380278320	2942
1.380304280	86
1.382735770	2942
1.382760618	86
1.385092998	2942
1.385123833	86
1.386364441	1514
1.386394028	86
1.388768191	2942
1.388798244	86
1.389997812	1514
1.390027242	86
1.391173394	1514
1.391203059	86
1.393589429	2942
1.393619486	86
1.394798130	1514
1.394827613	86
1.397268522	2942
1.397298997	86
1.398424051	1514
1.398453519	86
1.399687355	1514
1.399717079	86
1.402111497	2942
1.402142024	86
1.403288114	1514
1.403317686	86
1.405720586	2942
1.405751101	86
1.406955279	1514
1.406986057	86
1.408136506	1514
1.408164878	86
1.410548131	2942
1.410578166	86
1.411771607	1514
1.411801529	86
1.414175610	2942
1.414206352	86
1.415399458	1514
1.415429141	86
1.416591702	1514
1.416621442	86
1.419039975	2942
1.419070764	86
1.420214373	1514
1.420249971	86
1.422674476	2942
1.422704643	86
1.425053556	2942
1.425078698	86
1.426334924	1514
1.426359079	86
1.428757069	2942
1.428788381	86
1.429956315	1514
1.429980880	86
1.431143667	1514
1.431168217	86
1.432339295	1514
1.432364180	86
1.433549712	1514
1.433573999	86
1.434800795	1514
1.434825530	86
1.437176186	2942
1.437201488	86
1.438446106	1514
1.438470734	86
1.439595233	1514
1.439620075	86
1.442047725	2942
1.442072580	86
1.443281086	1514
1.443305236	86
1.445689274	2942
1.445714474	86
1.446925020	1514
1.446950327	86
1.448098476	1514
1.448122949	86
1.450526869	2942
1.450551671	86
1.451752192	1514
1.451776460	86
1.452984423	1514
1.453008616	86
1.455341481	2942
1.455366071	86
1.456548295	1514
1.456572323	86
1.458973770	2942
1.459000057	86
1.461460444	2942
1.461487147	86
1.462629486	1514
1.462655726	86
1.465048271	2942
1.465074831	86
1.466303462	1514
1.466330382	86
1.467470131	1514
1.467495946	86
1.469937643	2942
1.469965665	86
1.471091140	1514
1.471117140	86
1.473538010	2942
1.473564537	86
1.474773911	1514
1.474799813	86
1.475910132	1514
1.475939492	86
1.478378747	2942
1.478404994	86
1.479624850	1514
1.479650918	86
1.482010191	2942
1.482036820	86
1.483221769	1514
1.483247406	86
1.484421638	1514
1.484448048	86
1.486840726	2942
1.486866588	86
1.489317178	2942
1.489343112	86
1.491714755	2942
1.491743225	86
1.494161205	2942
1.494186235	86
1.495300657	1514
1.495325297	86
1.497790066	2942
1.497815696	86
1.500176857	2942
1.500201659	86
1.502637804	2942
1.502663143	86
1.505027759	2942
1.505052696	86
1.507422666	2942
1.507447961	86
1.509880146	2942
1.509904921	86
1.511115730	1514
1.511140114	86
1.513541772	2942
1.513567104	86
1.515948622	2942
1.515991624	86
1.518383057	2942
1.518407809	86
1.520780692	2942
1.520806572	86
1.521991308	1514
1.522015873	86
1.523174477	1514
1.523199307	86
1.525591700	2942
1.525616519	86
1.526859610	1514
1.526883903	86
1.529287513	2942
1.529313498	86
1.531682435	2942
1.531707613	86
1.532894127	1514
1.532918564	86
1.535300149	2942
1.535325409	86
1.536513456	1514
1.536541928	86
1.538925748	2942
1.538955635	86
1.540175069	1514
1.540204636	86
1.541337928	1514
1.541367400	86
1.543793210	2942
1.543823330	86
1.545031561	1514
1.545061124	86
1.547415541	2942
1.547445639	86
1.548598278	1514
1.548627823	86
1.549872129	1514
1.549901623	86
1.552267254	2942
1.552296296	86
1.553507242	1514
1.553536727	86
1.555918880	2942
1.555949177	86
1.558299725	2942
1.558329807	86
1.559561571	1514
1.559591001	86
1.560735742	1514
1.560757790	98
1.561921116	1514
1.561944189	98
1.563170312	1514
1.563192537	98
1.564341486	1514
1.564364694	98
1.565549180	1514
1.565571335	98
1.568001967	2942
1.568025912	98
1.569209813	1514
1.569233061	98
1.570420627	1514
1.570443794	98
1.572876050	2942
1.572900174	98
1.574046024	1514
1.574069551	98
1.576460856	2942
1.576485153	98
1.577706355	1514
1.577729189	98
1.578912456	1514
1.578936103	98
1.581320426	2942
1.581344625	98
1.582557964	1514
1.582580142	98
1.583763283	1514
1.583786933	98
1.586171353	2942
1.586195560	98
1.587390877	1514
1.587414151	98
1.589829154	2942
1.589853049	98
1.592255442	2942
1.592280689	98
1.594662574	2942
1.594686576	98
1.597113096	2942
1.597137404	98
1.598287910	1514
1.598311460	98
1.599473687	1514
1.599496427	98
1.601910164	2942
1.601934591	98
1.603127540	1514
1.603151135	98
1.605589897	2942
1.605613285	98
1.606771139	1514
1.606793834	98
1.607966701	1514
1.607994767	98
1.610431977	2942
1.610455700	98
1.611592649	1514
1.611615514	98
1.614065511	2942
1.614089518	98
1.615213845	1514
1.615237193	98
1.616457179	1514
1.616479968	98
1.617667710	1514
1.617695607	98
1.620081580	2942
1.620105552	98
1.622513657	2942
1.622537824	98
1.624924157	2942
1.624948139	98
1.627332257	2942
1.627356350	98
1.629812012	2942
1.629836029	98
1.632175905	2942
1.632199737	98
1.634657714	2942
1.634682896	98
1.637047044	2942
1.637070912	98
1.639463467	2942
1.639488059	98
1.641889702	2942
1.641914184	98
1.643084756	1514
1.643107333	98
1.645524683	2942
1.645549030	98
1.647914663	2942
1.647938660	98
1.650341988	2942
1.650366135	98
1.652803500	2942
1.652827443	98
1.654035161	1514
1.654058644	98
1.656420996	2942
1.656445734	98
1.658838834	2942
1.658862674	98
1.660024595	1514
1.660047380	98
1.662464410	2942
1.662489013	98
1.664893767	2942
1.664917990	98
1.666142508	1514
1.666166818	98
1.668527101	2942
1.668550741	98
1.669763732	1514
1.669786797	98
1.672173087	2942
1.672197695	98
1.673368464	1514
1.673391838	98
1.674623209	1514
1.674645884	98
1.677049102	2942
1.677074289	98
1.678211436	1514
1.678235356	98
1.680682313	2942
1.680706433	98
1.681860225	1514
1.681882924	98
1.683081196	1514
1.683104623	98
1.685460471	2942
1.685484381	98
1.686735317	1514
1.686757987	98
1.689161232	2942
1.689184594	98
1.691541692	2942
1.691565792	98
1.692776625	1514
1.692799905	98
1.693960647	1514
1.693983257	98
1.695171166	1514
1.695194608	98
1.696418444	1514
1.696448031	98
1.697585248	1514
1.697616298	86
1.698774354	1514
1.698803607	86
1.699976511	1514
1.700004895	86
1.701270619	1514
1.701300249	86
1.703656614	2942
1.703686569	86
1.706049419	2942
1.706079404	86
1.707286773	1514
1.707316210	86
1.709750928	2942
1.709780805	86
1.710919759	1514
1.710949279	86
1.712140223	1514
1.712164682	86
1.713381868	1514
1.713406023	86
1.715781019	2942
1.715805851	86
1.716959045	1514
1.716983768	86
1.718171079	1514
1.718196709	86
1.720579096	2942
1.720604476	86
1.721827540	1514
1.721852365	86
1.723035366	1514
1.723059633	86
1.724240057	1514
1.724264480	86
1.726669497	2942
1.726694780	86
1.727889583	1514
1.727915058	86
1.729080422	1514
1.729104770	86
1.730323673	1514
1.730348343	86
1.731507580	1514
1.731531835	86
1.732729578	1514
1.732754038	86
1.733972062	1514
1.733996332	86
1.735143828	1514
1.735168251	86
1.736333635	1514
1.736358190	86
1.737547693	1514
1.737572153	86
1.739983014	2942
1.740014553	86
1.741192272	1514
1.741216807	86
1.742411033	1514
1.742435201	86
1.744875623	2942
1.744900473	86
1.746046407	1514
1.746071209	86
1.748459587	2942
1.748486564	86
1.749683288	1514
1.749709658	86
1.750930041	1514
1.750955609	86
1.752098348	1514
1.752124585	86
1.754521055	2942
1.754547883	86
1.755740494	1514
1.755766184	86
1.756918486	1514
1.756944443	86
1.759344245	2942
1.759370665	86
1.761812780	2942
1.761838825	86
1.762998522	1514
1.763024369	86
1.764216750	1514
1.764242590	86
1.765418586	1514
1.765444571	86
1.767867919	2942
1.767894243	86
1.770275689	2942
1.770301986	86
1.772730506	2942
1.772757526	86
1.773908470	1514
1.773934010	86
1.776321522	2942
1.776347682	86
1.778778747	2942
1.778805364	86
1.779927756	1514
1.779953671	86
1.781171100	1514
1.781196880	86
1.783631197	2942
1.783658899	86
1.786053852	2942
1.786079899	86
1.787210191	1514
1.787234786	86
1.788420700	1514
1.788445452	86
1.789654331	1514
1.789679211	86
1.790869552	1514
1.790894282	86
1.792100511	1514
1.792124798	86
1.793285634	1514
1.793310044	86
1.794529600	1514
1.794553930	86
1.795701232	1514
1.795725872	86
1.798139197	2942
1.798164199	86
1.800546539	2942
1.800571329	86
1.801770938	1514
1.801795508	86
1.804176130	2942
1.804201158	86
1.805419147	1514
1.805444599	86
1.806585306	1514
1.806617985	86
1.807853786	1514
1.807878546	86
1.810278851	2942
1.810304741	86
1.811442945	1514
1.811467420	86
1.812676906	1514
1.812701226	86
1.815085361	2942
1.815110311	86
1.816295140	1514
1.816319988	86
1.817512016	1514
1.817536151	86
1.818708603	1514
1.818733302	86
1.821142317	2942
1.821172407	86
1.822385936	1514
1.822415666	86
1.823546615	1514
1.823576145	86
1.824810416	1514
1.824839976	86
1.825958610	1514
1.825988015	86
1.827193551	1514
1.827223049	86
1.828419007	1514
1.828448467	86
1.829592036	1514
1.829621406	86
1.830840625	1514
1.830870030	86
1.832032081	1514
1.832060458	86
1.834499663	2942
1.834529610	86
1.835684375	1514
1.835713867	86
1.836895088	1514
1.836924876	86
1.838086407	1514
1.838115960	86
1.840526217	2942
1.840554987	86
1.841726396	1514
1.841755726	86
1.844162501	2942
1.844192613	86
1.845397844	1514
1.845427677	86
1.846582433	1514
1.846611998	86
1.847796352	1514
1.847826014	86
1.850174027	2942
1.850204442	86
1.851417531	1514
1.851441908	86
1.852628777	1514
1.852653209	86
1.855045892	2942
1.855070997	86
1.857460072	2942
1.857485949	86
1.858692380	1514
1.858716480	86
1.859900357	1514
1.859924929	86
1.861086678	1514
1.861111370	86
1.863538068	2942
1.863563548	86
1.865920128	2942
1.865945013	86
1.868409192	2942
1.868434002	86
1.869584816	1514
1.869610329	86
1.871960179	2942
1.871985344	86
1.874468829	2942
1.874494176	86
1.875642472	1514
1.875666867	86
1.876852286	1514
1.876876496	86
1.879316323	2942
1.879341473	86
1.881736886	2942
1.881763046	86
1.882917480	1514
1.882943547	86
1.884126234	1514
1.884152071	86
1.885331612	1514
1.885358130	86
1.886542466	1514
1.886568678	86
1.887791422	1514
1.887817054	86
1.888958061	1514
1.888983863	86
1.890212682	1514
1.890238867	86
1.891385026	1514
1.891411326	86
1.892619982	1514
1.892646702	86
1.895026170	2942
1.895048664	98
1.897418880	2942
1.897442740	98
1.898672591	1514
1.898695055	98
1.899838612	1514
1.899862612	98
1.902290824	2942
1.902314997	98
1.904727202	2942
1.904750901	98
1.905958640	1514
1.905981125	98
1.907141537	1514
1.907164874	98
1.909545254	2942
1.909569177	98
1.910783570	1514
1.910806540	98
1.911944349	1514
1.911967369	98
1.913201150	1514
1.913223600	98
1.915588478	2942
1.915611930	98
1.916831379	1514
1.916855021	98
1.918044008	1514
1.918066878	98
1.919280109	1514
1.919304091	98
1.920419985	1514
1.920443065	98
1.921702849	1514
1.921726476	98
1.922875133	1514
1.922897847	98
1.924108309	1514
1.924131784	98
1.925293020	1514
1.925315808	98
1.926548311	1514
1.926573253	98
1.928976109	2942
1.929000466	98
1.930148767	1514
1.930171497	98
1.931335126	1514
1.931358581	98
1.932532018	1514
1.932554780	98
1.934967255	2942
1.934991332	98
1.936211879	1514
1.936234903	98
1.938599784	2942
1.938625099	98
1.939865910	1514
1.939889039	98
1.941043298	1514
1.941066878	98
1.942262780	1514
1.942286112	98
1.944692470	2942
1.944716837	98
1.945901178	1514
1.945924758	98
1.947084022	1514
1.947106642	98
1.949529152	2942
1.949553364	98
1.951919172	2942
1.951943285	98
1.953191995	1514
1.953215373	98
1.954341567	1514
1.954364205	98
1.955543608	1514
1.955567048	98
1.958041293	2942
1.958064780	98
1.960419956	2942
1.960443961	98
1.962870048	2942
1.962894305	98
1.964047902	1514
1.964070649	98
1.966461644	2942
1.966485609	98
1.968943454	2942
1.968967779	98
1.971296024	2942
1.971319989	98
1.972534030	1514
1.972557338	98
1.974958023	2942
1.974982298	98
1.977409898	2942
1.977434340	98
1.978583301	1514
1.978606826	98
1.979814435	1514
1.979837975	98
1.981018066	1514
1.981040716	98
1.982259735	1514
1.982283572	98
1.984687507	2942
1.984711937	98
1.985868786	1514
1.985891263	98
1.987079425	1514
1.987103077	98
1.988284341	1514
1.988308183	98
1.990742876	2942
1.990767133	98
1.993164673	2942
1.993198230	86
1.994318547	1514
1.994343325	86
1.996800497	2942
1.996825229	86
1.997956881	1514
1.997981211	86
1.999220052	1514
1.999244709	86
2.001643472	2942
2.001668349	86
2.002800251	1514
2.002824808	86
2.003986192	1514
2.004011630	86
2.005213888	1514
2.005238053	86
2.006419622	1514
2.006443757	86
2.007666161	1514
2.007691395	86
2.008910372	1514
2.008934579	86
2.010050098	1514
2.010074493	86
2.011281582	1514
2.011308229	86
2.012509870	1514
2.012535660	86
2.014961595	2942
2.014988075	86
2.016152479	1514
2.016178441	86
2.018548772	2942
2.018574934	86
2.019783890	1514
2.019809828	86
2.021001929	1514
2.021028454	86
2.022171550	1514
2.022197390	86
2.023412857	1514
2.023438481	86
2.025863684	2942
2.025890263	86
2.027041585	1514
2.027067508	86
2.029484963	2942
2.029511507	86
2.030688844	1514
2.030716274	86
2.031895790	1514
2.031929072	86
2.033085506	1514
2.033111349	86
2.034297858	1514
2.034324067	86
2.036747302	2942
2.036774970	86
2.037918621	1514
2.037944686	86
2.039187485	1514
2.039213000	86
2.040335649	1514
2.040361401	86
2.042796058	2942
2.042830521	86
2.045173054	2942
2.045197883	86
2.046405657	1514
2.046430455	86
2.048862385	2942
2.048887572	86
2.050089411	1514
2.050113583	86
2.051265330	1514
2.051289867	86
2.052456054	1514
2.052480903	86
2.053722814	1514
2.053747029	86
2.054901333	1514
2.054925866	86
2.056111752	1514
2.056136754	86
2.058533772	2942
2.058558914	86
2.060976517	2942
2.061001329	86
2.062168423	1514
2.062193118	86
2.064583781	2942
2.064608706	86
2.065817009	1514
2.065841424	86
2.067035748	1514
2.067060338	86
2.069469978	2942
2.069494890	86
2.070645177	1514
2.070670449	86
2.071865260	1514
2.071889670	86
2.073101849	1514
2.073126246	86
2.074277678	1514
2.074302223	86
2.075458847	1514
2.075482942	86
2.076733315	1514
2.076761657	86
2.077921319	1514
2.077950629	86
2.079104660	1514
2.079133865	86
2.080331514	1514
2.080361071	86
2.082784114	2942
2.082813914	86
2.083920838	1514
2.083950323	86
2.086390300	2942
2.086420247	86
2.087583594	1514
2.087613204	86
2.088846095	1514
2.088875680	86
2.090023731	1514
2.090053398	86
2.091206503	1514
2.091236030	86
2.093691365	2942
2.093721349	86
2.094864091	1514
2.094894836	86
2.097290961	2942
2.097344941	86
2.098492122	1514
2.099739081	1514
2.099768131	86
2.100917617	1514
2.102135954	1514
2.102164851	86
2.104544636	2942
2.104598873	86
2.105776342	1514
2.106998986	1514
2.107028040	86
2.108172917	1514
2.110633692	2942
2.110686954	86
2.113043144	2942
2.113097211	86
2.114217396	1514
2.116687105	2942
2.116760542	86
2.117914072	1514
2.119082321	1514
2.119106261	86
2.120294044	1514
2.121547548	1514
2.121571273	86
2.122705307	1514
2.125148799	2942
2.125220613	86
2.127583732	2942
2.127656016	86
2.129966267	2942
2.130041269	86
2.131202780	1514
2.133660287	2942
2.133734909	86
2.134870066	1514
2.136024505	1514
2.136048388	86
2.138460653	2942
2.138535315	86
2.139687781	1514
2.140929412	1514
2.140953205	86
2.142080259	1514
2.143347005	1514
2.143371205	86
2.144524739	1514
2.145769965	1514
2.145793842	86
2.146916414	1514
2.148171000	1514
2.148194845	86
2.149403266	1514
2.151818761	2942
2.151894158	86
2.153009642	1514
2.155419080	2942
2.155489207	86
2.156666168	1514
2.157881874	1514
2.157905692	86
2.159045193	1514
2.160291529	1514
2.160315254	86
2.162708249	2942
2.162783981	86
2.163897466	1514
2.165138172	1514
2.165161864	86
2.167570489	2942
2.167625889	86
2.169996037	2942
2.170051891	86
2.172409229	2942
2.172464659	86
2.174839634	2942
2.174895273	86
2.177205787	2942
2.177261051	86
2.179660306	2942
2.179713884	86
2.182108286	2942
2.182166173	86
2.184509564	2942
2.184567481	86
2.186916901	2942
2.186972056	86
2.189377688	2942
2.189449856	86
2.191798301	2942
2.191870696	86
2.194219389	2942
2.194292968	86
2.196633651	2942
2.196707433	86
2.199065118	2942
2.199136895	86
2.201489346	2942
2.201562270	86
2.203882558	2942
2.203960843	86
2.206329663	2942
2.206404358	86
2.208754213	2942
2.208830940	86
2.211167461	2942
2.211243223	86
2.213598016	2942
2.213672648	86
2.215954461	2942
2.216031228	86
2.218443501	2942
2.218518040	86
2.219608949	1514
2.222046827	2942
2.222123564	86
2.224457704	2942
2.224532296	86
2.226881889	2942
2.226956626	86
2.229297619	2942
2.229374204	86
2.231745499	2942
2.231822191	86
2.234170057	2942
2.234247108	86
2.236545404	2942
2.236619496	86
2.239005719	2942
2.239078146	86
2.241453986	2942
2.241528276	86
2.243860431	2942
2.243883239	98
2.246299661	2942
2.246323778	98
2.248722293	2942
2.248746141	98
2.251139008	2942
2.251162988	98
2.253567921	2942
2.254698003	98
2.255992138	2942
2.257121787	98
2.258411618	2942
2.259560033	98
2.260835906	2942
2.261965418	98
2.263255758	2942
2.264385090	98
2.265671538	2942
2.266816137	98
2.268097818	2942
2.269229252	98
2.270522760	2942
2.271671450	98
2.271685457	1514
2.272829579	98
2.274091020	2942
2.275221506	106
2.276540902	2942
2.277672284	106
2.278997842	2942
2.280126941	106
2.281411534	2942
2.282542818	106
2.283820177	2942
2.283929071	114
2.286267371	2942
2.287398618	114
2.288695679	2942
2.289842010	114
2.291079734	2942
2.292212378	114
2.293532699	2942
2.294663853	114
2.295942081	2942
2.297083608	114
2.298330734	2942
2.299477490	114
2.300774046	2942
2.301920115	114
2.303166436	2942
2.304313925	114
2.305581249	2942
2.306711513	114
2.308033898	2942
2.309164895	114
2.310490033	2942
2.310517993	106
2.311700727	1514
2.311723124	106
2.314125889	2942
2.314149482	106
2.315288766	1514
2.316437125	106
2.316503667	1514
2.317633169	106
2.318971047	2942
2.320097231	1514
2.320124156	106
2.322541016	2942
2.323671790	106
2.323764702	1514
2.324894434	106
2.324956419	1514
2.326101895	106
2.327409003	2942
2.328539743	106
2.329830113	2942
2.329859165	98
2.331040939	1514
2.331062554	98
2.333505384	2942
2.333530409	98
2.334685398	1514
2.335835677	98
2.335849337	1514
2.335868387	98
2.340110726	1514
2.340135981	86
2.340110956	1514
2.342497814	2942
2.342522401	86
2.344937821	2942
2.344962534	86
2.347369241	2942
2.347394733	86
2.349750311	2942
2.349774596	86
2.352181051	2942
2.352206061	86
2.354578201	2942
2.354602636	86
2.356981969	2942
2.357006471	86
2.359417204	2942
2.359442199	86
2.360791169	2942
2.360815553	86
2.361980093	1514
2.364392678	2942
2.364418025	86
2.366720356	1514
2.367832073	1514
2.367857002	86
2.370335744	2942
2.370335970	1514
2.370410634	86
2.373960131	2942
2.374016620	86
2.375076095	1514
2.376376978	1514
2.376431210	86
2.378791133	2942
2.378850250	86
2.380072354	2942
2.380128189	86
2.381327945	1514
2.383807674	2942
2.383863624	86
2.386036678	1514
2.386036903	1514
2.386097683	86
2.390413307	1514
2.392787724	2942
2.392843449	86
2.395206827	2942
2.395263111	86
2.397677141	2942
2.397731326	86
2.399985220	2942
2.400038092	86
2.402482721	2942
2.402536046	86
2.404848122	2942
2.404902312	86
2.407244819	2942
2.407298634	86
2.409707497	2942
2.409763894	86
2.411075972	2942
2.411132871	86
2.414704840	2942
2.414705075	2942
2.414771322	86
2.418076278	2942
2.418133366	86
2.420580608	2942
2.420637187	86
2.424290209	2942
2.424366958	86
2.426670731	2942
2.426747706	86
2.429129926	2942
2.429206588	86
2.430339817	2942
2.430415484	86
2.434143380	2942
2.434143604	2942
2.434220687	86
2.436302649	2942
2.436379131	86
2.443087035	2942
2.443087257	2942
2.443171337	86
2.445546969	2942
2.445620854	86
2.447966502	2942
2.448040199	86
2.450262915	2942
2.450336117	86
2.452747307	2942
2.452821272	86
2.455156120	2942
2.455230172	86
2.457573602	2942
2.457649979	86
2.460004860	2942
2.460081539	86
2.461406657	2942
2.461480069	86
2.465056056	2942
2.465056293	2942
2.465133813	86
2.468312694	2942
2.468389749	86
2.470855223	2942
2.470929985	86
2.474655834	2942
2.474732935	86
2.477021539	2942
2.477096596	86
2.479489686	2942
2.479564350	86
2.484470652	2942
2.484493849	98
2.484470875	2942
2.484513467	98
2.486563657	2942
2.486587594	98
2.493422950	2942
2.493423172	2942
2.493423240	1514
2.494570532	98
2.495896767	2942
2.497044569	98
2.498308395	2942
2.499454776	98
2.500545783	2942
2.501677810	98
2.503103735	2942
2.504231934	98
2.505459120	2942
2.506606434	98
2.507889320	2942
2.509040782	98
2.510326527	2942
2.511473099	98
2.511671725	2942
2.512820739	98
2.515386451	2942
2.515386678	2942
2.516534977	98
2.518628327	2942
2.519759454	98
2.521186264	2942
2.522327353	98
2.524986026	2942
2.526132553	98
2.527327267	2942
2.528475896	98
2.529807786	2942
2.530955053	98
2.534743570	2942
2.534743795	2942
2.534780105	86
2.536785640	1514
2.544800755	2942
2.544827027	86
2.544800978	2942
2.544862420	86
2.547277197	1514
2.549742322	2942
2.549800834	86
2.551935318	1514
2.554517725	1514
2.554572864	86
2.556850895	2942
2.556906812	86
2.559324410	1514
2.559377202	86
2.561730790	2942
2.561786829	86
2.563075707	1514
2.569924353	2942
2.569980125	86
2.572590104	2942
2.572646021	86
2.576406938	2942
2.576462828	86
2.578748234	2942
2.578805719	86
2.581245871	2942
2.581301561	86
2.585019888	2942
2.585020111	2942
2.585078356	86
2.595000831	2942
2.595001054	2942
2.595061823	86
2.600045777	2942
2.600046000	2942
2.600107689	86
2.604795948	2942
2.604872352	86
2.607135426	2942
2.607211860	86
2.612049825	2942
2.612072468	98
2.620146711	2942
2.620170789	98
2.622922604	2942
2.622946544	98
2.626705266	2942
2.627851678	98
2.629087084	2942
2.630217203	98
2.631585313	2942
2.631585536	2942
2.632716600	98
2.635318786	4370
2.636453998	98
2.645254509	2942
2.645254734	2942
2.646400391	98
2.650392200	2942
2.650392425	2942
2.651539426	98
2.655152565	2942
2.656300519	98
2.657480276	2942
2.658611493	98
2.662342270	2942
2.663488197	98
2.670408317	1514
2.670435369	86
2.670408545	1514
2.673219119	1514
2.673242884	86
2.678136416	2942
2.678212268	86
2.680484432	1514
2.682953534	2942
2.682953756	1514
2.683029996	86
2.686743149	2942
2.686820336	86
2.701834449	2942
2.701834674	2942
2.701893631	86
2.706578457	2942
2.706634547	86
2.708844923	2942
2.708901016	86
2.713779650	2942
2.713835702	86
2.720724465	1514
2.723499252	2942
2.723554854	86
2.728494639	2942
2.728550418	86
2.733271266	2942
2.733271491	2942
2.733329913	86
2.737101969	2942
2.737157413	86
2.752123402	2942
2.752123627	2942
2.752185882	86
2.756863033	2942
2.756920263	86
2.759133196	2942
2.759191186	86
2.764089036	2942
2.764144938	86
2.773841465	2942
2.773841687	2942
2.773900827	86
2.778791794	2942
2.778847686	86
2.783611539	2942
2.783611761	2942
2.783669851	86
2.787414799	2942
2.787491046	86
2.802473402	2942
2.802473625	2942
2.802550119	86
2.807200061	2942
2.807276503	86
2.809414622	2942
2.809489137	86
2.814429768	2942
2.814506138	86
2.824187177	2942
2.824187447	2942
2.824264210	86
2.829134057	2942
2.829210214	86
2.833909640	2942
2.833984616	86
2.837747447	4370
2.837770567	98
2.852794163	2942
2.852818625	98
2.852794385	2942
2.852837425	98
2.857545066	2942
2.858676195	98
2.859729895	2942
2.860877489	98
2.864790453	2942
2.865936905	98
2.874549292	2942
2.874549540	2942
2.875689572	98
2.879486842	2942
2.880617051	98
2.884202225	2942
2.885348319	98
2.888054037	2942
2.888079979	86
2.888054260	1514
2.903107301	2942
2.903131833	86
2.908944351	2942
2.908969046	86
2.911133385	1514
2.925987357	2942
2.926011882	86
2.925987635	2942
2.926064272	86
2.930902189	2942
2.930978816	86
2.935631637	2942
2.935707229	86
2.938369403	2942
2.938447432	86
2.953410126	2942
2.953484465	86
2.959248598	2942
2.959324438	86
2.976250618	2942
2.976250858	2942
2.976250928	1514
2.976327760	86
2.981263374	2942
2.981339861	86
2.985994787	2942
2.985995012	2942
2.986071089	86
2.988715355	2942
2.988789557	86
3.003749294	2942
3.003824998	86
3.009579979	2942
3.009654981	86
3.026619235	2942
3.026619480	2942
3.026694085	86
3.031626629	2942
3.031703026	86
3.036342227	2942
3.036342450	2942
3.036417212	86
3.039075367	2942
3.039149437	86
3.054113178	2942
3.054188280	86
3.059900189	2942
3.059976231	86
3.076967128	2942
3.076967350	2942
3.077043760	86
3.081991926	2942
3.082066491	86
3.086700632	2942
3.086700860	2942
3.086776984	86
3.089419383	2942
3.089493860	86
3.104472369	2942
3.104548218	86
3.110265707	2942
3.110265984	1514
3.110341946	86
3.127307683	2942
3.127307933	2942
3.127381720	86
3.132284054	2942
3.132360676	86
3.137062172	2942
3.137062395	2942
3.137140534	86
3.139754283	2942
3.139829160	86
3.154785669	2942
3.154862781	86
3.160588877	2942
3.160589104	2942
3.160665351	86
3.177667891	2942
3.177668115	2942
3.177743748	86
3.182646059	2942
3.182721806	86
3.187399300	2942
3.187399528	2942
3.187473987	86
3.190115543	2942
3.190190687	86
3.205151009	2942
3.205227583	86
3.210912987	2942
3.210913214	2942
3.210988574	86
3.227990371	2942
3.227990618	2942
3.228066708	86
3.233002737	2942
3.233079456	86
3.237762537	2942
3.237762760	1514
3.237839792	86
3.240472188	2942
3.240547882	86
3.255511649	2942
3.255511876	2942
3.255588133	86
3.261279089	2942
3.261279312	2942
3.261353872	86
3.278357871	2942
3.278358116	2942
3.278434428	86
3.283340485	2942
3.283417259	86
3.288122935	2942
3.288199734	86
3.290786561	2942
3.290863098	86
3.305876969	2942
3.305877191	2942
3.305954458	86
3.311633462	2942
3.311633690	2942
3.311707007	86
3.328727898	2942
3.328728146	2942
3.328803545	86
3.333695410	2942
3.333768157	86
3.338484523	2942
3.338484747	2942
3.338562552	86
3.341146230	2942
3.341222403	86
3.361999557	2942
3.361999779	2942
3.361999849	4370
3.362079181	86
3.379072003	2942
3.379072248	2942
3.379148418	86
3.384055247	2942
3.384129912	86
3.388834600	2942
3.388834822	2942
3.388911047	86
3.391506865	2942
3.391582658	86
3.412340622	2942
3.412340850	2942
3.412340934	2942
3.412341004	2942
3.412420889	86
3.429419591	2942
3.429419836	2942
3.429496145	86
3.434416537	2942
3.434492517	86
3.439191977	2942
3.439192203	2942
3.439268492	86
3.441873270	2942
3.441950243	86
3.462716169	2942
3.462716389	2942
3.462716479	2942
3.462716547	2942
3.462795189	86
3.479788768	4370
3.479811735	98
3.484759665	2942
3.484783557	98
3.489557492	2942
3.489581762	98
3.489557718	2942
3.490711472	98
3.513089919	2942
3.513090142	2942
3.513090209	2942
3.513090279	2942
3.513125627	2942
3.514237471	98
3.530096386	2942
3.530122251	86
3.535075538	2942
3.535099937	86
3.539824053	1514
3.540968087	1514
3.540993442	86
3.564475869	2942
3.564476102	2942
3.564476169	2942
3.564476239	2942
3.564538729	86
3.580360814	2942
3.580416819	86
3.591273705	2942
3.591296020	98
3.614834532	2942
3.614859077	98
3.614834770	2942
3.614877079	98
3.614834857	2942
3.614834927	2942
3.614894526	1514
3.616019721	98
3.630703645	2942
3.631849639	98
3.641534436	2942
3.642665370	98
3.657146915	1514
3.657171458	98
3.665149220	1514
3.665176007	86
3.665149465	2942
3.665230204	86
3.666283257	2942
3.666356506	86
3.682139052	2942
3.682232396	86
3.692940871	2942
3.693016923	86
3.707359064	1514
3.715444280	4370
3.715520310	86
3.716571057	2942
3.716645382	86
3.732466577	2942
3.732541134	86
3.743297711	2942
3.743373578	86
3.765812885	2942
3.765813130	2942
3.765886755	86
3.766914205	2942
3.766989777	86
3.782827562	2942
3.782902481	86
3.793654861	2942
3.793731383	86
3.816157195	2942
3.816157443	2942
3.816232040	86
3.817248975	2942
3.817324142	86
3.833192409	2942
3.833267546	86
3.844000076	2942
3.844076960	86
3.866523608	2942
3.866523850	4370
3.866601565	86
3.883528747	2942
3.883551404	98
3.894360676	2942
3.894384426	98
3.916839055	2942
3.916863268	98
3.916839303	2942
3.916839373	2942
3.918009637	98
3.933817552	1514
3.933841520	98
3.944672986	1514
3.944698994	86
3.967143278	2942
3.967167771	86
3.968208308	2942
3.968230871	86
3.968208563	2942
3.968283563	86
3.984129503	1514
3.994939835	1514
3.995015934	86
4.017438294	2942
4.017514778	86
4.018498074	2942
4.018498299	2942
4.018570813	86
4.045280422	2942
4.045357349	86
4.067763077	2942
4.067838361	86
4.068818784	2942
4.068819009	2942
4.068819076	1514
4.068892293	86
4.095639122	2942
4.095715644	86
4.119155059	2942
4.119177784	98
4.119155304	2942
4.119197379	98
4.119155374	1514
4.119209836	98
4.145999982	2942
4.147142621	98
4.169472912	2942
4.169473157	2942
4.169509672	86
4.197432304	2942
4.197457092	86
4.219759095	2942
4.219783870	86
4.219759370	2942
4.219836177	86
4.247741737	2942
4.247816484	86
4.270073463	2942
4.270073735	2942
4.270073825	1514
4.270148377	86
4.298099485	2942
4.298176204	86
4.320438330	2942
4.320438603	2942
4.320438673	1514
4.320512932	86
4.348426825	2942
4.348502732	86
4.370775560	2942
4.370775783	2942
4.370775853	1514
4.370853100	86
4.398785435	2942
4.398860317	86
4.421143930	2942
4.421144165	2942
4.421144235	2942
4.421219855	86
4.449154030	2942
4.449229452	86
4.471508503	2942
4.471508785	1514
4.471508855	2942
4.471508923	1514
4.471586950	86
4.521879780	2942
4.521880015	2942
4.521880085	2942
4.521880155	2942
4.521921917	2942
4.521958755	86
4.572234625	2942
4.572234863	2942
4.572234958	2942
4.572235023	2942
4.572275445	2942
4.572313020	86
4.622571385	2942
4.622571608	2942
4.622571675	2942
4.622571745	2942
4.622612215	2942
4.622649237	86
4.672938540	2942
4.672938763	2942
4.672938830	2942
4.672938900	2942
4.672979935	2942
4.673018010	86
4.723258353	2942
4.723258573	2942
4.723258643	2942
4.723258711	2942
4.723300510	2942
4.723300665	2942
4.723337215	86
4.773631608	2942
4.773631833	2942
4.773631903	2942
4.773631971	2942
4.773673420	2942
4.773673573	2942
4.773710960	86
4.824007435	2942
4.824007673	2942
4.824007743	2942
4.824007810	2942
4.824050665	2942
4.824050812	2942
4.824085305	86
4.874379608	2942
4.874379830	2942
4.874379898	2942
4.874379968	2942
4.874422025	2942
4.874422140	4370
4.874422207	1514
4.874461060	86
4.924730955	2942
4.924731178	2942
4.924731245	2942
4.924731315	2942
4.924773625	2942
4.924773778	2942
4.924773850	2942
4.924812047	86
4.975106110	2942
4.975106335	2942
4.975106405	2942
4.975106475	2942
4.975149055	2942
4.975149205	2942
4.975149275	2942
4.975186745	86
5.025480502	2942
5.025480738	2942
5.025514170	98
5.025480808	2942
5.025534305	98
5.025480875	2942
5.025544282	98
5.025550172	2942
5.025550287	2942
5.026686254	98
5.075784433	2942
5.075784655	2942
5.075784723	2942
5.075827080	86
5.075784793	1514
5.076966599	2942
5.076992127	86
5.126120198	2942
5.126146188	86
5.126120438	2942
5.126120508	2942
5.126180763	86
5.126199922	86
5.127253998	2942
5.127254220	2942
5.127314927	86
5.176435021	2942
5.176435268	2942
5.176435358	2942
5.176497191	86
5.177574680	2942
5.177574905	2942
5.177632225	86
5.226765334	2942
5.226765561	2942
5.226765629	2942
5.226827578	86
5.227869986	2942
5.227870211	2942
5.227944635	86
5.277115776	2942
5.277116021	2942
5.277116091	2942
5.277180273	86
5.278198901	2942
5.278199133	2942
5.278199203	1514
5.278258318	86
5.327467886	2942
5.327468129	2942
5.327468199	2942
5.327529461	86
5.328521474	2942
5.328521701	2942
5.328521769	1514
5.328580761	86
5.377823494	2942
5.377823731	2942
5.377823801	2942
5.377886501	86
5.378810417	2942
5.378810642	2942
5.378810712	1514
5.378869396	86
5.428162159	2942
5.428162411	2942
5.428162501	2942
5.428226033	86
5.429094100	2942
5.429094322	2942
5.429094392	2942
5.429094462	1514
5.429153834	86
5.478511826	2942
5.478512059	2942
5.478512146	2942
5.478574311	86
5.479397038	2942
5.479419715	98
5.479397262	2942
5.479438977	98
5.479397332	2942
5.479452107	98
5.528862424	2942
5.528862677	2942
5.528862747	2942
5.529694526	2942
5.529694746	1514
5.529730423	86
5.529694838	2942
5.529767980	86
5.579978051	2942
5.579978273	2942
5.579978343	2942
5.579978413	2942
5.580030078	2942
5.580042816	86
5.580062296	86
5.630340566	2942
5.630340796	2942
5.630340864	2942
5.630340936	2942
5.630393898	2942
5.630404251	86
5.630425233	86
5.680698716	2942
5.680698953	2942
5.680699023	2942
5.680699091	2942
5.680741208	2942
5.680776656	86
5.731021831	2942
5.731022056	2942
5.731022144	2942
5.731022214	2942
5.731063746	2942
5.731063901	2942
5.731100563	86
5.781393416	2942
5.781393654	2942
5.781393726	2942
5.781393794	2942
5.781435893	2942
5.781436046	2942
5.781473121	86
5.831763514	2942
5.831763821	2942
5.831763891	2942
5.831763959	2942
5.831816786	2942
5.831816971	2942
5.831869745	86
5.882149551	2942
5.882149786	2942
5.882149856	2942
5.882149923	2942
5.882192968	2942
5.882193116	2942
5.882230735	86
5.932499421	2942
5.932499656	2942
5.932499746	2942
5.932499816	2942
5.932542923	2942
5.932543078	2942
5.932543166	2942
5.932578815	86
5.982877278	2942
5.982877501	2942
5.982877568	2942
5.982877638	2942
5.982919906	2942
5.982920048	2942
5.982956868	86
6.033253478	2942
6.033276736	98
6.033253711	2942
6.033298348	98
6.033253781	2942
6.033311365	98
6.033253848	2942
6.033322753	2942
6.033322855	2942
6.034448999	98
6.083540271	2942
6.083568091	86
6.083540496	1514
6.084693170	2942
6.084717778	86
6.084693405	2942
6.084693475	2942
6.084772555	86
6.133857739	2942
6.133932908	86
6.135059173	2942
6.135059395	2942
6.135059463	2942
6.135059533	2942
6.135136372	86
6.184173747	2942
6.184246784	86
6.185424200	2942
6.185424428	2942
6.185424498	2942
6.185424565	2942
6.185498507	86
6.234518082	2942
6.234594972	86
6.235759493	2942
6.235759718	2942
6.235759786	2942
6.235759856	2942
6.235838623	86
6.284866687	2942
6.284942907	86
6.286064476	2942
6.286064693	2942
6.286064763	2942
6.286064831	4370
6.286143110	86
6.335208080	2942
6.335284882	86
6.336392691	2942
6.336392896	2942
6.336392966	2942
6.336393034	2942
6.336432926	1514
6.336469733	86
6.385573157	2942
6.385649977	86
6.386750284	2942
6.386750501	2942
6.386750571	2942
6.386750639	2942
6.386789178	1514
6.386828011	86
6.435930050	2942
6.436004544	86
6.437116961	2942
6.437117181	2942
6.437117249	2942
6.437117319	2942
6.437156538	2942
6.437194770	86
6.486289307	2942
6.486366042	86
6.536635422	2942
6.536635660	2942
6.536635730	2942
6.536635800	1514
6.536635867	2942
6.536682824	2942
6.536682957	2942
6.536683027	1514
6.536716757	86
6.587004695	2942
6.587004915	2942
6.587005005	2942
6.587005072	2942
6.587047609	2942
6.587047742	2942
6.587047809	2942
6.587085299	86
6.637386955	2942
6.637387195	2942
6.637387262	2942
6.637387332	2942
6.637429747	2942
6.637429894	2942
6.637429964	2942
6.637467424	86
6.687754524	2942
6.687754749	2942
6.687754817	2942
6.687754887	2942
6.687798462	2942
6.687798612	2942
6.687798699	2942
6.687836601	86
6.738122084	2942
6.738122319	2942
6.738122409	2942
6.738122479	2942
6.738165622	2942
6.738165774	2942
6.738165862	2942
6.738203631	86
6.788433595	2942
6.788456357	98
6.788433817	2942
6.788477492	98
6.788433887	2942
6.788490387	98
6.788433957	2942
6.788503439	2942
6.788503552	2942
6.789614044	98
6.838745708	2942
6.838772962	86
6.838745958	1514
6.838792880	98
6.839862167	2942
6.839885769	98
6.839862392	2942
6.839904114	98
6.839862462	2942
6.841046848	98
6.889038335	2942
6.889065143	86
6.889038578	2942
6.889038648	1514
6.889121608	86
6.890147677	5798
6.890225940	86
6.891301094	2942
6.891376681	86
6.939350474	2942
6.939350696	2942
6.939425670	86
6.940484443	2942
6.940484665	2942
6.940558992	86
6.941661664	2942
6.941661889	2942
6.941736703	86
6.989715518	2942
6.989715746	2942
6.989793050	86
6.990843018	2942
6.990843243	2942
6.990918920	86
6.992020029	2942
6.992020254	2942
6.992096224	86
7.040049644	2942
7.040049866	2942
7.040122483	86
7.041181880	2942
7.041182108	2942
7.041254905	86
7.042360457	2942
7.042360679	2942
7.042435256	86
7.090416629	2942
7.090416851	2942
7.090493035	86
7.091501318	2942
7.091501541	2942
7.091576365	86
7.092708062	2942
7.092708314	2942
7.092708402	2942
7.092786364	86
7.140742321	2942
7.140742544	2942
7.140815546	86
7.141827366	2942
7.141827588	2942
7.141902318	86
7.143074094	2942
7.143074392	2942
7.143074459	2942
7.143151666	86
7.191105954	2942
7.191106174	2942
7.191183968	86
7.192128074	2942
7.192128311	2942
7.192205123	86
7.193415254	2942
7.193415479	2942
7.193415549	2942
7.193490992	86
7.241473106	2942
7.241473329	2942
7.241549673	86
7.242479479	2942
7.242479704	1514
7.242554233	86
7.243748957	2942
7.243749182	2942
7.243749250	2942
7.243749320	1514
7.243825722	86
7.291834041	2942
7.291834266	2942
7.291920021	86
7.292754534	2942
7.292826559	86
7.294104300	2942
7.294104547	2942
7.294104617	2942
7.294104685	2942
7.294182809	86
7.342213181	2942
7.342213406	2942
7.342290585	86
7.343086375	2942
7.343162267	86
7.344471522	2942
7.344471742	2942
7.344471810	2942
7.344471880	2942
7.344513229	2942
7.344551039	86
7.392581833	2942
7.392582056	2942
7.392659368	86
7.393418910	2942
7.393493899	86
7.394798632	2942
7.394798855	2942
7.394798925	2942
7.394798992	2942
7.394838362	2942
7.394878129	86
7.442922658	2942
7.442922881	2942
7.442999013	86
7.443737120	2942
7.443812360	86
7.445147272	2942
7.445147492	2942
7.445147562	2942
7.445147630	2942
7.445188512	2942
7.445225219	86
7.493279139	2942
7.493279363	2942
7.493356828	86
7.494079800	2942
7.494154550	86
7.495490093	2942
7.495490315	2942
7.495490383	2942
7.495529092	98
7.495490453	2942
7.495546912	98
7.543649784	2942
7.543674158	98
7.543650006	2942
7.543650096	1514
7.544414935	2942
7.544822912	98
7.545823600	2942
7.545823825	2942
7.545823893	2942
7.545823963	2942
7.545868950	86
7.593958851	1514
7.595094003	2942
7.595120051	86
7.596085911	2942
7.596112111	86
7.596086146	2942
7.596086216	2942
7.596086284	2942
7.596146340	86
7.596165650	86
7.645409851	2942
7.645410073	2942
7.645470508	86
7.646399794	2942
7.646400026	2942
7.646400096	2942
7.646400164	2942
7.646460926	86
7.695745646	2942
7.695745871	2942
7.695804936	86
7.696731976	2942
7.696732211	2942
7.696732281	2942
7.696732351	2942
7.696782959	1514
7.696794844	86
7.739943391	86
7.746046439	4370
7.746102519	86
7.747043529	2942
7.747043757	2942
7.747043827	2942
7.747043897	2942
7.747107636	86
7.790230541	2942
7.790287093	86
7.796344394	2942
7.796399999	86
7.797395637	2942
7.797395859	2942
7.797395929	2942
7.797395999	2942
7.797445256	1514
7.797459294	86
7.839945408	86
7.840539544	2942
7.840594056	86
7.846685182	2942
7.846740294	86
7.847717105	2942
7.847717337	2942
7.847717405	2942
7.847717475	2942
7.847783599	86
7.890228449	2942
7.890305051	86
7.890791200	2942
7.890866234	86
7.897023452	2942
7.897099707	86
7.898068000	2942
7.898068217	2942
7.898068287	2942
7.898068355	2942
7.898146074	86
7.940539412	2942
7.940616159	86
7.941039781	2942
7.941114983	86
7.947359527	2942
7.947435122	86
7.948391872	2942
7.948414755	98
7.948392095	2942
7.948434105	98
7.948392165	2942
7.948447320	98
7.990905794	2942
7.991372546	2942
7.992055858	98
7.997724020	2942
7.998705455	2942
7.998705680	2942
7.998740932	86
7.998705748	1514
8.039942989	86
8.042350519	2942
8.042426088	86
8.049033085	2942
8.049033308	2942
8.049033381	2942
8.049108125	86
8.090223692	1514
8.092698706	2942
8.092774574	86
8.099368626	2942
8.099368848	2942
8.099368918	2942
8.099368986	1514
8.099448008	86
8.143036224	2942
8.143112819	86
8.149737316	2942
8.149737575	2942
8.149737648	2942
8.149737715	2942
8.149816583	86
8.193380502	2942
8.193456064	86
8.200073631	2942
8.200073863	2942
8.200073936	2942
8.200074003	2942
8.200152515	86
8.243718134	2942
8.243795226	86
8.250431568	2942
8.250431886	2942
8.250431988	2942
8.250432101	2942
8.250486630	1514
8.250512305	86
8.294082887	2942
8.294157184	86
8.300733486	2942
8.300733749	2942
8.300733819	2942
8.300733886	2942
8.300773851	1514
8.300813271	86
8.344411827	2942
8.344412050	1514
8.344487599	86
8.351083899	2942
8.351084154	2942
8.351084244	2942
8.351084311	2942
8.351123486	1514
8.351163193	86
8.394746660	2942
8.394821007	86
8.401456993	2942
8.401457226	2942
8.401457296	2942
8.401457363	2942
8.401503806	98
8.445082007	2942
8.445105985	98
8.451775269	2942
8.451799409	98
8.451775491	2942
8.451775559	2942
8.451775629	2942
8.452945888	98
8.469066249	1514
8.469090453	98
8.502086507	1514
8.502112457	86
8.502086757	1514
8.503232826	2942
8.503257828	86
8.503233046	2942
8.503233113	2942
8.503309658	86
8.519373459	1514
8.553504029	2942
8.553526544	98
8.553504274	2942
8.553547544	98
8.553504364	4370
8.553561304	98
8.603825717	2942
8.603825967	2942
8.603826037	1514
8.603866889	86
8.603826104	2942
8.603932791	86
8.654161669	2942
8.654161905	2942
8.654161975	2942
8.654162042	2942
8.654240196	86
8.704527467	2942
8.704527704	2942
8.704527794	2942
8.704527864	2942
8.704606331	86
8.754873472	2942
8.754873697	2942
8.754873765	2942
8.754873835	2942
8.754950314	86
8.805242762	2942
8.805242984	2942
8.805243074	2942
8.805243142	2942
8.805284534	2942
8.805322864	86
8.855617764	2942
8.855617989	4370
8.855618059	2942
8.855618129	2942
8.855658624	1514
8.855697454	86
8.905992047	2942
8.905992284	2942
8.905992354	2942
8.905992424	2942
8.906033129	2942
8.906071844	86
8.956311772	2942
8.956312012	2942
8.956312082	2942
8.956312152	2942
8.956352884	2942
8.956391409	86
9.006687144	2942
9.006687367	2942
9.006687454	2942
9.006687524	2942
9.006729904	2942
9.006730069	2942
9.006766716	86
9.057034339	2942
9.057034567	2942
9.057034637	2942
9.057034705	2942
9.057077897	2942
9.057078037	2942
9.057114054	86
9.107382642	2942
9.107382867	2942
9.107382960	2942
9.107383027	2942
9.107424244	2942
9.107424389	2942
9.107461724	86
9.157753459	2942
9.157753682	2942
9.157753752	2942
9.157753819	2942
9.157796487	2942
9.157796639	2942
9.157831571	86
9.208071965	2942
9.208072200	2942
9.208072270	2942
9.208072337	2942
9.208115212	2942
9.208115370	2942
9.208115440	2942
9.208149724	86
9.258443482	4370
9.258443705	2942
9.258443797	2942
9.258443865	2942
9.258487779	2942
9.258487927	2942
9.258487997	1514
9.258524194	86
9.308807345	2942
9.308807582	2942
9.308807672	2942
9.308807742	2942
9.308849364	2942
9.308849517	2942
9.308849587	2942
9.308885092	86
9.359175582	2942
9.359175802	2942
9.359175892	2942
9.359175960	2942
9.359218074	2942
9.359218212	2942
9.359218282	2942
9.359256174	86
9.409498212	2942
9.409498452	2942
9.409498522	2942
9.409498592	2942
9.409542710	2942
9.409542854	2942
9.409542942	2942
9.409543012	2942
9.409578802	86
9.459867800	2942
9.459868027	2942
9.459868097	2942
9.459868167	2942
9.459910667	2942
9.459910802	2942
9.459910872	2942
9.459910942	2942
9.459950542	86
9.510246557	2942
9.510246795	2942
9.510246867	2942
9.510246935	2942
9.510289449	2942
9.510289589	2942
9.510289657	2942
9.510289727	2942
9.510328934	86
9.560628945	4370
9.560629182	2942
9.560629272	2942
9.560629339	2942
9.560672664	2942
9.560672811	2942
9.560672881	2942
9.560672951	2942
9.560690304	1514
9.560711934	86
9.610993767	2942
9.610994012	2942
9.610994102	2942
9.610994169	2942
9.611036449	2942
9.611036592	2942
9.611036662	2942
9.611036729	2942
9.611055986	2942
9.611076701	86
9.661372492	2942
9.661372727	2942
9.661372797	2942
9.661372864	2942
9.661416874	2942
9.661417019	2942
9.661417089	2942
9.661417159	2942
9.661436709	2942
9.661454851	86
9.661477391	86
9.711748389	2942
9.711748622	2942
9.711748712	2942
9.711748782	2942
9.711792396	2942
9.711792521	2942
9.711792609	2942
9.711792679	2942
9.711812364	2942
9.711828876	86
9.711852043	86
9.762070774	2942
9.762093817	98
9.762071009	2942
9.762114929	98
9.762071079	2942
9.762128031	98
9.762071147	2942
9.762142294	2942
9.762142384	2942
9.762142456	2942
9.762142526	2942
9.763250468	106
9.812331980	2942
9.812332225	2942
9.812371085	98
9.812332295	1514
9.812393555	98
9.813541931	2942
9.813569861	86
9.813542156	2942
9.813542226	2942
9.813542296	2942
9.813604878	1514
9.813609913	86
9.813629893	86
9.862672623	2942
9.862672860	2942
9.862672950	1514
9.862733195	86
9.863859709	2942
9.863859944	2942
9.863860014	2942
9.863860084	2942
9.863908581	1514
9.863937329	86
9.907945520	86
9.913022993	2942
9.913023258	2942
9.913023328	2942
9.913084677	86
9.914204787	2942
9.914205007	2942
9.914205077	2942
9.914205147	2942
9.914267849	86
9.958228908	1514
9.963350670	2942
9.963350900	2942
9.963350970	4370
9.963415230	86
9.964536562	2942
9.964536794	2942
9.964536864	2942
9.964536934	2942
9.964601334	86
10.013711261	2942
10.013711538	2942
10.013711605	2942
10.013711675	2942
10.013790430	86
10.014887207	2942
10.014887492	2942
10.014887562	2942
10.014887632	2942
10.014963312	86
10.064044413	2942
10.064044686	2942
10.064044776	2942
10.064044843	2942
10.064123265	86
10.065253902	2942
10.065254124	2942
10.065254194	2942
10.065254262	2942
10.065330986	86
10.114417391	2942
10.114417613	1514
10.114417708	2942
10.114417773	2942
10.114493200	86
10.164774216	2942
10.164774451	2942
10.164774521	2942
10.164774588	2942
10.164817325	2942
10.164817468	2942
10.164835693	98
10.164817538	2942
10.164817605	1514
10.164865100	98
10.215114818	2942
10.215138866	98
10.215115041	2942
10.215115108	2942
10.215115178	2942
10.215169840	2942
10.215169958	2942
10.215170045	2942
10.215188303	86
10.253598462	87
10.253672926	86
10.253725183	87
10.265416651	2942
10.265453451	74
10.265416876	2942
10.265474373	74
10.265416946	2942
10.265485058	74
10.265417014	2942
10.265493201	74
10.265499961	2942
10.265506513	74
10.265500053	2942
10.265514623	74
10.303940187	86
10.303975634	90
10.303975784	373
10.304031721	86
10.304126543	90
10.304138473	410
10.304148303	87
10.304991387	86
10.305013674	74
10.354380221	86
10.354380451	87
10.354380521	86
10.354469968	86
10.404612692	86
