0.000000000	94
0.000036941	94
0.010273300	86
0.010273541	123
0.010328124	86
0.010397020	87
0.020534613	86
0.020634405	90
0.020634508	210
0.020682348	86
0.020712558	87
0.031036938	94
0.031078190	94
0.041301131	86
0.041301358	123
0.041360017	86
0.041895509	87
0.041905547	87
0.052090525	98
0.082038296	87
0.092257036	86
0.092261636	2942
0.092288731	86
0.092261861	2942
0.092319040	86
0.092261929	2942
0.092326429	86
0.092261999	2942
0.092331820	86
0.092336146	2942
0.092340481	86
0.102543562	2942
0.102568759	86
0.102543787	2942
0.102590391	86
0.102543857	2942
0.102603501	86
0.102543927	2942
0.102616541	4370
0.102616649	4370
0.102616716	4370
0.102626656	86
0.102628899	4370
0.102644374	86
0.112841875	2942
0.112866695	86
0.112842092	5798
0.112889019	86
0.112842182	5798
0.112903284	86
0.112912964	7226
0.112921264	86
0.112913064	10082
0.112931506	86
0.112938902	2942
0.112949831	86
0.112939004	9974
0.112974276	86
0.123126728	10082
0.123126945	11510
0.123164460	194
0.123164615	14366
0.123185492	17222
0.123217655	86
0.123320621	10082
0.123347839	86
0.133811275	21506
0.133841855	86
0.133861357	28646
0.133879725	86
0.133885705	2942
0.133911032	86
0.137212348	28646
0.137245003	86
0.137638343	2786
0.137663207	86
0.144115976	242
0.144140155	86
0.144116193	31502
0.144172148	86
0.148371715	31502
0.148404617	86
0.153670531	31502
0.153709721	86
0.158996415	31502
0.159035000	86
0.164291054	31502
0.164330329	86
0.169638618	31502
0.169677393	86
0.174983849	31502
0.175023074	86
0.178123482	18650
0.178158616	86
0.178604563	2942
0.178633735	86
0.180280991	10082
0.180313513	86
0.185639977	31502
0.185682387	86
0.190969491	31502
0.191001106	98
0.198030947	41498
0.198065812	98
0.205027757	41498
0.205063471	98
0.212079323	41498
0.212113743	98
0.219099060	41498
0.219134634	98
0.226064734	28646
0.226094996	98
0.226120386	12938
0.226150553	98
0.233156518	41498
0.233191160	98
0.240178427	41498
0.240214269	98
0.247203091	41498
0.247237781	98
0.253986292	40070
0.254020209	98
0.254167056	1514
0.254189385	98
0.258546449	25790
0.258576498	98
0.261218032	15794
0.261245504	98
0.267310478	35786
0.267344140	98
0.268271096	5798
0.268299563	98
0.271663889	20078
0.271694288	98
0.272114525	2942
0.272139630	98
0.273562572	8654
0.273592080	86
0.276737729	18650
0.276765444	86
0.276950698	1514
0.276975187	86
0.280142682	18650
0.280171539	86
0.281815740	10082
0.281840895	86
0.284504273	15794
0.284533028	86
0.286883393	14366
0.286914455	86
0.289784305	17222
0.289812887	86
0.291769083	11510
0.291796325	86
0.294678517	17222
0.294707352	86
0.295127113	2942
0.295151861	86
0.295351139	1514
0.295375429	86
0.296596730	7226
0.296622858	86
0.299278109	15794
0.299306661	86
0.301451483	12938
0.301479010	86
0.302170200	4370
0.302195487	86
0.304566390	14366
0.304594495	86
0.306301320	10082
0.306328017	86
0.308727057	14366
0.308755215	86
0.311149263	14366
0.311179635	98
0.313081363	11510
0.313107191	106
0.313250447	1514
0.313273207	106
0.314251082	5798
0.314275982	106
0.316688940	14366
0.316715472	106
0.317672558	5798
0.317697767	106
0.320109690	14366
0.320136580	106
0.320301451	1514
0.320325066	106
0.322712944	14366
0.322739836	106
0.325180873	14366
0.325206458	106
0.326381765	7226
0.326408234	106
0.327371607	5798
0.327396537	106
0.329554609	12938
0.329581676	106
0.330737073	7226
0.330763150	106
0.331212517	2942
0.331236779	106
0.332218912	5798
0.332244677	106
0.333175085	5798
0.333200648	106
0.334160463	5798
0.334186388	114
0.335091716	5798
0.335118111	114
0.336031359	5798
0.336692100	114
0.337036105	5798
0.337696663	114
0.337998948	5798
0.338648743	114
0.338990018	5798
0.339636571	114
0.339967461	5798
0.340612619	114
0.340911377	5798
0.341557345	114
0.341853810	5798
0.342499773	114
0.342847350	5798
0.343492901	114
0.343799326	5798
0.344444074	114
0.344772191	5798
0.345417047	114
0.345713479	5798
0.345969475	1514
0.346355300	114
0.346974653	5798
0.347605458	114
0.347888659	5798
0.348518987	114
0.348885471	5798
0.349516159	114
0.349874459	5798
0.350504667	114
0.350835587	5798
0.351478135	114
0.351831612	5798
0.352483633	114
0.352748033	5798
0.353402719	114
0.353739199	5798
0.354404534	114
0.354712509	5798
0.355357699	114
0.355641982	5798
0.356284553	114
0.356611768	5798
0.356847531	1514
0.357263541	114
0.357840824	5798
0.358471584	114
0.358830869	5798
0.359461195	114
0.359782562	5798
0.360412853	114
0.360777835	5798
0.361417108	114
0.361740066	5798
0.362370664	114
0.362691034	5798
0.363321552	114
0.363651754	5798
0.364281910	114
0.364602750	5798
0.365235093	114
0.365570420	5798
0.366087084	2942
0.366104989	114
0.367074047	5798
0.367087932	114
0.367511924	2942
0.367524424	114
0.367758467	1514
0.367771005	114
0.368477459	4370
0.368490682	114
0.369474512	5798
0.369487577	114
0.369983716	2942
0.369996456	114
0.370690481	4370
0.370704746	114
0.371936247	7226
0.371963194	114
0.372361639	2942
0.372385629	114
0.372581862	1514
0.372606137	114
0.373850398	7226
0.373875320	114
0.374334572	2942
0.374358977	114
0.375524351	7226
0.375549596	114
0.376025270	2942
0.376049715	114
0.376757204	4370
0.376781674	114
0.377447894	4370
0.377472362	114
0.377684185	1514
0.377706270	114
0.378197669	2942
0.378212451	114
0.378679473	2942
0.378691988	114
0.378889384	1514
0.378901676	114
0.379641959	4370
0.379655871	114
0.380383196	4370
0.380396021	114
0.381071858	4370
0.381085110	114
0.381333951	1514
0.381346296	114
0.381574967	1514
0.381586612	114
0.382312954	4370
0.382325789	114
0.383011779	4370
0.383024596	114
0.383733241	4370
0.383745889	114
0.384508216	4370
0.384520838	114
0.384978292	2942
0.384990792	114
0.386395050	8654
0.386409757	114
0.387134769	4370
0.387147642	114
0.388398595	7226
0.388424045	114
0.389352513	5798
0.389377728	114
0.390026188	4370
0.390055283	114
0.390535190	2942
0.390559089	114
0.391275969	4370
0.391919737	114
0.391984467	4370
0.392631139	114
0.392706399	4370
0.393214530	2942
0.393335289	114
0.393939912	4370
0.394570010	114
0.394643672	4370
0.395274713	114
0.395612040	5798
0.396260963	114
0.396848454	7226
0.397479484	114
0.397813359	5798
0.398454302	114
0.398784310	5798
0.399413985	114
0.399729915	5798
0.400362193	114
0.400723398	5798
0.400955234	1514
0.401353714	114
0.401689879	4370
0.402319819	114
0.402654474	5798
0.403284725	114
0.403623442	5798
0.404259033	114
0.405567031	11510
0.406013867	2942
0.406198894	114
0.407016298	5798
0.407646393	114
0.407975473	5798
0.407993541	114
0.408222901	1514
0.408235196	106
0.408718360	2942
0.408730935	106
0.409441553	4370
0.409454215	114
0.410386973	5798
0.410399998	114
0.410885454	2942
0.410897990	114
0.411628007	4370
0.411640914	114
0.412843278	7226
0.412869103	114
0.413295529	2942
0.413319554	114
0.413536005	1514
0.413559013	114
0.414773194	7226
0.414799704	114
0.415236501	2942
0.415260863	114
0.416481746	7226
0.416507521	114
0.416958413	2942
0.416982958	114
0.417679343	4370
0.417693113	114
0.418362815	4370
0.418375990	114
0.419641029	7226
0.419828152	1514
0.420292414	106
0.420308286	2942
0.420833510	2942
0.420946542	106
0.421034848	1514
0.421664429	106
0.421788463	4370
0.422418471	106
0.422488786	4370
0.423136866	106
0.423221140	4370
0.423445031	1514
0.423727117	1514
0.423849808	106
0.424454979	4370
0.424938150	2942
0.425083382	106
0.425157586	1514
0.425786492	106
0.425911228	4370
0.426541091	106
0.426609898	4370
0.427239631	106
0.428090482	8654
0.428721378	114
0.429296349	7226
0.429926554	114
0.430975666	10082
0.431470148	2942
0.431605854	114
0.432689304	7226
0.433146996	2942
0.433323817	114
0.433394816	1514
0.434024209	114
0.434139844	4370
0.434769449	114
0.435099467	5798
0.435729592	114
0.436325003	7226
0.436956808	114
0.437276056	5798
0.437921424	114
0.438238794	5798
0.438883714	114
0.439242014	5798
0.439883847	114
0.440455108	7226
0.441100108	114
0.441128883	4370
0.441771686	114
0.442121923	5798
0.442768271	114
0.443121388	5798
0.443766474	114
0.444085479	5798
0.444728054	114
0.445511401	8654
0.446145919	114
0.446496484	5798
0.447140864	114
0.447464649	5798
0.447705663	1514
0.448097100	114
0.448170119	2942
0.448435542	1514
0.448449800	114
0.449137352	4370
0.449767388	114
0.450104925	5798
0.450597174	2942
0.450733426	114
0.451348319	4370
0.451980539	114
0.452552380	7226
0.453020397	2942
0.453181150	114
0.453257285	1514
0.453885775	114
0.454510966	7226
0.454980072	2942
0.455140236	114
0.455185229	1514
0.455814081	114
0.455942975	4370
0.456572668	114
0.456646300	4370
0.457276316	114
0.458098910	8654
0.458729915	114
0.459098790	5798
0.459330848	1514
0.459728783	114
0.460060966	4370
0.460690469	114
0.460760931	4370
0.461390461	114
0.461993234	7226
0.462643409	114
0.463226250	7226
0.463459443	1514
0.463867943	114
0.463900653	2942
0.464182513	1514
0.464536233	114
0.464679902	2942
0.465322035	114
0.466110089	8654
0.466773185	114
0.466820291	4370
0.467456190	114
0.469726283	17222
0.470236334	2942
0.470362841	114
0.470979391	4370
0.471624224	114
0.471653734	4370
0.472296047	114
0.473409734	10082
0.473600977	1514
0.474060602	114
0.474372514	4370
0.475016717	114
0.475349462	5798
0.475979818	114
0.476568836	7226
0.477199534	114
0.477473349	5798
0.478103645	114
0.478474935	5798
0.479104790	114
0.479443698	5798
0.479464503	98
0.480387261	5798
0.480400648	98
0.481620532	7226
0.481633904	98
0.482346719	4370
0.482359549	98
0.483315020	5798
0.483327969	98
0.484250740	5798
0.484263858	98
0.485254138	5798
0.485267031	98
0.486674955	8654
0.486688187	98
0.487675795	5798
0.487700363	98
0.488903141	7226
0.488928294	98
0.489377243	2942
0.489401251	98
0.490303661	5798
0.490323996	98
0.491783378	8654
0.492426429	98
0.492474788	4370
0.493102226	98
0.494218378	10082
0.494405657	1514
0.494859653	98
0.496179284	10082
0.496383100	1514
0.496822977	98
0.497875309	8654
0.497903091	98
0.498597161	4370
0.498622324	98
0.499321956	4370
0.499345888	98
0.500782840	8654
0.501425683	98
0.501753141	5798
0.501964009	1514
0.502393361	98
0.502704431	4370
0.503334352	98
0.503422484	4370
0.504083254	98
0.504668032	7226
0.505313442	98
0.506102879	8654
0.506764905	98
0.506786242	4370
0.506805254	86
0.507542214	4370
0.507567049	86
0.508012680	2942
0.508025736	86
0.509474087	8654
0.509488115	86
0.510223182	4370
0.510236074	86
0.513349917	18650
0.513365772	86
0.513592655	1514
0.513604805	86
0.514334650	4370
0.514350150	86
0.515077134	4370
0.515104557	86
0.517036263	11510
0.517065465	86
0.517735225	4370
0.517762410	86
0.518654393	5798
0.518715710	86
0.519907492	7226
0.519963624	86
0.520910905	5798
0.520966657	86
0.521877425	5798
0.521932947	86
0.522588010	4370
0.522614557	86
0.524283940	10082
0.524347472	86
0.525250803	5798
0.525311200	86
0.525999990	4370
0.526026522	86
0.526709135	4370
0.526735912	86
0.527640538	5798
0.527696793	86
0.528372661	4370
0.528399315	86
0.529134520	4370
0.529157987	98
0.530582552	8654
0.530609012	98
0.532002017	8654
0.532028846	98
0.533732989	10082
0.533759061	98
0.533956540	1514
0.534158491	1514
0.534599768	98
0.535409162	7226
0.536054310	98
0.536406560	5798
0.537064782	98
0.537084037	4370
0.537599461	2942
0.537722318	98
0.538075093	2942
0.538720593	98
0.539034323	5798
0.539680051	98
0.539996594	5798
0.540497360	2942
0.540638096	98
0.540983997	2942
0.541483338	2942
0.541624344	98
0.542205323	4370
0.542693614	2942
0.542847550	106
0.543409412	4370
0.544052569	106
0.544131014	4370
0.544644635	2942
0.544771594	106
0.544802031	1514
0.545093882	1514
0.545439457	106
0.545568801	2942
0.546026153	2942
0.546209554	106
0.546764497	4370
0.547410445	106
0.547506677	4370
0.547969191	2942
0.548149417	106
0.548471380	2942
0.548714008	1514
0.549102228	106
0.549445208	4370
0.549683086	1514
0.550081553	106
0.550388386	4370
0.551018234	106
0.551117168	4370
0.551746894	106
0.551851123	4370
0.552481033	106
0.552567938	4370
0.553197658	106
0.553294282	4370
0.553923953	106
0.554019239	4370
0.554648970	106
0.554779229	4370
0.555410042	106
0.555478926	4370
0.556117259	106
0.556200999	4370
0.556831767	106
0.556957953	4370
0.557587659	106
0.557658411	4370
0.557673496	106
0.557895499	1514
0.557908334	106
0.558127675	1514
0.558142732	98
0.558652771	2942
0.558665659	98
0.559346978	4370
0.559359911	98
0.559614782	1514
0.560264409	98
0.560353929	4370
0.560844230	2942
0.560994736	98
0.561025746	1514
0.561661894	98
0.562025771	5798
0.562523255	2942
0.562666430	98
0.563485941	5798
0.563717304	1514
0.564150814	98
0.564709155	5798
0.565349472	106
0.565407035	4370
0.565669380	1514
0.565687270	98
0.566386620	4370
0.566399362	98
0.566883656	2942
0.566896014	98
0.567097317	1514
0.567613591	2942
0.567724455	98
0.568097290	2942
0.568582767	2942
0.568724753	98
0.569070010	2942
0.569699416	98
0.570018794	5798
0.570039139	98
0.570728151	4370
0.571357277	98
0.571454941	4370
0.572084021	98
0.572217398	4370
0.572846846	98
0.572919602	4370
0.573548638	98
0.573668625	4370
0.574297685	98
0.574368092	4370
0.575013697	98
0.575088327	4370
0.575717405	98
0.575847114	4370
0.576476312	98
0.576548469	4370
0.577177662	98
0.577302798	4370
0.577932116	98
0.577984638	4370
0.578255147	1514
0.578502905	1514
0.578611349	98
0.578974396	2942
0.579603399	98
0.579740131	4370
0.579973787	1514
0.580396696	98
0.581192353	7226
0.581397741	1514
0.581836785	98
0.582887673	8654
0.583533151	98
0.584100049	7226
0.584741094	98
0.584808826	4370
0.584835756	86
0.585779794	5798
0.585793844	86
0.586475124	4370
0.586488544	86
0.586968778	2942
0.586981508	86
0.587473167	2942
0.587485744	86
0.588446550	5798
0.588512677	86
0.588687861	1514
0.588925282	1514
0.588990001	86
0.589658061	4370
0.589725648	86
0.590117328	2942
0.590183875	86
0.590621814	2942
0.590688104	86
0.591095666	2942
0.591166235	86
0.591558605	2942
0.591627584	86
0.592045671	2942
0.592091144	86
0.592517440	2942
0.592589425	86
0.593018002	2942
0.593083801	86
0.593508688	2942
0.593573836	86
0.594031977	2942
0.594076594	86
0.594220196	1514
0.594232313	98
0.594471009	1514
0.594483274	98
0.596172509	10082
0.596192601	98
0.597120692	2942
0.597153922	2942
0.597752080	98
0.597907437	4370
0.598552282	98
0.598581289	4370
0.599094833	2942
0.599219372	98
0.599843312	4370
0.600488325	98
0.600517355	4370
0.601160081	98
0.601266470	4370
0.601910998	98
0.602013757	4370
0.602658400	98
0.602723072	4370
0.603366807	98
0.603463261	4370
0.604108932	98
0.604173211	4370
0.604815266	98
0.604890336	4370
0.605520766	98
0.605602623	4370
0.606232846	98
0.606347705	4370
0.606978563	98
0.607103622	4370
0.607335403	1514
0.607351440	98
0.607578636	1514
0.607591146	98
0.608524934	5798
0.608539927	86
0.609249947	4370
0.609263159	86
0.609761983	2942
0.609774505	86
0.610471498	4370
0.610542467	86
0.611216132	4370
0.611283640	86
0.611451898	1514
0.611692857	1514
0.611757496	86
0.612180915	2942
0.612249653	86
0.613507658	4370
0.613574915	86
0.614268088	4370
0.614345727	86
0.614986248	4370
0.615063062	86
0.615614623	4370
0.615690710	86
0.616327028	4370
0.616401757	86
0.617113957	4370
0.617190607	86
0.617523599	5798
0.617600564	86
0.617738038	1514
0.618737673	4370
0.618813625	86
0.619413275	4370
0.619488163	86
0.619968811	4370
0.620043299	86
0.620701556	4370
0.620783023	86
0.621395061	4370
0.621471586	86
0.625242828	5798
0.625266451	98
0.625243053	5798
0.625286376	98
0.625811109	5798
0.625835717	98
0.627361453	5798
0.627765868	5798
0.628016586	98
0.629655399	5798
0.630216355	5798
0.630296559	106
0.630888717	5798
0.631533558	106
0.635405720	4370
0.635431275	106
0.635989323	1514
0.636015770	98
0.635989545	2942
0.636035560	98
0.638199122	5798
0.638223717	98
0.638199347	4370
0.638199414	1514
0.638882124	98
0.640453978	5798
0.640480466	86
0.640454198	7226
0.640503313	4370
0.640540025	86
0.641724809	5798
0.641805568	86
0.645556506	4370
0.645628925	86
0.646221611	4370
0.646298088	86
0.648444518	5798
0.648520632	86
0.649121740	5798
0.649198950	86
0.650661862	4370
0.650662082	4370
0.650662152	4370
0.650698881	4370
0.650741708	86
0.652036104	4370
0.652113096	86
0.655783669	4370
0.655862959	86
0.656486874	4370
0.656563151	86
0.658747396	4370
0.658824065	86
0.659370121	4370
0.659370349	4370
0.659446160	86
0.660942340	4370
0.660942587	4370
0.660942657	4370
0.660978309	4370
0.661019634	86
0.662341304	4370
0.662417079	86
0.666072002	4370
0.666149112	86
0.666746892	4370
0.666823917	86
0.669083983	4370
0.669160200	86
0.669653869	4370
0.669654091	4370
0.669730011	86
0.671212018	4370
0.671212240	4370
0.671212308	4370
0.671250617	4370
0.671292317	86
0.672642527	4370
0.672716624	86
0.676333498	4370
0.676412608	86
0.677078015	4370
0.677152847	86
0.679419286	4370
0.679496308	86
0.681493463	4370
0.681493686	4370
0.681493753	4370
0.681532140	4370
0.681532283	4370
0.681532353	4370
0.681575195	86
0.682984000	4370
0.683059222	86
0.686594834	4370
0.686669866	86
0.687362563	4370
0.687438748	86
0.689778445	4370
0.689852590	86
0.691738804	4370
0.691739019	4370
0.691739089	4370
0.691777806	4370
0.691777971	4370
0.691778041	4370
0.691819758	86
0.693320603	4370
0.693393087	86
0.696861079	4370
0.696939609	86
0.697669356	4370
0.697746035	86
0.700106253	4370
0.700183325	86
0.702027162	4370
0.702027382	4370
0.702027449	4370
0.702066956	4370
0.702067122	4370
0.702067194	4370
0.702110094	86
0.703602115	4370
0.703678225	86
0.707125320	4370
0.707205577	86
0.707998593	4370
0.708072330	86
0.710458178	4370
0.710531375	86
0.712289642	4370
0.712289867	4370
0.712289937	4370
0.712327887	4370
0.712328022	4370
0.712328097	4370
0.712368512	86
0.713936180	4370
0.714025757	86
0.717393170	4370
0.717465860	86
0.718349418	4370
0.718423475	86
0.720773901	4370
0.720848238	86
0.722536156	4370
0.722536376	4370
0.722536446	4370
0.722576050	4370
0.722576183	4370
0.722576253	4370
0.722614707	86
0.724308928	4370
0.724383280	86
0.727635826	4370
0.727711291	86
0.728617169	4370
0.728617394	4370
0.728689729	86
0.731119991	4370
0.731194980	86
0.732799061	4370
0.732799281	4370
0.732799349	4370
0.732836691	4370
0.732850701	98
0.732836833	4370
0.732866338	98
0.734544741	4370
0.734569251	98
0.737903142	4370
0.738545445	98
0.738964274	4370
0.738964494	4370
0.739605794	98
0.741479496	4370
0.742118359	98
0.743099279	2942
0.743125139	98
0.743099502	1514
0.743146634	86
0.743099572	2942
0.743099639	2942
0.743099707	1514
0.743185746	86
0.748765648	4370
0.748788748	98
0.749878750	4370
0.749904052	98
0.749878967	4370
0.749923542	98
0.752406724	4370
0.753068814	98
0.753373660	2942
0.753373890	2942
0.753373960	2942
0.754016350	98
0.759064753	2942
0.759064976	2942
0.759723521	98
0.760161731	4370
0.760188393	86
0.763348760	2942
0.763373902	86
0.763349010	1514
0.764264296	4370
0.764264521	4370
0.764341275	86
0.769955040	4370
0.769955262	1514
0.770045141	86
0.770370624	2942
0.770441708	86
0.773655825	2942
0.773729555	86
0.774598813	2942
0.774599038	2942
0.774599108	2942
0.774599178	2942
0.774674380	86
0.780246637	2942
0.780246865	2942
0.780322467	86
0.780594005	2942
0.780663434	86
0.783965976	2942
0.784036957	86
0.784960741	2942
0.784960961	2942
0.784961028	2942
0.784961098	2942
0.784999530	1514
0.785037623	86
0.790494143	2942
0.790494371	2942
0.790570300	86
0.790873973	2942
0.790945517	86
0.794286388	2942
0.794356563	86
0.795307191	2942
0.795307396	2942
0.795307466	2942
0.795307533	2942
0.795346300	1514
0.795381385	86
0.800797901	2942
0.800798126	2942
0.800874905	86
0.801123348	2942
0.801195648	86
0.804615103	2942
0.804687690	86
0.805668888	2942
0.805669113	2942
0.805669183	2942
0.805669251	2942
0.805708630	1514
0.805744620	86
0.811031184	2942
0.811031407	2942
0.811105881	86
0.811373344	2942
0.811445574	86
0.814968018	2942
0.815040515	86
0.815955739	2942
0.815955961	2942
0.815956031	2942
0.815956101	2942
0.815995408	2942
0.816031526	86
0.821280332	2942
0.821280558	2942
0.821357509	86
0.821642845	2942
0.821714732	86
0.825324908	2942
0.825398958	86
0.826271064	2942
0.826271284	2942
0.826271354	2942
0.826271421	2942
0.826312599	2942
0.826337833	86
0.831580703	2942
0.831603458	98
0.831910088	2942
0.831934190	98
0.835635556	2942
0.835659491	98
0.836587601	2942
0.836587824	4370
0.836587917	2942
0.836587984	2942
0.836628256	1514
0.837219174	98
0.841877443	2942
0.842101139	2942
0.842129209	86
0.845940574	1514
0.847408151	2942
0.847432730	86
0.847408373	2942
0.847408443	2942
0.847408513	1514
0.847484390	86
0.852416032	2942
0.852416259	2942
0.852491871	86
0.857658001	2942
0.857658221	2942
0.857658291	2942
0.857658361	2942
0.857735658	86
0.862756307	2942
0.862756532	2942
0.862756599	1514
0.862843054	86
0.867932757	2942
0.867932984	2942
0.867933054	2942
0.867933124	2942
0.868024431	86
0.873067835	2942
0.873068055	1514
0.873148196	86
0.878224015	2942
0.878247169	98
0.878224240	2942
0.878268124	98
0.878224307	2942
0.878280819	98
0.878224377	2942
0.878930095	98
0.883301530	2942
0.883966186	98
0.888494625	2942
0.888521828	86
0.888494845	4370
0.888577710	86
0.889170038	2942
0.889245530	86
0.894227494	2942
0.894305768	86
0.898783911	2942
0.898784131	2942
0.898864845	86
0.899438016	2942
0.899509785	86
0.904491737	2942
0.904515192	98
0.909124486	2942
0.909156847	98
0.909124708	2942
0.909173509	98
0.909703689	2942
0.910352954	98
0.914712873	2942
0.915363010	98
0.919425654	1514
0.919457681	98
0.919425881	1514
0.919475856	98
0.920550506	2942
0.920582086	98
0.925616416	2942
0.926256937	98
0.929675569	1514
0.929675789	1514
0.929716334	86
0.929675859	1514
0.930779774	1514
0.930809858	98
0.936490942	2942
0.936523022	98
0.940000645	2942
0.940033479	98
0.941026212	2942
0.941674390	98
0.946723375	1514
0.946745659	86
0.950282993	1514
0.951878109	2942
0.951910691	86
0.956969024	1514
0.962132821	2942
0.962164954	86
0.962133074	2942
0.962212069	86
0.972482056	2942
0.972482276	2942
0.972482339	1514
0.972565196	86
0.982852176	2942
0.982852399	2942
0.982852486	1514
0.982930018	86
0.993221791	2942
0.993222014	2942
0.993222084	1514
0.993299148	86
1.003587961	2942
1.003588184	2942
1.003588254	2942
1.003588321	1514
1.003666633	86
1.013956676	2942
1.013956899	2942
1.013956969	2942
1.013957036	1514
1.014046175	86
1.024315931	4370
1.024316156	2942
1.024391860	86
1.034660636	2942
1.034683801	98
1.034660881	2942
1.034706088	98
1.044944814	2942
1.044971901	86
1.044945041	2942
1.045025356	86
1.055266876	2942
1.055267124	2942
1.055267194	1514
1.055343339	86
1.065634279	2942
1.065634526	2942
1.065634594	1514
1.065710946	86
1.075999679	2942
1.075999904	2942
1.075999974	1514
1.076076196	86
1.086358694	2942
1.086358919	2942
1.086358989	1514
1.086433893	86
1.096698159	2942
1.096698379	2942
1.096698449	2942
1.096698519	1514
1.096776248	86
1.107033581	2942
1.107033804	2942
1.107033874	2942
1.107033944	1514
1.107112913	86
1.117381776	2942
1.117381999	2942
1.117382069	2942
1.117382139	1514
1.117460356	86
1.127736764	2942
1.127736986	2942
1.127737056	2942
1.127737126	1514
1.127814193	86
1.138058466	2942
1.138058704	2942
1.138058774	2942
1.138058846	2942
1.138098394	1514
1.138137701	86
1.148423176	2942
1.148423399	2942
1.148423469	2942
1.148423539	2942
1.148503448	86
1.158791436	2942
1.158814134	98
1.158791661	2942
1.158836731	98
1.158791731	2942
1.158849598	98
1.169107779	4370
1.169135434	86
1.169107999	4370
1.169191236	86
1.179407924	4370
1.179408149	2942
1.179408217	2942
1.179488719	86
1.189731577	2942
1.189731799	2942
1.189731867	2942
1.189731937	1514
1.189809416	86
1.200079794	2942
1.200080017	2942
1.200080110	2942
1.200080177	1514
1.200158504	86
1.210405610	2942
1.210405835	2942
1.210405902	2942
1.210405972	1514
1.210483357	86
1.220748312	2942
1.220748537	2942
1.220748605	2942
1.220748675	2942
1.220788944	1514
1.220827999	86
1.231120957	2942
1.231121182	2942
1.231121249	2942
1.231121319	2942
1.231162332	1514
1.231198024	86
1.241490922	2942
1.241491144	2942
1.241491234	2942
1.241491302	2942
1.241531369	1514
1.241571054	86
1.251816045	2942
1.251816269	2942
1.251816337	2942
1.251857409	98
1.251816407	1514
1.251876107	98
1.262154334	2942
1.262178717	98
1.262154582	2942
1.262154650	2942
1.262154720	1514
1.262213266	98
1.272428972	1514
1.272455987	86
1.272429195	4370
1.272429262	2942
1.272429332	1514
1.272512272	86
1.282744820	4370
1.282745045	2942
1.282745113	2942
1.282745183	1514
1.282823897	86
1.293097688	2942
1.293097910	2942
1.293097978	2942
1.293098048	2942
1.293176262	86
1.303466790	2942
1.303467015	2942
1.303467085	2942
1.303467155	2942
1.303545560	86
1.313810600	2942
1.313810823	2942
1.313844490	98
1.313810913	2942
1.313864237	98
1.324140250	2942
1.324164413	98
1.324140513	2942
1.324140580	1514
1.324194065	98
1.334440061	1514
1.334466230	86
1.334440283	4370
1.334440351	1514
1.334523358	86
1.344731888	4370
1.344732116	2942
1.344732184	1514
1.344810625	86
1.355083721	2942
1.355083943	2942
1.355084013	2942
1.355163060	86
1.365453118	2942
1.365453341	2942
1.365453431	2942
1.365532693	86
1.375813733	2942
1.375813956	2942
1.375890750	86
1.400617106	1514
1.400639298	98
1.410903519	2942
1.410927786	98
1.410903746	2942
1.410948124	98
1.420649658	1514
1.420674726	98
1.421158044	1514
1.421184494	86
1.421158267	2942
1.421235144	86
1.430959216	1514
1.431364123	2942
1.431364348	1514
1.431439095	86
1.441725301	2942
1.441725523	2942
1.441725593	1514
1.441803942	86
1.472614097	1514
1.514036784	86
1.524327579	2942
1.524327804	2942
1.524327872	1514
1.524405869	86
1.534690979	2942
1.534691204	2942
1.534691272	1514
1.534769646	86
1.545055096	2942
1.545055319	2942
1.545055389	1514
1.545134103	86
1.555425051	2942
1.555425276	2942
1.555425344	2942
1.555425414	2942
1.555505673	86
1.565781799	4370
1.565782026	2942
1.565782094	2942
1.565782164	1514
1.565861343	86
1.576154986	2942
1.576155209	2942
1.576155276	2942
1.576155346	2942
1.576234860	86
1.612643352	1514
1.654037154	86
1.664314297	2942
1.664314520	2942
1.664314590	2942
1.664314657	2942
1.664391607	86
1.674648450	2942
1.674648672	2942
1.674648742	2942
1.674648810	2942
1.674729192	86
1.684983152	2942
1.684983375	2942
1.684983465	2942
1.684983532	2942
1.685064049	86
1.695365865	2942
1.695389064	98
1.695366087	4370
1.695410644	98
1.695366157	2942
1.695423749	98
1.695366225	2942
1.696073735	98
1.705690325	2942
1.705690550	2942
1.705727025	86
1.705690617	1514
1.706278783	2942
1.706302963	86
1.716018672	2942
1.716043082	86
1.716018897	2942
1.716095974	86
1.716488691	2942
1.716488914	2942
1.716565043	86
1.726334460	2942
1.726357770	98
1.726825109	2942
1.726848984	98
1.726825334	2942
1.726867339	98
1.736616926	2942
1.737084477	2942
1.737112562	86
1.737084705	1514
1.778037083	86
1.788325716	2942
1.788325946	2942
1.788326036	2942
1.788404948	86
1.798693061	2942
1.798693283	2942
1.798693351	2942
1.798769870	86
1.809060933	2942
1.809061161	4370
1.809061228	1514
1.809139198	86
1.819429883	2942
1.819430105	2942
1.819430175	2942
1.819508550	86
1.852638025	1514
1.894036075	86
1.904311468	2942
1.904311708	2942
1.904311775	2942
1.904311845	2942
1.904391485	86
1.914649178	2942
1.914649403	2942
1.914649470	2942
1.914649540	2942
1.914728380	86
1.925008803	2942
1.925009023	2942
1.925009093	2942
1.925009163	2942
1.925088772	86
1.935359375	2942
1.935359595	2942
1.935359665	2942
1.935359735	2942
1.935438682	86
1.945725835	2942
1.945726065	4370
1.945726155	2942
1.945726225	2942
1.945765545	1514
1.945805949	86
1.956074370	2942
1.956074593	2942
1.956074660	2942
1.956074730	2942
1.956114677	2942
1.956154484	86
1.966446855	2942
1.966447110	2942
1.966447200	2942
1.966447267	2942
1.966488775	2942
1.966528039	86
1.976814842	2942
1.976815065	2942
1.976815135	2942
1.976815202	2942
1.976855910	2942
1.976896666	86
1.987153325	2942
1.987153562	2942
1.987153632	2942
1.987153702	2942
1.987195042	2942
1.987195187	2942
1.987235249	86
1.997527392	2942
1.997527612	2942
1.997527682	2942
1.997527750	2942
1.997570144	2942
1.997570279	2942
1.997609182	86
2.007881725	2942
2.007881947	2942
2.007882017	2942
2.007882085	2942
2.007922429	2942
2.007963711	86
2.018223640	2942
2.018246804	98
2.018223862	2942
2.018268009	98
2.018223930	2942
2.018283672	98
2.018224000	2942
2.018294309	2942
2.018918732	98
2.028544772	2942
2.028572157	86
2.028544997	2942
2.028628384	86
2.029146753	2942
2.029169585	98
2.038847957	4370
2.038872530	98
2.039359756	2942
2.039384226	98
2.048639356	1514
2.048664219	98
2.049110038	1514
2.049136623	86
2.049110266	1514
2.049624882	2942
2.049649464	86
2.058936467	1514
2.059914955	2942
2.059939587	86
2.059915180	2942
2.059993489	86
2.070233078	2942
2.070233325	2942
2.070233395	2942
2.070311652	86
2.080582845	2942
2.080583070	2942
2.080583140	2942
2.080662160	86
2.090935313	2942
2.090935535	2942
2.090935603	2942
2.091014922	86
2.101280658	2942
2.101280880	2942
2.101280950	2942
2.101281018	2942
2.101360957	86
2.111626610	2942
2.111626835	2942
2.111626903	2942
2.111626973	2942
2.111706117	86
2.121975998	2942
2.121976223	2942
2.121976310	2942
2.121976380	2942
2.122056937	86
2.132345435	2942
2.132345657	2942
2.132345727	2942
2.132345795	2942
2.132426614	86
2.142721215	2942
2.142721437	2942
2.142721505	2942
2.142721575	2942
2.142762224	2942
2.142800839	86
2.153090747	2942
2.153090972	2942
2.153091039	2942
2.153091109	2942
2.153136259	98
2.163427330	2942
2.163451692	98
2.163427555	2942
2.163471937	106
2.163427622	2942
2.164107540	106
2.172632463	1514
2.172657128	106
2.173674715	1514
2.173701103	98
2.173674938	2942
2.173721685	86
2.173675005	1514
2.174324806	2942
2.174349293	86
2.182940808	1514
2.183972551	4370
2.184048788	86
2.184530954	2942
2.184531179	1514
2.184606639	86
2.194278334	2942
2.194278558	2942
2.194354278	86
2.194860302	2942
2.194860529	2942
2.194936056	86
2.204642801	2942
2.204643026	2942
2.204720928	86
2.205143987	2942
2.205144212	2942
2.205221307	86
2.215007768	2942
2.215007993	2942
2.215085913	86
2.215363318	2942
2.215363543	2942
2.215439858	86
2.225728531	2942
2.225728756	2942
2.225728823	2942
2.225728893	2942
2.225769800	2942
2.225808740	86
2.236101748	4370
2.236101970	2942
2.236102038	2942
2.236102108	2942
2.236143225	1514
2.236182290	86
2.246465300	2942
2.246465523	2942
2.246465590	2942
2.246465660	2942
2.246506848	2942
2.246546385	86
2.256837490	2942
2.256837713	2942
2.256837800	2942
2.256837870	2942
2.256878215	2942
2.256918044	86
2.267210710	2942
2.267210935	2942
2.267211027	2942
2.267211095	2942
2.267252897	2942
2.267253032	2942
2.267291984	86
2.277586340	2942
2.277586562	2942
2.277586632	2942
2.277586700	2942
2.277627420	2942
2.277627560	2942
2.277668954	86
2.287943335	2942
2.287943557	2942
2.287943625	2942
2.287943695	2942
2.287985902	2942
2.287986052	2942
2.288021741	86
2.298269137	2942
2.298269375	2942
2.298269445	2942
2.298269515	2942
2.298310372	2942
2.298310520	2942
2.298350217	86
2.308645065	2942
2.308645287	2942
2.308679222	98
2.308645357	2942
2.308700309	98
2.308645427	2942
2.308710604	98
2.308716161	2942
2.308716274	1514
2.309349647	106
2.318982377	2942
2.318982602	2942
2.318982670	2942
2.319023949	98
2.318982740	1514
2.319044802	98
2.319538501	1514
2.319564306	86
2.319538728	1514
2.329327837	2942
2.329352445	86
2.329328055	2942
2.329328125	2942
2.329328192	1514
2.329408061	86
2.339642850	2942
2.339643072	2942
2.339643140	2942
2.339643210	2942
2.339721639	86
2.350015745	2942
2.350039255	98
2.350015962	2942
2.350060377	98
2.350016032	2942
2.350073919	98
2.350016100	2942
2.350722785	98
2.360317277	2942
2.360344462	86
2.360317503	4370
2.360401004	86
2.361010730	2942
2.361085825	86
2.370611718	2942
2.370611936	2942
2.370689670	86
2.371324183	2942
2.371324403	2942
2.371401317	86
2.380952648	2942
2.380952871	2942
2.381031875	86
2.381612676	2942
2.381612901	2942
2.381690380	86
2.391967126	2942
2.391967351	2942
2.391967421	2942
2.391967488	2942
2.392047143	86
2.416589287	1514
2.458036794	86
2.468326325	2942
2.468326547	2942
2.468326617	2942
2.468326685	2942
2.468368514	2942
2.468406964	86
2.478699569	2942
2.478699792	2942
2.478699862	2942
2.478699929	2942
2.478740977	2942
2.478780576	86
2.489076824	2942
2.489077049	2942
2.489077119	2942
2.489077189	2942
2.489117937	2942
2.489158289	86
2.499447462	2942
2.499447684	2942
2.499447754	2942
2.499447822	2942
2.499490284	2942
2.499527858	86
2.509817417	2942
2.509817639	2942
2.509817707	2942
2.509817777	2942
2.509861601	2942
2.509861726	2942
2.509898466	86
2.520177834	2942
2.520178056	2942
2.520178126	2942
2.520178194	2942
2.520219651	2942
2.520219784	2942
2.520259448	86
2.530551401	2942
2.530551639	2942
2.530551726	2942
2.530551796	2942
2.530593636	4370
2.530593788	1514
2.530632431	86
2.564620814	1514
2.606036134	86
2.616318130	2942
2.616318352	2942
2.616318422	2942
2.616318490	2942
2.616360899	2942
2.616361047	2942
2.616398529	86
2.626653050	2942
2.626653270	2942
2.626653337	2942
2.626653407	2942
2.626697562	2942
2.626697722	2942
2.626734089	86
2.636999070	2942
2.636999295	2942
2.636999365	2942
2.636999435	2942
2.637041092	2942
2.637041239	2942
2.637080944	86
2.647376420	2942
2.647376642	2942
2.647376710	4370
2.647376780	2942
2.647418954	2942
2.647419074	2942
2.647419144	2942
2.647458946	86
2.657753122	2942
2.657753347	2942
2.657753434	2942
2.657753504	2942
2.657795589	2942
2.657809614	98
2.657795729	1514
2.657836924	106
2.668105917	2942
2.668130189	106
2.668106139	2942
2.668106209	2942
2.668106277	2942
2.668158864	1514
2.668172496	106
2.678423095	1514
2.678450234	98
2.678423337	2942
2.678471537	86
2.678423405	2942
2.678423475	2942
2.678488997	98
2.688743377	2942
2.688767512	98
2.688743597	2942
2.688787454	98
2.688743667	2942
2.688743735	2942
2.689424662	98
2.699025015	2942
2.699052175	86
2.699025243	1514
2.699643776	2942
2.699668058	86
2.709321268	2942
2.709343678	98
2.709942716	2942
2.709966523	98
2.719625178	2942
2.719652111	86
2.720181094	2942
2.720205454	86
2.730393528	2942
2.730415998	98
2.730393750	1514
2.730436200	98
2.740694828	1514
2.740719898	98
2.751001149	1514
2.751027516	86
2.761306341	2942
2.761331126	86
2.771614726	4370
2.771691729	86
2.781977549	2942
2.781977791	2942
2.782056273	86
2.792329834	2942
2.792330056	2942
2.792407861	86
2.802651724	2942
2.802651989	2942
2.802728778	86
2.812990956	2942
2.812991179	2942
2.813069244	86
2.823336592	2942
2.823336814	2942
2.823336884	2942
2.823415699	86
2.833700666	2942
2.833700906	2942
2.833700976	2942
2.833779983	86
2.844069471	2942
2.844069691	2942
2.844069761	2942
2.844149741	86
2.854396319	2942
2.854396539	2942
2.854396609	2942
2.854474709	86
2.864761326	2942
2.864761551	2942
2.864761621	2942
2.864761691	2942
2.864842828	86
2.875103901	2942
2.875104121	2942
2.875104191	2942
2.875104259	2942
2.875184283	86
2.885468281	2942
2.885468506	2942
2.885502289	98
2.885468574	2942
2.885522858	98
2.895798444	2942
2.895822849	98
2.895798666	1514
2.895798736	2942
2.895852993	86
2.906101017	2942
2.906126261	86
2.906101262	2942
2.906101352	1514
2.906180584	86
2.916414244	2942
2.916414467	2942
2.916414562	2942
2.916494134	86
2.926779684	2942
2.926779929	2942
2.926779999	2942
2.926859239	86
2.937147879	2942
2.937148102	2942
2.937148172	2942
2.937225764	86
2.947511211	2942
2.947511437	2942
2.947511507	2942
2.947511577	2942
2.947591108	86
2.957879886	2942
2.957880106	2942
2.957880176	2942
2.957880244	2942
2.957961678	86
2.968252444	2942
2.968275479	98
2.968252669	2942
2.968296724	98
2.968252736	2942
2.968309628	98
2.978559692	2942
2.978559919	1514
2.978595071	98
2.978559986	1514
2.978614516	98
2.988863982	2942
2.988888277	98
2.988864219	1514
2.988864287	1514
2.988918104	86
2.988864357	1514
2.999205410	2942
2.999230159	86
2.999205632	2942
2.999284474	86
3.009517685	2942
3.009517910	2942
3.009517997	2942
3.009596409	86
3.019867167	2942
3.019867390	2942
3.019867460	2942
3.019946066	86
3.030233805	2942
3.030234052	2942
3.030234125	2942
3.030311794	86
3.040575245	2942
3.040575467	2942
3.040575537	2942
3.040653679	86
3.050904982	2942
3.050905227	2942
3.050938835	98
3.050905315	2942
3.050959409	98
3.061222282	2942
3.061246570	98
3.061222512	2942
3.061907038	98
3.071534560	2942
3.071561870	86
3.071534783	1514
3.072105841	2942
3.072130328	86
3.081805803	2942
3.081830536	86
3.082347484	2942
3.082373392	86
3.082347707	2942
3.082424121	86
3.092118566	2942
3.092194680	86
3.092589703	2942
3.092589925	2942
3.092665707	86
3.102470328	2942
3.102547011	86
3.102944568	2942
3.102944790	2942
3.103022064	86
3.112789816	2942
3.112866926	86
3.113211830	2942
3.113212056	2942
3.113289078	86
3.123566191	2942
3.123588935	98
3.123566415	2942
3.123609523	98
3.123566483	2942
3.123622703	98
3.133897611	2942
3.133924726	86
3.133897836	1514
3.133943860	98
3.144196309	2942
3.144223196	86
3.144196531	2942
3.144274153	86
3.154478144	4370
3.154478369	2942
3.154556618	86
3.164842031	2942
3.164842256	2942
3.164842326	2942
3.164917926	86
3.192565065	1514
3.234037047	86
3.244325738	2942
3.244325960	2942
3.244326030	2942
3.244404750	86
3.254694613	2942
3.254694838	2942
3.254694908	2942
3.254773622	86
3.265058543	2942
3.265058763	2942
3.265058833	2942
3.265137124	86
3.275427490	2942
3.275427712	2942
3.275427782	2942
3.275468844	98
3.275427850	1514
3.275487544	98
3.285747863	2942
3.285772403	98
3.285748088	2942
3.285748155	2942
3.285748225	1514
3.285807560	98
3.296047070	1514
3.296073820	86
3.296047293	4370
3.296047360	2942
3.296130657	86
3.306345681	4370
3.306345921	2942
3.306345993	2942
3.306425500	86
3.316649244	2942
3.316649464	2942
3.316649534	2942
3.316649601	1514
3.316730303	86
3.327019466	2942
3.327019714	2942
3.327019784	2942
3.327019854	1514
3.327099400	86
3.337383946	2942
3.337384168	2942
3.337384238	2942
3.337384306	1514
3.337462525	86
3.347733763	2942
3.347733991	2942
3.347734058	2942
3.347812220	86
3.358047549	2942
3.358071118	98
3.358047799	2942
3.358090991	98
3.358047869	2942
3.358101123	98
3.368351141	4370
3.368378664	86
3.368351361	4370
3.368434873	86
3.378636727	2942
3.378636954	2942
3.378714054	86
3.388982199	2942
3.388982424	2942
3.388982494	2942
3.388982562	2942
3.389063039	86
3.399334772	2942
3.399334977	2942
3.399335069	2942
3.399335137	2942
3.399375224	1514
3.399415711	86
3.409701574	2942
3.409701794	2942
3.409701862	2942
3.409742824	98
3.409701932	1514
3.409760934	98
3.420036267	2942
3.420060469	98
3.420036489	2942
3.420036559	2942
3.420036627	1514
3.420096026	98
3.430352482	1514
3.430379157	86
3.430352727	2942
3.430352795	1514
3.430406401	98
3.440645340	4370
3.440669545	98
3.452603008	1514
3.452627276	98
3.462917049	1514
3.462943058	86
3.462917271	2942
3.462917339	1514
3.462997345	86
3.473236066	4370
3.473236286	2942
3.473314150	86
3.483601963	2942
3.483602189	2942
3.483602276	1514
3.483680923	86
3.493966448	2942
3.493966671	2942
3.493966761	1514
3.494046605	86
3.504321631	2942
3.504321853	2942
3.504321943	1514
3.504399245	86
3.514647474	2942
3.514647696	2942
3.514647764	2942
3.514647834	1514
3.514725933	86
3.524992726	2942
3.524992949	2942
3.524993019	2942
3.524993086	1514
3.525072863	86
3.535361653	2942
3.535361873	2942
3.535361943	2942
3.535362011	1514
3.535441958	86
3.545728453	2942
3.545728678	2942
3.545728746	2942
3.545728816	1514
3.545807973	86
3.556097783	2942
3.556098006	2942
3.556098073	2942
3.556098143	1514
3.556178227	86
3.566466280	2942
3.566466503	2942
3.566466570	2942
3.566466640	2942
3.566508655	2942
3.566546855	86
3.576835688	2942
3.576835910	2942
3.576869955	98
3.576836003	2942
3.576892065	98
3.576836070	2942
3.576902400	98
3.587138935	2942
3.587139181	2942
3.587139251	2942
3.587181228	86
3.587139318	1514
3.597472063	2942
3.597496730	86
3.597472288	1514
3.597472356	2942
3.597550540	86
3.607786943	2942
3.607787169	2942
3.607787239	2942
3.607787309	2942
3.607866895	86
3.618059071	2942
3.618059319	2942
3.618090356	98
3.618059389	2942
3.618106364	98
3.628382782	2942
3.628406796	98
3.628383027	2942
3.628383097	1514
3.628435951	98
3.638693729	1514
3.638719762	86
3.638693952	4370
3.638694022	1514
3.638775641	86
3.649013505	4370
3.649013727	2942
3.649013797	1514
3.649091326	86
3.659379859	2942
3.659380085	2942
3.659380152	2942
3.659458479	86
3.669734704	2942
3.669734932	2942
3.669735002	2942
3.669814134	86
3.680083892	4370
3.680084115	2942
3.680084182	1514
3.680162809	86
3.690451029	2942
3.690451287	2942
3.690451359	2942
3.690451429	2942
3.690530036	86
3.700798084	2942
3.700798307	2942
3.700798377	2942
3.700876866	86
3.711170814	2942
3.711193639	98
3.711171079	2942
3.711214794	98
3.711171149	2942
3.711227464	98
3.721479012	2942
3.721505832	86
3.721479239	4370
3.721561529	86
3.731781812	2942
3.731782040	2942
3.731782110	2942
3.731860064	86
3.742120465	2942
3.742120687	2942
3.742120757	2942
3.742198912	86
3.752457492	2942
3.752457715	4370
3.752457805	1514
3.752536499	86
3.762812970	2942
3.762813192	2942
3.762813262	2942
3.762891419	86
3.773155742	2942
3.773155962	2942
3.773156052	2942
3.773233307	86
3.783523572	2942
3.783546720	98
3.783523795	2942
3.783567982	98
3.783523865	2942
3.783581059	98
3.793822290	2942
3.793849810	86
3.793822510	4370
3.793906284	86
3.804139925	2942
3.804140148	2942
3.804140218	2942
3.804219122	86
3.814477605	2942
3.814477828	2942
3.814477898	2942
3.814557725	86
3.824847395	2942
3.824847620	2942
3.824847688	2942
3.824928095	86
3.835205543	4370
3.835205770	1514
3.835239920	98
3.845532148	2942
3.845556200	98
3.845532373	2942
3.845575820	98
3.855832173	2942
3.855859491	86
3.866055074	2942
3.866080244	86
3.866055297	2942
3.866055364	1514
3.866134201	86
3.876366494	2942
3.876441866	86
3.886731414	2942
3.886731637	2942
3.886731707	1514
3.886808211	86
3.897097172	2942
3.897097394	2942
3.897097484	1514
3.897174738	86
3.907471426	2942
3.907495159	98
3.907471649	2942
3.907516813	98
3.907471741	1514
3.907529496	98
3.917791534	2942
3.917791759	2942
3.917828324	86
3.928103629	2942
3.928128387	86
3.928103854	2942
3.928103924	1514
3.928182641	86
3.938415782	2942
3.938491666	86
3.948759707	2942
3.948759932	4370
3.948837189	86
3.959126557	2942
3.959126802	2942
3.959126872	1514
3.959203759	86
3.969475642	2942
3.969475864	2942
3.969475934	2942
3.969476002	1514
3.969555791	86
3.979834372	2942
3.979834597	2942
3.979834664	2942
3.979834734	1514
3.979913226	86
3.990206992	2942
3.990230071	98
3.990207219	2942
3.990253371	98
3.990207289	1514
3.990267024	98
4.000519657	2942
4.000519882	2942
4.000556589	86
4.010838567	2942
4.010863517	86
4.010838792	2942
4.010838860	1514
4.010918104	86
4.021142737	2942
4.021165950	98
4.021142960	1514
4.021186512	98
4.031448465	2942
4.031472828	98
4.031448688	1514
4.031494730	98
4.041714273	1514
4.041740803	86
4.041714496	2942
4.041794558	86
4.052031694	4370
4.052031921	1514
4.052108815	86
4.062399011	2942
4.062399256	2942
4.062477308	86
4.072761621	2942
4.072761851	2942
4.072839143	86
4.083098138	2942
4.083098406	2942
4.083175813	86
4.093444589	2942
4.093444813	2942
4.093444881	2942
4.093523908	86
4.103775656	2942
4.103775878	2942
4.103775948	2942
4.103853620	86
4.114046632	2942
4.114046909	2942
4.114046979	2942
4.114125426	86
4.124411994	2942
4.124412216	2942
4.124445756	98
4.134736379	2942
4.134760594	98
4.134736604	2942
4.134780824	98
4.144576593	1514
4.144600728	98
4.144970475	1514
4.144996705	86
4.144970697	2942
4.145051824	86
4.154842904	1514
4.155199478	2942
4.155199703	1514
4.155276405	86
4.165561278	2942
4.165561503	2942
4.165561573	1514
4.165639023	86
4.175885171	2942
4.175885393	2942
4.175885463	1514
4.175963945	86
4.186212991	2942
4.186213236	2942
4.186213306	1514
4.186289846	86
4.196580126	2942
4.196580348	2942
4.196580418	1514
4.196657628	86
4.206946096	2942
4.206946343	2942
4.206946411	2942
4.206946481	1514
4.207025903	86
4.217315108	2942
4.217315383	2942
4.217315453	2942
4.217315521	1514
4.217395305	86
4.227683656	2942
4.227683878	2942
4.227683948	2942
4.227684018	1514
4.227763555	86
4.238047518	2942
4.238047793	2942
4.238047863	2942
4.238047933	1514
4.238127975	86
4.248397815	2942
4.248398040	2942
4.248398128	1514
4.248438485	98
4.258719731	2942
4.258743825	98
4.258719953	2942
4.258764040	98
4.258720023	2942
4.259398451	98
4.268573382	1514
4.268598624	98
4.268971074	1514
4.268997423	86
4.268971296	2942
4.269048621	86
4.269593549	2942
4.269667859	86
4.278878275	1514
4.279219872	2942
4.279296676	86
4.279935252	2942
4.279935474	1514
4.280011041	86
4.289585047	2942
4.289585269	2942
4.289662366	86
4.290218197	1514
4.290240287	98
4.308585296	1514
4.308610171	98
4.318888422	1514
4.318914844	86
4.544565776	1514
4.586038465	86
4.596325898	2942
4.596402018	86
4.606686531	4370
4.606765390	86
4.617049153	4370
4.617072913	98
4.627354501	1514
4.627381526	86
4.627354729	1514
4.637622954	1514
4.637646954	86
4.647901337	4370
4.647979139	86
4.658240465	4370
4.658317794	86
4.668604280	4370
4.668682782	86
4.678967687	4370
4.679045049	86
4.689331487	2942
4.689331712	2942
4.689331780	1514
4.689410164	86
4.699704444	2942
4.699704667	2942
4.699704757	1514
4.699783191	86
4.710047842	2942
4.710048117	2942
4.710048209	1514
4.710125896	86
4.720398647	2942
4.720398872	2942
4.720398962	1514
4.720477629	86
4.730718847	2942
4.730719072	2942
4.730719140	1514
4.730759989	98
4.741048810	2942
4.741072107	106
4.751336947	2942
4.751364222	98
4.761589541	2942
4.761616363	86
4.761589768	1514
4.771892386	2942
4.771918348	86
4.782203336	2942
4.782228051	86
4.782203596	2942
4.782203666	1514
4.782282836	86
4.792510144	2942
4.792532852	98
4.792510369	1514
4.792553566	98
4.802805392	2942
4.802829287	98
4.802805617	1514
4.802851474	98
4.813049075	1514
4.813075510	86
4.813049298	2942
4.813130530	86
4.823422540	2942
4.823422765	2942
4.823500454	86
4.833743148	2942
4.833743383	2942
4.833821727	86
4.844109418	2942
4.844109640	2942
4.844186514	86
4.854465915	2942
4.854466138	2942
4.854544057	86
4.880553228	1514
4.922036203	86
4.932323563	2942
4.932323786	2942
4.932323853	2942
4.932401375	86
4.942692173	2942
4.942692393	4370
4.942692460	1514
4.942771337	86
4.953061583	2942
4.953061805	2942
4.953061875	2942
4.953139282	86
4.963428228	2942
4.963428450	2942
4.963506477	86
4.973791683	2942
4.973814502	98
4.973791905	2942
4.973835502	98
4.984085516	2942
4.984112315	86
4.984085740	2942
4.984167847	86
4.994379476	2942
4.994379699	2942
4.994379766	1514
4.994457848	86
5.004722954	2942
5.004723176	2942
5.004723244	1514
5.004801263	86
5.015085253	2942
5.015085478	2942
5.015085546	1514
5.015162903	86
5.025446553	2942
5.025446778	2942
5.025446846	1514
5.025524268	86
5.035789943	2942
5.035790168	1514
5.035823311	98
5.046058019	2942
5.046082024	98
5.046058269	2942
5.046099669	98
5.056351564	2942
5.056379049	86
5.056351789	2942
5.056433486	86
5.066630840	2942
5.066631065	2942
5.066631132	1514
5.066710192	86
5.076980595	2942
5.077003815	98
5.076980817	1514
5.077024382	98
5.087299252	2942
5.087323525	98
5.087299478	1514
5.087346475	98
5.097612358	1514
5.097639205	86
5.097612580	2942
5.097693457	86
5.107932736	4370
5.107932960	1514
5.108011640	86
5.118302023	2942
5.118302268	2942
5.118379387	86
5.128590473	2942
5.128590698	2942
5.128669250	86
5.138946933	2942
5.138947178	2942
5.139025285	86
5.149302493	2942
5.149325370	98
5.149302718	2942
5.149346595	98
5.159571096	2942
5.159595301	98
5.159571321	2942
5.159619866	86
5.169849562	2942
5.169874434	86
5.169849812	2942
5.169928683	86
5.180164389	2942
5.180164614	2942
5.180164702	1514
5.180242036	86
5.190499197	2942
5.190499417	2942
5.190499487	2942
5.190578101	86
5.216543996	1514
5.258040485	86
5.268324488	2942
5.268324713	2942
5.268324805	2942
5.268404207	86
5.278691540	2942
5.278691785	2942
5.278691875	2942
5.278770687	86
5.289050618	2942
5.289073480	98
5.289050840	2942
5.289094467	98
5.299362700	2942
5.299386928	98
5.299362923	2942
5.299411875	86
5.309663251	2942
5.309688033	86
5.309663501	2942
5.309742228	86
5.319958894	2942
5.319959119	2942
5.319959186	1514
5.320037193	86
5.330309374	2942
5.330309599	2942
5.330309666	1514
5.330387630	86
5.340670734	2942
5.340670959	2942
5.340671026	1514
5.340748278	86
5.351033064	2942
5.351033288	2942
5.351066601	98
5.351033356	1514
5.351086448	98
5.361363994	2942
5.361388083	98
5.361364216	2942
5.361364286	1514
5.361417796	98
5.371675656	1514
5.371701989	86
5.371675879	2942
5.371675949	1514
5.371757693	86
5.381994116	4370
5.381994364	2942
5.382071746	86
5.392343639	2942
5.392343861	2942
5.392343931	1514
5.392422304	86
5.402703334	2942
5.402703559	2942
5.402703646	1514
5.402781173	86
5.413044329	2942
5.413044551	2942
5.413044621	1514
5.413123578	86
5.423408291	4370
5.423408516	2942
5.423408586	2942
5.423487691	86
5.433743871	2942
5.433766881	98
5.433744096	2942
5.433787936	98
5.433744184	1514
5.433800706	98
5.444036877	2942
5.444037099	2942
5.444073522	86
5.656532414	1514
5.656552009	98
5.666815005	2942
5.666839702	86
5.666815230	2942
5.666860799	86
5.677106430	2942
5.677131145	86
5.677106653	2942
5.677152417	86
5.687418570	2942
5.687443093	86
5.687418820	2942
5.687464432	86
5.697684398	2942
5.697709111	86
5.697684636	4370
5.697729741	86
5.697684723	1514
5.697744273	86
5.708022126	2942
5.708047348	86
5.708022349	2942
5.708068833	86
5.708022459	2942
5.708081918	86
5.718336269	2942
5.718361098	86
5.718336491	2942
5.718382333	86
5.718336561	2942
5.718395961	86
5.728631474	2942
5.728656107	86
5.728631724	2942
5.728631794	2942
5.728711123	86
5.738927472	2942
5.739005296	86
5.749290109	2942
5.749290332	2942
5.749290402	2942
5.749290469	1514
5.749368781	86
5.759630167	2942
5.759630389	2942
5.759630459	2942
5.759630527	1514
5.759710271	86
5.769959570	2942
5.769959872	2942
5.769959940	2942
5.770012079	98
5.804548451	1514
5.804571006	98
5.814846402	2942
5.814873764	86
5.814846627	2942
5.814846697	1514
5.814928274	86
5.825217009	2942
5.825217234	2942
5.825217302	2942
5.825294596	86
5.835564037	2942
5.835564284	2942
5.835564354	2942
5.835641544	86
5.845927499	2942
5.845927721	2942
5.845960861	98
5.856250644	2942
5.856274439	98
5.856250869	2942
5.856294394	98
5.864496482	1514
5.864520317	98
5.866551427	1514
5.866577247	86
5.866551647	2942
5.866632271	86
5.874796467	1514
5.876842690	4370
5.876919942	86
5.887210585	2942
5.887210810	2942
5.887287164	86
5.897578125	2942
5.897600789	98
5.897578372	2942
5.897621759	98
5.907882915	1514
5.907908650	86
5.907883138	2942
5.907963382	86
5.918201360	4370
5.918201603	1514
5.918279687	86
5.928542215	2942
5.928542440	2942
5.928620094	86
5.938869850	2942
5.938870115	2942
5.938947907	86
5.949212095	2942
5.949212320	2942
5.949290057	86
5.959559343	1514
5.959559593	2942
5.959559663	1514
5.959636575	86
5.969910488	2942
5.969910735	2942
5.969910803	2942
5.969910873	1514
5.969990952	86
5.980281233	2942
5.980281455	2942
5.980281525	2942
5.980281593	1514
5.980360577	86
5.990648310	2942
5.990648532	2942
5.990648600	2942
5.990648670	1514
5.990728607	86
6.001020202	2942
6.001020420	2942
6.001020490	2942
6.001020557	1514
6.001099502	86
6.011393610	2942
6.011393830	2942
6.011393900	2942
6.011393967	2942
6.011435489	1514
6.011472184	86
6.036544037	1514
6.078036074	86
6.088286090	2942
6.088286315	2942
6.088286385	2942
6.088286452	2942
6.088326765	1514
6.088366237	86
6.098620327	2942
6.098620555	2942
6.098620625	2942
6.098620695	2942
6.098661612	1514
6.098701224	86
6.108968037	2942
6.108968260	2942
6.108968327	2942
6.108968397	2942
6.109008297	1514
6.109049507	86
6.119324632	2942
6.119324857	2942
6.119324927	2942
6.119366015	98
6.119324997	2942
6.119386599	98
6.119392117	1514
6.119409017	98
6.129651623	2942
6.129651847	2942
6.129651917	2942
6.129651985	1514
6.129696527	98
6.139977828	1514
6.140004130	86
6.139978050	2942
6.139978118	2942
6.139978188	2942
6.140064532	86
6.150280451	1514
6.150280671	2942
6.150280741	2942
6.150280808	2942
6.150359145	86
6.160636260	2942
6.160659068	98
6.160636486	2942
6.160680450	98
6.160636553	2942
6.160693492	98
6.170932766	1514
6.170958911	86
6.170933011	2942
6.171014105	86
6.181222671	2942
6.181222894	2942
6.181222964	2942
6.181302563	86
6.191588144	2942
6.191588368	2942
6.191588438	2942
6.191667338	86
6.201904991	2942
6.201905214	2942
6.201905284	2942
6.201983691	86
6.212274386	2942
6.212274611	2942
6.212274701	2942
6.212353006	86
6.222639711	2942
6.222639931	2942
6.222640001	2942
6.222640069	2942
6.222720476	86
6.233011881	2942
6.233012106	2942
6.233012173	2942
6.233012243	2942
6.233091425	86
6.243382991	2942
6.243383221	2942
6.243383316	2942
6.243383381	2942
6.243462775	86
6.253749718	2942
6.253749941	2942
6.253750008	2942
6.253750078	2942
6.253829300	86
6.264123833	2942
6.264124058	2942
6.264124128	2942
6.264124198	2942
6.264204005	86
6.274454963	2942
6.274455185	2942
6.274455255	2942
6.274455323	2942
6.274496888	4370
6.274534690	86
6.284800840	2942
6.284801068	2942
6.284801136	2942
6.284801206	2942
6.284843295	2942
6.284843443	1514
6.284881902	86
6.295176970	2942
6.295177208	2942
6.295177275	2942
6.295177345	2942
6.295219060	2942
6.295219223	1514
6.295258737	86
6.305537490	2942
6.305537715	2942
6.305537785	2942
6.305537855	2942
6.305578552	2942
6.305578712	1514
6.305617932	86
6.315911180	2942
6.315911400	2942
6.315911467	2942
6.315911537	2942
6.315952307	2942
6.315992380	86
6.326248075	2942
6.326270905	98
6.326248298	2942
6.326292000	98
6.326248368	2942
6.326305365	98
6.326248435	2942
6.326316400	2942
6.326956727	98
6.336536915	1514
6.336562890	86
6.336537135	2942
6.336583368	98
6.337169473	2942
6.337193276	98
6.337169698	2942
6.337211731	98
6.346830021	4370
6.347374385	1514
6.347402364	86
6.347374612	1514
6.357686642	2942
6.357711277	86
6.357686897	2942
6.357764152	86
6.367995393	2942
6.367995615	2942
6.367995685	2942
6.368074869	86
6.378360385	2942
6.378360632	2942
6.378360720	2942
6.378439214	86
6.388702030	2942
6.388702305	2942
6.388702375	2942
6.388781287	86
6.399068132	4370
6.399068367	2942
6.399068435	2942
6.399068505	1514
6.399149012	86
6.409444157	2942
6.409444362	2942
6.409444432	2942
6.409444499	2942
6.409523996	86
6.419793957	2942
6.419794180	2942
6.419794247	2942
6.419794317	2942
6.419874821	86
6.430128050	2942
6.430128272	2942
6.430128365	2942
6.430128432	2942
6.430208077	86
6.440442390	2942
6.440442612	2942
6.440442680	2942
6.440442750	2942
6.440522002	86
6.464510530	1514
6.506036017	86
6.516330540	2942
6.516330762	2942
6.516330830	4370
6.516330900	2942
6.516375470	2942
6.516410622	86
6.526703825	2942
6.526704047	2942
6.526704140	2942
6.526704207	2942
6.526744789	1514
6.526758254	98
6.537002705	2942
6.537027015	98
6.537002928	2942
6.537045785	98
6.537003018	2942
6.537003085	2942
6.537701325	98
6.547329840	2942
6.547356827	86
6.547330068	1514
6.547990668	2942
6.548015025	86
6.547990893	2942
6.548066547	86
6.557628411	2942
6.557705332	86
6.558202009	2942
6.558277343	86
6.567995325	2942
6.567995548	2942
6.567995618	2942
6.568073387	86
6.568452935	2942
6.568528724	86
6.578363795	2942
6.578364038	4370
6.578442125	86
6.578755355	2942
6.578755580	1514
6.578831959	86
6.588709298	2942
6.588731813	98
6.599022863	2942
6.599047030	98
6.599023111	2942
6.599067335	98
6.599023181	2942
6.599721880	98
6.609340653	2942
6.609367726	86
6.609340878	1514
6.609985684	2942
6.610010089	86
6.619654531	2942
6.619679141	86
6.620203259	2942
6.620227929	86
6.620203482	2942
6.620280319	86
6.629961396	2942
6.630039561	86
6.630444583	2942
6.630444813	2942
6.630518907	86
6.640309114	2942
6.640386303	86
6.640786053	2942
6.640786275	2942
6.640860860	86
6.650667536	2942
6.650744518	86
6.651079311	2942
6.651079533	2942
6.651155090	86
6.661007636	2942
6.661007861	1514
6.661087093	86
6.661333384	2942
6.661356046	98
6.661333609	1514
6.661374661	98
6.671355276	2942
6.671379094	98
6.671560382	2942
6.671560605	1514
6.671596317	98
6.681646972	1514
6.681673829	86
6.681647202	1514
6.681765513	2942
6.681789923	86
6.681765738	1514
6.691963759	4370
6.692040876	86
6.702325752	2942
6.702325999	2942
6.702326069	2942
6.702405161	86
6.712692392	2942
6.712692612	2942
6.712692682	2942
6.712771139	86
6.723050674	2942
6.723050914	2942
6.723051004	2942
6.723128983	86
6.733412959	2942
6.733413181	2942
6.733413251	2942
6.733491788	86
6.764525049	1514
6.806035670	86
6.816313006	2942
6.816313231	2942
6.816313301	2942
6.816313371	2942
6.816392835	86
6.826665678	2942
6.826665898	2942
6.826665968	2942
6.826666035	2942
6.826746592	86
6.837018046	2942
6.837018270	2942
6.837018340	2942
6.837018410	2942
6.837098673	86
6.847385400	2942
6.847385623	2942
6.847385693	2942
6.847385760	2942
6.847466232	86
6.857738538	2942
6.857738758	2942
6.857738828	2942
6.857738895	2942
6.857780065	2942
6.857819600	86
6.896497559	1514
6.938035733	86
6.948328016	2942
6.948328241	2942
6.948328309	2942
6.948328379	2942
6.948371523	2942
6.948409096	86
6.958699334	2942
6.958699556	2942
6.958699624	2942
6.958699694	2942
6.958746006	98
6.969038669	2942
6.969062739	98
6.969038891	2942
6.969083211	98
6.969038984	2942
6.969039051	2942
6.969736128	98
6.979354599	2942
6.979381839	86
6.979354824	1514
6.980024992	2942
6.980049231	86
6.980025217	2942
6.980101521	86
6.989664632	2942
6.989741763	86
6.990244943	2942
6.990267637	98
6.990245167	2942
6.990286782	98
7.000017187	2942
7.000041076	98
7.000449716	2942
7.000449941	1514
7.000485311	98
7.010317717	1514
7.010343747	86
7.010317944	1514
7.010737429	2942
7.010761864	86
7.010737651	1514
7.020618672	1514
7.020642627	86
7.020949577	4370
7.021025184	86
7.030933560	2942
7.031009664	86
7.031195358	2942
7.031195586	2942
7.031270962	86
7.041294795	2942
7.041371117	86
7.041421766	2942
7.041421989	2942
7.041495476	86
7.051640138	2942
7.051640360	2942
7.051640430	2942
7.051719002	86
7.062015477	2942
7.062015720	2942
7.062015787	2942
7.062015857	2942
7.062096347	86
7.072371425	2942
7.072371647	2942
7.072371717	2942
7.072371785	2942
7.072449522	86
7.082700302	2942
7.082700525	2942
7.082700592	2942
7.082700662	2942
7.082781457	86
7.093045522	4370
7.093045750	2942
7.093045817	2942
7.093045887	1514
7.093126757	86
7.103421687	2942
7.103421910	2942
7.103421980	2942
7.103422047	2942
7.103463507	2942
7.103502429	86
7.113753620	2942
7.113753842	2942
7.113753910	2942
7.113753980	2942
7.113795510	2942
7.113834494	86
7.124125645	2942
7.124125867	2942
7.124125937	2942
7.124126005	2942
7.124168797	2942
7.124205996	86
7.134454982	2942
7.134455220	2942
7.134455310	2942
7.134455380	2942
7.134496377	2942
7.134535339	86
7.144801157	2942
7.144801380	2942
7.144801450	2942
7.144801517	2942
7.144844417	2942
7.144844539	2942
7.144881817	86
7.155173357	2942
7.155196974	98
7.155173592	2942
7.155218502	98
7.155173682	2942
7.155231244	98
7.155173750	2942
7.155866399	106
7.165448125	2942
7.165448348	1514
7.165484055	106
7.166062156	1514
7.166088283	98
7.166062378	2942
7.166111913	86
7.166062448	2942
7.166145962	86
7.175758813	2942
7.175759035	1514
7.175836250	86
7.176306029	4370
7.176306251	2942
7.176382548	86
7.186069111	2942
7.186146040	86
7.186608942	2942
7.186609164	2942
7.186609234	1514
7.186685809	86
7.196428095	2942
7.196450863	98
7.196945914	2942
7.196969742	98
7.196946142	2942
7.196988129	98
7.206734213	2942
7.206761403	86
7.207198877	2942
7.207223400	86
7.207199100	2942
7.207276064	86
7.217051606	2942
7.217127315	86
7.217451756	2942
7.217451978	2942
7.217452048	1514
7.217527783	86
7.227392674	2942
7.227468188	86
7.227792811	2942
7.227793033	1514
7.227824051	98
7.237752743	2942
7.237776488	98
7.237981597	2942
7.238005474	98
7.248045954	2942
7.248072709	86
7.248169126	2942
7.248193323	86
7.258395579	2942
7.258418386	98
7.258395826	1514
7.258438461	98
7.268680092	2942
7.268703919	98
7.268680319	1514
7.268726144	98
7.278992497	1514
7.279019374	86
7.278992742	2942
7.279072884	86
7.289311850	4370
7.289312072	1514
7.289389147	86
7.299653082	2942
7.299731472	86
7.310014222	2942
7.310036970	98
7.320299008	2942
7.320325860	86
7.330573893	4370
7.330601656	86
7.340861056	4370
7.340887768	86
7.351176547	4370
7.351203311	86
7.361491859	4370
7.361518526	86
7.371767037	4370
7.371793474	86
7.396486798	1514
7.438037099	86
7.448310920	2942
7.448311143	2942
7.448311213	2942
7.448373232	86
7.458617810	2942
7.458618033	2942
7.458618103	2942
7.458679680	86
7.468966568	2942
7.468966788	2942
7.468966858	2942
7.469031745	86
7.479322033	2942
7.479322255	2942
7.479322325	1514
7.479322395	1514
7.479384972	86
7.489626125	2942
7.489626350	2942
7.489626418	2942
7.489626488	2942
7.489689790	86
7.499979655	2942
7.499979880	2942
7.499979950	2942
7.499980018	2942
7.500046880	86
7.510335390	2942
7.510335628	2942
7.510335698	2942
7.510335765	2942
7.510399745	86
7.520685693	2942
7.520685910	2942
7.520685980	2942
7.520686050	2942
7.520749175	86
7.530995446	2942
7.530995681	2942
7.530995751	2942
7.531044500	98
7.530995818	2942
7.531065220	98
7.541352675	2942
7.541381673	86
7.541352901	2942
7.541352971	2942
7.541353041	1514
7.541418420	86
7.541441458	86
7.551670556	2942
7.551693586	98
7.551670776	2942
7.551715053	98
7.551670846	2942
7.551728928	98
7.561972256	2942
7.561972484	2942
7.562011883	86
7.561972574	1514
7.572304331	2942
7.572330766	86
7.572304556	2942
7.572364446	86
7.582624164	2942
7.582624391	2942
7.582624459	2942
7.582703823	86
7.592989601	2942
7.592989826	2942
7.592989894	2942
7.593068768	86
7.603352614	2942
7.603352839	2942
7.603352906	2942
7.603431978	86
7.613722061	2942
7.613722284	2942
7.613722354	2942
7.613722421	2942
7.613802528	86
7.624083079	2942
7.624105988	98
7.624083309	2942
7.624127471	98
7.624083376	2942
7.624140873	98
7.624083446	1514
7.624791411	98
7.634411266	1514
7.634438023	86
7.634411516	1514
7.634457323	98
7.635036964	1514
7.635060519	98
7.644710226	2942
7.644734374	98
7.645215868	1514
7.645853796	98
7.655018939	2942
7.655046209	86
7.656094761	1514
7.665331462	2942
7.665356037	86
7.665331684	2942
7.665409934	86
7.675647482	2942
7.675647705	2942
7.675647775	2942
7.675725069	86
7.704471443	1514
7.746036567	86
7.756328945	2942
7.756329167	2942
7.756329237	2942
7.756407614	86
7.766692045	2942
7.766692267	2942
7.766692337	2942
7.766770964	86
7.777058677	2942
7.777058902	2942
7.777058972	2942
7.777137304	86
7.787423245	4370
7.787423467	2942
7.787423537	2942
7.787423605	1514
7.787504074	86
7.797789964	2942
7.797790190	2942
7.797823954	98
7.797790257	2942
7.797844014	98
7.808117865	2942
7.808142544	98
7.808118090	2942
7.808118157	1514
7.808172582	98
7.818439330	4370
7.818464455	98
7.818439577	1514
7.818484517	98
7.828724003	1514
7.828750002	86
7.828724225	2942
7.828724293	1514
7.828806400	86
7.839026908	2942
7.839027155	2942
7.839027243	2942
7.839104695	86
7.849389206	2942
7.849389426	2942
7.849389496	2942
7.849468300	86
7.859738965	2942
7.859739188	2942
7.859739278	2942
7.859817220	86
7.870048136	1514
7.870048386	2942
7.870081580	98
7.870048453	1514
7.870099635	98
7.880336871	2942
7.880360811	98
7.880337094	1514
7.880383283	98
7.890611767	1514
7.890638109	86
7.890611992	4370
7.890693409	86
7.900906272	4370
7.900906495	2942
7.900983926	86
7.911269454	2942
7.911269677	2942
7.911269747	1514
7.911346494	86
7.921615999	2942
7.921616264	2942
7.921616337	1514
7.921693369	86
7.931983577	2942
7.931983799	2942
7.931983867	1514
7.932061291	86
7.942349217	2942
7.942349444	2942
7.942349512	2942
7.942349582	1514
7.942429778	86
7.952716837	2942
7.952717061	2942
7.952717129	2942
7.952717199	1514
7.952796056	86
7.963071152	4370
7.963071399	2942
7.963071489	2942
7.963151371	86
7.973440816	2942
7.973441036	2942
7.973441106	2942
7.973441174	1514
7.973520311	86
7.983805561	2942
7.983805786	2942
7.983805854	2942
7.983805924	1514
7.983885948	86
7.994100859	2942
7.994101081	2942
7.994101151	2942
7.994101219	2942
7.994142336	2942
7.994181956	86
8.004459634	2942
8.004459862	2942
8.004459929	2942
8.004500519	98
8.004459999	2942
8.004518664	98
8.014782519	2942
8.014806559	98
8.014782739	2942
8.014782809	1514
8.014782877	2942
8.014840889	86
8.025084552	2942
8.025109272	86
8.025084792	2942
8.025084879	2942
8.025084949	1514
8.025163649	86
8.035407137	2942
8.035429787	98
8.035407360	2942
8.035451042	98
8.035407427	2942
8.035464354	98
8.045725040	2942
8.045725262	2942
8.045762069	86
8.045725357	1514
8.056015965	2942
8.056040478	86
8.056016193	2942
8.056093725	86
8.066328723	2942
8.066328968	2942
8.066329058	2942
8.066406390	86
8.076700013	2942
8.076722800	98
8.076700235	2942
8.076745832	98
8.087014686	2942
8.087038433	98
8.087014936	2942
8.087062120	86
8.097318489	2942
8.097343006	86
8.097318713	2942
8.097397205	86
8.107625534	2942
8.107625756	2942
8.107703503	86
8.117991789	2942
8.118014736	98
8.117992011	2942
8.118036261	98
8.128280591	1514
8.128306574	86
8.128280814	2942
8.128361494	86
8.138566720	4370
8.138566942	1514
8.138644294	86
8.148907687	2942
8.148907909	2942
8.148984681	86
8.159270857	2942
8.159271080	2942
8.159349279	86
8.169605635	2942
8.169605857	2942
8.169682519	86
8.179971457	2942
8.179971687	2942
8.180051336	86
8.190340224	2942
8.190340444	2942
8.190340514	2942
8.190340582	1514
8.190420714	86
8.200705614	2942
8.200705839	2942
8.200705906	1514
8.200746069	98
8.211033979	2942
8.211058134	98
8.211034227	2942
8.211078476	98
8.211034317	1514
8.211730699	98
8.220470018	1514
8.220493923	98
8.221312192	1514
8.221337742	86
8.221312420	1514
8.222008715	1514
8.222032552	86
8.230759711	1514
8.232259325	2942
8.232259553	1514
8.232335335	86
8.242607723	2942
8.242607953	2942
8.242608040	1514
8.242685510	86
8.252954070	2942
8.252954298	2942
8.252954368	1514
8.253032155	86
8.263299100	2942
8.263299323	2942
8.263299393	1514
8.263377732	86
8.273643585	2942
8.273643808	1514
8.273676370	98
8.283949986	2942
8.283973716	98
8.292472726	1514
8.292497609	98
8.294222276	1514
8.294248591	86
8.294222504	1514
8.304506419	1514
8.304528252	98
8.314806219	2942
8.314830154	98
8.325089238	1514
8.325115965	86
8.325089465	1514
8.335398538	1514
8.335422698	86
8.345687588	1514
8.345687816	1514
8.345720278	98
8.356009776	2942
8.356033753	98
8.364466875	1514
8.364493252	86
8.366311809	1514
8.374761415	1514
8.374785225	86
8.385067480	2942
8.385143497	86
8.395427348	2942
8.395504622	86
8.405791948	2942
8.405792175	2942
8.405870102	86
8.416145018	2942
8.416145243	2942
8.416222187	86
8.426474978	2942
8.426475200	2942
8.426553462	86
8.436818350	2942
8.436818575	2942
8.436897260	86
8.447185545	2942
8.447185768	2942
8.447185838	2942
8.447185905	1514
8.447265237	86
8.457553948	2942
8.457554172	2942
8.457554240	2942
8.457554310	1514
8.457633292	86
8.467921590	2942
8.467921812	2942
8.467955917	98
8.467921882	1514
8.467975359	98
8.478253602	2942
8.478277695	98
8.478253860	2942
8.478253930	1514
8.478307454	98
8.488470621	1514
8.488497148	86
8.488470843	2942
8.488470913	1514
8.488552760	86
8.498780869	4370
8.498781114	2942
8.498859038	86
8.509127456	2942
8.509127679	2942
8.509127749	1514
8.509204873	86
8.519474979	2942
8.519475204	2942
8.519475291	1514
8.519553513	86
8.529831426	1514
8.529853541	98
8.540137061	1514
8.540160554	98
8.548464451	1514
8.548488463	98
8.550428784	1514
8.550452592	98
8.558774126	2942
8.558800976	86
8.560735890	1514
8.569090026	2942
8.569114599	86
8.579394477	2942
8.579418932	86
8.579394724	2942
8.579472599	86
8.589710775	2942
8.589711005	2942
8.589788166	86
8.600069932	2942
8.600092432	98
8.610350673	2942
8.610374307	98
8.620490241	1514
8.620514169	98
8.620490469	1514
8.620538884	86
8.630804812	2942
8.630829187	86
8.641113967	4370
8.641189441	86
8.651475877	4370
8.651553156	86
8.661840014	1514
8.661840239	1514
8.661872082	98
8.672120590	2942
8.672144149	98
8.680439462	1514
8.680465854	86
8.682424598	1514
8.716484913	1514
8.716506518	98
8.726785943	1514
8.726809591	98
8.737088806	1514
8.737114699	86
8.747396299	2942
8.747421764	86
8.757704367	2942
8.757728717	86
8.768003970	1514
8.768026067	98
8.778298518	1514
8.778321700	98
8.788478831	1514
8.788504454	86
8.798788669	2942
8.798813049	86
8.809074780	2942
8.809099064	86
8.819382592	2942
8.819406790	86
8.829689838	2942
8.829714185	86
8.839983461	2942
8.840006080	98
8.850278191	2942
8.850304908	86
8.860568947	4370
8.860593616	86
8.870876854	4370
8.870901446	86
8.881188007	4370
8.881212492	86
8.891493745	4370
8.891518409	86
8.901802905	2942
8.901827340	86
8.901803125	2942
8.901803195	1514
8.901881380	86
8.912107368	2942
8.912107590	2942
8.912107658	1514
8.912184727	86
8.922472738	2942
8.922473003	1514
8.922505262	98
8.932763743	2942
8.932787278	98
8.943073483	2942
8.943100063	86
8.953387506	4370
8.953412098	86
8.963695506	2942
8.963721869	86
8.963695731	2942
8.963756561	86
8.974015114	2942
8.974015342	2942
8.974075061	86
8.984347377	2942
8.984347599	2942
8.984424654	86
8.994684804	2942
8.994685027	2942
8.994763154	86
9.005052507	2942
9.005052727	2942
9.005052797	2942
9.005131704	86
9.015418129	2942
9.015418334	2942
9.015418404	2942
9.015496846	86
9.025738487	4370
9.025738692	2942
9.025738762	1514
9.025816114	86
9.036104042	2942
9.036104264	2942
9.036104332	2942
9.036181664	86
9.046439302	2942
9.046439527	2942
9.046439597	2942
9.046439664	2942
9.046519574	86
9.056806959	2942
9.056807181	2942
9.056807251	2942
9.056807319	2942
9.056886398	86
9.067163874	2942
9.067164112	2942
9.067164199	2942
9.067164269	2942
9.067243406	86
9.077497907	2942
9.077498129	2942
9.077576708	86
9.087824657	2942
9.087847594	98
9.087824887	2942
9.087868836	98
9.098046045	2942
9.098071540	98
9.098046300	2942
9.098093280	86
9.108362698	2942
9.108387733	86
9.108362923	1514
9.118668551	2942
9.118691106	98
9.128943801	2942
9.128968156	98
9.128944024	2942
9.128988223	98
9.139256511	2942
9.139283601	86
9.139256737	2942
9.139338913	86
9.149543272	2942
9.149565927	98
9.149543494	1514
9.149586677	98
9.159824640	2942
9.159848512	98
9.159824862	1514
9.159870490	98
9.170108000	1514
9.170134563	86
9.170108270	2942
9.170189917	86
9.180423948	1514
9.180424171	2942
9.180424241	1514
9.180502172	86
9.190788768	2942
9.190788993	2942
9.190866807	86
9.201153558	2942
9.201153780	2942
9.201231345	86
9.211512183	2942
9.211589432	86
9.221873718	2942
9.221896058	98
9.232164340	2942
9.232191433	86
9.242432331	4370
9.242457103	86
9.252718741	2942
9.252743544	86
9.252718981	2942
9.252796724	86
9.263033492	2942
9.263033722	2942
9.263111059	86
9.273395777	2942
9.273395999	2942
9.273472869	86
9.283719072	2942
9.283719294	2942
9.283797624	86
9.294083967	2942
9.294084212	2942
9.294117604	98
9.304374787	2942
9.304398474	98
9.304375007	2942
9.304418354	98
9.312471174	1514
9.312494876	98
9.314683295	2942
9.314706867	98
9.322766547	1514
9.322789056	98
9.324963668	1514
9.324989783	86
9.324963891	2942
9.325044900	86
9.333049789	1514
9.335280066	1514
9.335280298	2942
9.335354865	86
9.360446036	1514
9.402036864	86
9.412322607	2942
9.412322835	2942
9.412322922	2942
9.412401507	86
9.422690660	2942
9.422690882	4370
9.422690952	1514
9.422769317	86
9.433058857	2942
9.433059084	2942
9.433059154	2942
9.433136174	86
9.443434802	2942
9.443435029	2942
9.443435097	2942
9.443512271	86
9.453800859	2942
9.453801082	2942
9.453801172	2942
9.453801242	2942
9.453879493	86
9.492466374	1514
9.534036385	86
9.544310103	2942
9.544310326	2942
9.544310398	2942
9.544310468	2942
9.544389665	86
9.554673928	2942
9.554674151	2942
9.554674218	2942
9.554674288	2942
9.554753990	86
9.565040788	2942
9.565041011	2942
9.565041081	1514
9.565041151	2942
9.565041218	1514
9.565120600	86
9.575389286	2942
9.575389506	2942
9.575389576	2942
9.575429172	98
9.575389646	2942
9.575447930	98
9.585684846	2942
9.585708658	98
9.585685068	2942
9.585685138	2942
9.585685208	1514
9.585742000	98
9.596000516	1514
9.596026153	86
9.596000736	1514
9.596000806	2942
9.596053501	98
9.596000876	1514
9.596063518	98
9.606321744	4370
9.606345906	98
9.606322016	1514
9.606367543	98
9.616623921	1514
9.616649451	86
9.616624147	2942
9.616624214	1514
9.616705543	86
9.626933912	4370
9.626934187	2942
9.627012416	86
9.637297752	2942
9.637297974	2942
9.637298044	1514
9.637377026	86
9.647663039	2942
9.647663282	2942
9.647663372	1514
9.647741051	86
9.658018804	2942
9.658019071	2942
9.658019161	1514
9.658098501	86
9.668391856	2942
9.668392086	2942
9.668392156	1514
9.668469726	86
9.678757786	2942
9.678758004	2942
9.678758074	2942
9.678758144	2942
9.678837583	86
9.689123194	2942
9.689123414	2942
9.689123481	2942
9.689123551	2942
9.689202365	86
9.699456956	2942
9.699457176	2942
9.699457244	2942
9.699457314	2942
9.699535933	86
9.728431481	1514
9.770037185	86
9.780300055	2942
9.780300278	2942
9.780300348	2942
9.780300415	2942
9.780380725	86
9.790674405	2942
9.790697207	98
9.790674628	2942
9.790718485	98
9.790674720	2942
9.790731865	98
9.790674788	1514
9.791363977	98
9.800996088	2942
9.800996310	1514
9.801033280	86
9.800996398	1514
9.801570386	1514
9.801594043	86
9.811321295	2942
9.811397370	86
9.811875111	2942
9.811875334	2942
9.811951181	86
9.821683493	2942
9.821760630	86
9.822135997	2942
9.822136222	2942
9.822209977	86
9.832444575	2942
9.832467479	98
9.832444797	2942
9.832488772	98
9.842718615	2942
9.842742765	98
9.842718863	2942
9.842766752	86
9.852990751	2942
9.853015358	86
9.852990976	2942
9.853069193	86
9.863306749	2942
9.863306971	2942
9.863307061	1514
9.863384623	86
9.873653226	2942
9.873653449	2942
9.873653516	1514
9.873731973	86
9.884020783	2942
9.884021006	2942
9.884097953	86
9.894348451	2942
9.894371256	98
9.894348676	2942
9.894392628	98
9.904656466	1514
9.904682579	86
9.904656689	4370
9.904737216	86
9.914928799	4370
9.914929027	2942
9.915006236	86
9.925292654	2942
9.925292877	2942
9.925292947	1514
9.925371226	86
9.935658164	2942
9.935658384	2942
9.935658452	1514
9.935735599	86
9.946012977	2942
9.946013224	2942
9.946013312	1514
9.946091564	86
9.956351954	2942
9.956352179	2942
9.956352247	1514
9.956430229	86
9.966719192	2942
9.966719434	2942
9.966752694	98
9.966719504	2942
9.966774361	98
9.977049162	2942
9.977073307	98
9.977049384	2942
9.977049454	1514
9.977103271	98
9.987363904	1514
9.987389979	86
9.987364124	4370
9.987364194	1514
9.987446726	86
9.997737382	2942
9.997737607	2942
9.997737674	2942
9.997815721	86
10.008099977	2942
10.008122794	98
10.008100202	2942
10.008144151	98
10.018404665	2942
10.018428709	98
10.018404889	2942
10.018453814	86
10.028651303	2942
10.028675740	86
10.028651523	2942
10.028730167	86
10.038970225	2942
10.038970448	2942
10.038970515	1514
10.039047482	86
10.049290343	2942
10.049290561	2942
10.049290631	1514
10.049367380	86
10.059653003	2942
10.059653226	2942
10.059653296	1514
10.059731492	86
10.070021708	2942
10.070021955	2942
10.070022023	2942
10.070022093	1514
10.070101940	86
10.080354270	2942
10.080354490	2942
10.080354560	2942
10.080354628	1514
10.080433360	86
10.090678556	2942
10.090678778	2942
10.090678848	2942
10.090678916	1514
10.090758315	86
10.092522582	87
10.092618214	86
10.092672609	87
10.101025991	2942
10.101063455	74
10.101026213	2942
10.101090113	74
10.101026283	2942
10.101100235	74
10.103024451	90
10.103024678	377
10.103101293	86
10.103191010	90
10.103203272	412
10.103213135	87
10.104444653	86
10.104466838	74
10.113426521	86
10.113426751	87
10.113426821	86
10.113529662	86
10.123621224	86
