0.000000000	86
0.000000358	123
0.000078072	86
0.000219643	87
0.050389720	86
0.050389972	90
0.050390067	210
0.050483986	86
0.050525286	87
0.100864939	94
0.100895856	94
0.141594466	86
0.151142154	86
0.151142382	123
0.151189902	86
0.152282656	87
0.152303064	87
0.202502632	86
0.202509037	2942
0.202502860	86
0.202535120	86
0.202509280	2942
0.202556954	86
0.202509370	2942
0.202568777	86
0.202509440	2942
0.202578674	2942
0.202591572	86
0.202607981	86
0.252835897	2942
0.252860825	86
0.252836127	2942
0.252882892	86
0.252836217	2942
0.252896217	86
0.252836287	2942
0.252904764	86
0.252912122	2942
0.252918759	86
0.252912219	2942
0.252926642	86
0.252912309	2942
0.252934119	86
0.252912379	2942
0.252943167	86
0.252948854	2942
0.252957579	86
0.252948954	2942
0.252966044	86
0.303164188	2942
0.303189130	86
0.303164430	2942
0.303164500	2942
0.303164568	2942
0.303225792	2942
0.303225902	2942
0.303225972	2942
0.303226040	2942
0.303241520	2942
0.303241607	2942
0.303243682	86
0.303241674	2942
0.303241744	2942
0.303256232	2942
0.303256320	2942
0.303261310	86
0.303256387	2942
0.303256457	2942
0.303269352	86
0.303269549	2942
0.303269639	2942
0.303269729	2942
0.303276262	86
0.303269799	2942
0.303281702	86
0.303286374	86
0.353474833	2942
0.353499990	86
0.353475078	2942
0.353522515	86
0.353475168	2942
0.353534613	86
0.353475238	2942
0.353544840	2942
0.353544927	2942
0.353545017	2942
0.353545085	2942
0.353555533	86
0.353560185	2942
0.353560287	2942
0.353560360	2942
0.353560430	2942
0.353572097	86
0.353574182	2942
0.353574277	2942
0.353574347	2942
0.353579715	86
0.353574417	2942
0.353584737	86
0.353587642	2942
0.353589535	86
0.353587742	2942
0.353587817	2942
0.353594515	86
0.353587885	2942
0.353599237	86
0.353598850	2942
0.353604252	86
0.353608715	86
0.354358784	2942
0.354383709	86
0.356784299	2942
0.356810361	86
0.359202609	2942
0.359227634	86
0.361630706	2942
0.361655674	86
0.365238303	4370
0.365263983	86
0.368893771	4370
0.368919346	86
0.372530465	4370
0.372555622	86
0.376122164	4370
0.376147341	86
0.379746208	4370
0.379772305	86
0.383429628	4370
0.383454711	86
0.387030852	4370
0.387055585	86
0.390622234	4370
0.390645244	98
0.394284602	4370
0.394308654	98
0.396752067	2942
0.396775982	98
0.403749064	4370
0.403773611	98
0.403937745	4370
0.403961732	98
0.407620128	4370
0.407644403	98
0.411285899	4370
0.411309536	98
0.413685214	2942
0.413709001	98
0.418551309	5798
0.418575639	98
0.423371119	5798
0.423396311	98
0.428245481	5798
0.428269986	98
0.433062119	5798
0.433086083	98
0.437930698	5798
0.437955253	98
0.440344026	2942
0.440368881	98
0.445189451	5798
0.445214908	98
0.450041556	5798
0.450066308	98
0.454884205	5798
0.454908683	98
0.459719540	5798
0.459744353	98
0.464580980	5798
0.464606168	98
0.469398600	5798
0.469423743	98
0.474262820	5798
0.474287475	98
0.479112665	5798
0.479137377	98
0.483956822	5798
0.483981877	98
0.486377017	2942
0.486400932	98
0.491218882	5798
0.492369851	98
0.496031437	5798
0.497177884	98
0.500912827	5798
0.502060423	98
0.505760074	5798
0.506902748	98
0.510602282	5798
0.511734346	98
0.515446702	5798
0.516595231	98
0.520246727	5798
0.521394006	98
0.525137801	5798
0.526285501	98
0.529985336	5798
0.531132023	98
0.532309147	2942
0.533435229	98
0.537178499	5798
0.538314686	98
0.542069056	5798
0.543228073	98
0.546912396	5798
0.548059445	98
0.551734521	5798
0.552865908	98
0.556601271	5798
0.557748485	98
0.561471670	5798
0.562619115	98
0.566316590	5798
0.567466422	98
0.567480104	1514
0.567503417	86
0.569948117	2942
0.569972876	86
0.572373321	2942
0.572398521	86
0.573529925	1514
0.573553933	86
0.575994933	2942
0.576021087	86
0.578357146	2942
0.578381973	86
0.580851778	2942
0.580876285	86
0.583244420	2942
0.583268910	86
0.585695252	2942
0.585719620	86
0.588109885	2942
0.588134680	86
0.589301691	1514
0.589325539	86
0.591739571	2942
0.591765833	86
0.595349360	4370
0.595374352	86
0.597743968	2942
0.597768542	86
0.598989101	1514
0.599012881	86
0.601370069	2942
0.601447126	86
0.602649370	1514
0.603841493	1514
0.603865271	86
0.606245083	2942
0.606320845	86
0.607492624	1514
0.609917487	2942
0.609993394	86
0.611100788	1514
0.613494533	2942
0.613570078	86
0.615962943	2942
0.616038195	86
0.617117365	1514
0.619600497	2942
0.619673979	86
0.620778063	1514
0.623208125	2942
0.623281258	86
0.624401194	1514
0.626840574	2942
0.626917456	86
0.628082283	1514
0.630507628	2942
0.630582220	86
0.632933995	2942
0.633010122	86
0.634140174	1514
0.636565191	2942
0.636640806	86
0.638958806	2942
0.639034358	86
0.641370139	2942
0.641445431	86
0.642617007	1514
0.642692382	86
0.645020005	2942
0.645097104	86
0.646252828	1514
0.648619794	2942
0.648696218	86
0.649884147	1514
0.652246238	2942
0.652322782	86
0.654731324	2942
0.654806579	86
0.655888559	1514
0.658339271	2942
0.658416288	86
0.659550240	1514
0.661981820	2942
0.662057471	86
0.663208295	1514
0.665631458	2942
0.665706890	86
0.666781860	1514
0.668027351	1514
0.668051760	86
0.670477113	2942
0.670553670	86
0.671646684	1514
0.674068559	2942
0.674144049	86
0.675317608	1514
0.677711158	2942
0.677786567	86
0.678951667	1514
0.681377836	2942
0.681453851	86
0.683735407	2942
0.683809939	86
0.686223814	2942
0.686300236	86
0.688645806	2942
0.688719213	86
0.691032541	2942
0.691106406	86
0.693466811	2942
0.693542268	86
0.695871654	2942
0.695948011	86
0.697096205	1514
0.699494460	2942
0.699571032	86
0.700755543	1514
0.703120389	2942
0.703145079	86
0.705602853	2942
0.705627358	86
0.708020911	2942
0.708045720	86
0.710444268	2942
0.710468890	86
0.712869266	2942
0.712893973	86
0.715287461	2942
0.715312528	86
0.716464035	1514
0.716488347	86
0.718894532	2942
0.718919262	86
0.721282505	2942
0.721307202	86
0.723726964	2942
0.723752602	86
0.726189684	2942
0.726214519	86
0.728591022	2942
0.728616007	86
0.731009017	2942
0.731033774	86
0.733404442	2942
0.733428957	86
0.735848339	2942
0.735874336	86
0.738244167	2942
0.738270839	86
0.740664279	2942
0.740690397	86
0.743146351	2942
0.743172739	86
0.745569741	2942
0.745596128	86
0.747992906	2942
0.748019326	86
0.750409906	2942
0.750436778	86
0.751557880	1514
0.751583492	86
0.754019902	2942
0.754046222	86
0.756407560	2942
0.756433487	86
0.758858375	2942
0.758880520	98
0.761244058	2942
0.761267752	98
0.763685972	2942
0.763709925	98
0.766116495	2942
0.766140177	98
0.768532337	2942
0.768556567	98
0.770978074	2942
0.771001719	98
0.773372510	2942
0.773396032	98
0.775784452	2942
0.775809437	98
0.778270061	2942
0.778293911	98
0.780693394	2942
0.780716886	98
0.783114812	2942
0.783139496	98
0.785538114	2942
0.785561971	98
0.787962141	2942
0.787986159	98
0.790379404	2942
0.790402769	106
0.792808041	2942
0.792832024	106
0.795224519	2942
0.795248611	106
0.797625186	2942
0.797649201	106
0.800034536	2942
0.800062731	106
0.801240975	1514
0.801263780	106
0.803641378	2942
0.803665603	106
0.806087003	2942
0.806111095	106
0.808492110	2942
0.808517100	106
0.810948187	2942
0.810971562	106
0.813361432	2942
0.813385375	106
0.815771942	2942
0.815795805	106
0.818210765	2942
0.818234457	106
0.820617880	2942
0.820641812	106
0.823053552	2942
0.823077727	106
0.825466482	2942
0.825490267	106
0.827931304	2942
0.827955079	106
0.830351022	2942
0.830375189	106
0.832747314	2942
0.832770654	106
0.835195864	2942
0.835219776	106
0.837598274	2942
0.837622369	106
0.839994997	2942
0.840018922	106
0.842462209	2942
0.842486034	106
0.844884341	2942
0.844908244	106
0.847308929	2942
0.847334848	106
0.849730466	2942
0.849754403	106
0.852152649	2942
0.852176706	106
0.854575196	2942
0.854598728	106
0.855736400	1514
0.855760195	106
0.858155450	2942
0.858179720	106
0.860594360	2942
0.860618902	106
0.863005387	2942
0.863030547	106
0.865411317	2942
0.865435175	106
0.867860377	2942
0.867884360	106
0.870242950	2942
0.870266995	106
0.872695982	2942
0.872720247	106
0.875119825	2942
0.875143037	106
0.877533972	2942
0.877558372	106
0.878798563	1514
0.878821333	106
0.881157623	2942
0.881181666	106
0.883579881	2942
0.883604336	106
0.886033418	2942
0.886057220	106
0.888422073	2942
0.888448113	98
0.889699337	1514
0.889722511	98
0.892124154	2942
0.892147939	98
0.893269778	1514
0.893292343	98
0.894541254	1514
0.894564686	98
0.896967686	2942
0.896991579	98
0.898114493	1514
0.898136830	98
0.900584523	2942
0.900608092	98
0.901783341	1514
0.901806401	98
0.902993090	1514
0.903015667	98
0.905444972	2942
0.905468677	98
0.906612941	1514
0.906637319	98
0.909052916	2942
0.909080909	86
0.910285620	1514
0.910311044	86
0.911460711	1514
0.911486274	86
0.913902734	2942
0.913928766	86
0.915097980	1514
0.915123952	86
0.916329996	1514
0.916355638	86
0.917490890	1514
0.917516502	86
0.919916100	2942
0.919942577	86
0.921191118	1514
0.921216683	86
0.922364922	1514
0.922390614	86
0.924826857	2942
0.924852689	86
0.926003663	1514
0.926029096	86
0.928403916	2942
0.928431256	86
0.929665077	1514
0.929691054	86
0.930841201	1514
0.930866661	86
0.933279716	2942
0.933306185	86
0.934478937	1514
0.934503109	86
0.936901137	2942
0.936925852	86
0.938146013	1514
0.938168388	98
0.940571695	2942
0.940595833	98
0.941737307	1514
0.941761147	98
0.944164184	2942
0.944188062	98
0.945363316	1514
0.945385870	98
0.946585962	1514
0.946609507	98
0.949021079	2942
0.949044921	98
0.950225198	1514
0.950247858	98
0.952679607	2942
0.952703502	98
0.955041273	2942
0.955065210	98
0.956238732	1514
0.956262251	98
0.957498652	1514
0.957521700	98
0.959888708	2942
0.959911978	98
0.961156956	1514
0.961180486	98
0.963533204	2942
0.963557156	98
0.965977226	2942
0.966002614	98
0.968402303	2942
0.968426443	98
0.969604155	1514
0.969627170	98
0.972041632	2942
0.972065487	98
0.974441252	2942
0.974465057	98
0.976905179	2942
0.976929137	98
0.979324952	2942
0.979349192	98
0.980488176	1514
0.980510916	98
0.982933156	2942
0.982957346	98
0.984152987	1514
0.984175197	98
0.985346448	1514
0.985369676	98
0.987774771	2942
0.987798950	98
0.988987569	1514
0.989009789	98
0.991366667	2942
0.991394514	98
0.992612566	1514
0.992636005	98
0.993815027	1514
0.993837277	98
0.996281409	2942
0.996305289	98
0.997461250	1514
0.997484600	98
0.999868518	2942
0.999892390	98
1.001124486	1514
1.001146776	98
1.002333505	1514
1.002356342	98
1.004730250	2942
1.004754035	98
1.007183302	2942
1.007207050	98
1.008353619	1514
1.008376056	98
1.010777609	2942
1.010801504	98
1.012024917	1514
1.012048420	98
1.013209766	1514
1.013232216	98
1.015611394	2942
1.015635369	98
1.016835295	1514
1.016858860	98
1.019242895	2942
1.019267105	98
1.020504451	1514
1.020526946	98
1.021656087	1514
1.021679530	98
1.022899878	1514
1.022922558	98
1.025329871	2942
1.025353088	98
1.027733781	2942
1.027757863	98
1.028983364	1514
1.029006817	98
1.030150926	1514
1.030177526	86
1.031405940	1514
1.031431229	86
1.032583153	1514
1.032607473	86
1.033776632	1514
1.033801255	86
1.035040618	1514
1.035064715	86
1.037462606	2942
1.037487340	86
1.039866201	2942
1.039890900	86
1.041067517	1514
1.041092412	86
1.042241578	1514
1.042266328	86
1.043515827	1514
1.043540024	86
1.044705750	1514
1.044730935	86
1.045920102	1514
1.045945777	86
1.047123993	1514
1.047148153	86
1.049576795	2942
1.049601952	86
1.050728779	1514
1.050753034	86
1.051996848	1514
1.052021997	86
1.053153892	1514
1.053177792	86
1.054365983	1514
1.054390480	86
1.056778388	2942
1.056804600	86
1.058033014	1514
1.058058749	86
1.059260065	1514
1.059285550	86
1.060411287	1514
1.060437184	86
1.061662580	1514
1.061688745	86
1.062862976	1514
1.062888729	86
1.064099665	1514
1.064125345	86
1.065278579	1514
1.065304504	86
1.066488928	1514
1.066515172	86
1.067693386	1514
1.067719551	86
1.068944110	1514
1.068969855	86
1.070113151	1514
1.070139564	86
1.071339702	1514
1.071366065	86
1.072522966	1514
1.072548746	86
1.073796925	1514
1.073823634	86
1.076207132	2942
1.076233307	86
1.077365546	1514
1.077391416	86
1.078603370	1514
1.078629350	86
1.079827599	1514
1.079854101	86
1.081037437	1514
1.081063017	86
1.082240408	1514
1.082265998	86
1.083445185	1514
1.083470985	86
1.084654454	1514
1.084679871	86
1.085878977	1514
1.085904902	86
1.087093136	1514
1.087118513	86
1.088275955	1514
1.088300364	86
1.089489686	1514
1.089514033	86
1.091961771	2942
1.091986508	86
1.093112692	1514
1.093137205	86
1.094353253	1514
1.094377480	86
1.095546195	1514
1.095570432	86
1.096738928	1514
1.096763453	86
1.099192348	2942
1.099217093	86
1.101614813	2942
1.101639550	86
1.104029966	2942
1.104055020	86
1.105240099	1514
1.105264227	86
1.106467443	1514
1.106492223	86
1.107640849	1514
1.107665147	86
1.108890845	1514
1.108915235	86
1.110105036	1514
1.110129311	86
1.111331607	1514
1.111356147	86
1.113730533	2942
1.113755620	86
1.114965051	1514
1.114989289	86
1.116186262	1514
1.116210852	86
1.117363959	1514
1.117388309	86
1.118582025	1514
1.118607525	86
1.121010390	2942
1.121035537	86
1.122231714	1514
1.122255893	86
1.123454750	1514
1.123478957	86
1.124612374	1514
1.124641974	86
1.125874252	1514
1.125903685	86
1.127089668	1514
1.127119238	86
1.128276117	1514
1.128304342	86
1.129477309	1514
1.129507146	86
1.130704735	1514
1.130734132	86
1.131906946	1514
1.131935156	86
1.133117772	1514
1.133147295	86
1.134335586	1514
1.134365176	86
1.135504310	1514
1.135533612	86
1.136740588	1514
1.136770168	86
1.137985532	1514
1.138015417	86
1.140364225	2942
1.140394102	86
1.141585336	1514
1.141614823	86
1.142815182	1514
1.142844564	86
1.143987376	1514
1.144015596	86
1.145254757	1514
1.145284379	86
1.146405983	1514
1.146435978	86
1.147595242	1514
1.147623157	86
1.148851891	1514
1.148881770	86
1.150097409	1514
1.150126859	86
1.151236598	1514
1.151267411	86
1.152429175	1514
1.152452562	86
1.153707445	1514
1.153736995	86
1.156113758	2942
1.156138960	86
1.158528281	2942
1.158553583	86
1.159732837	1514
1.159757226	86
1.160969288	1514
1.160993528	86
1.162154172	1514
1.162178519	86
1.164606986	2942
1.164631631	86
1.167030369	2942
1.167054994	86
1.169458846	2942
1.169483506	86
1.170615948	1514
1.170640228	86
1.171875499	1514
1.171899794	86
1.173097427	1514
1.173121590	86
1.174279901	1514
1.174307021	86
1.175487185	1514
1.175511560	86
1.176705116	1514
1.176729426	86
1.179168063	2942
1.179193456	86
1.180379660	1514
1.180403802	86
1.181583628	1514
1.181607876	86
1.182802989	1514
1.182827257	86
1.183980211	1514
1.184004776	86
1.186404303	2942
1.186429323	86
1.187590792	1514
1.187618460	86
1.188830926	1514
1.188856486	86
1.190040812	1514
1.190066944	86
1.191280088	1514
1.191306885	86
1.192462625	1514
1.192488552	86
1.193701660	1514
1.193727355	86
1.194885772	1514
1.194911322	86
1.196098401	1514
1.196124168	86
1.197276310	1514
1.197302934	86
1.198486639	1514
1.198513346	86
1.199683645	1514
1.199710132	86
1.200939198	1514
1.200965568	86
1.202137084	1514
1.202164572	86
1.203388603	1514
1.203414450	86
1.205742406	2942
1.205769451	86
1.206997489	1514
1.207023169	86
1.208196403	1514
1.208222118	86
1.209401972	1514
1.209428026	86
1.210660340	1514
1.210686255	86
1.211833874	1514
1.211859894	86
1.213055928	1514
1.213087540	86
1.214237509	1514
1.214270351	86
1.215464875	1514
1.215496322	86
1.216653342	1514
1.216684873	86
1.217885035	1514
1.217917352	86
1.220318705	2942
1.220350389	86
1.222738360	2942
1.222771323	86
1.225151835	2942
1.225183561	86
1.226364509	1514
1.226388814	86
1.227551215	1514
1.227576073	86
1.228777781	1514
1.228809250	86
1.231229894	2942
1.231262915	86
1.233613751	2942
1.233646467	86
1.236054543	2942
1.236079341	86
1.237237112	1514
1.237261362	86
1.238480206	1514
1.238505263	86
1.239679245	1514
1.239703265	86
1.240909391	1514
1.240933461	86
1.242122297	1514
1.242151642	86
1.243333541	1514
1.243362993	86
1.245737633	2942
1.245767636	86
1.246967470	1514
1.246997084	86
1.248148893	1514
1.248178218	86
1.249413469	1514
1.249443239	86
1.250593026	1514
1.250622461	86
1.253034096	2942
1.253064453	86
1.254241272	1514
1.254270824	86
1.255470530	1514
1.255501055	86
1.256611467	1514
1.256640967	86
1.257892125	1514
1.257921768	86
1.259080339	1514
1.259109772	86
1.260315345	1514
1.260343930	86
1.261486237	1514
1.261515712	86
1.262702163	1514
1.262731733	86
1.263899209	1514
1.263928494	86
1.265111286	1514
1.265142125	86
1.266334752	1514
1.266364597	86
1.267506038	1514
1.267522991	86
1.268736322	1514
1.268765699	86
1.270003640	1514
1.270033620	86
1.272363893	2942
1.272388773	86
1.273607616	1514
1.273632189	86
1.274788503	1514
1.274812710	86
1.276034676	1514
1.276059271	86
1.277248952	1514
1.277273150	86
1.278443464	1514
1.278467894	86
1.279624178	1514
1.279648515	86
1.280875666	1514
1.280900034	86
1.282093417	1514
1.282117872	86
1.283311236	1514
1.283335476	86
1.284488108	1514
1.284512945	86
1.286960892	2942
1.286985729	86
1.289353247	2942
1.289378105	86
1.291735400	2942
1.291760082	86
1.294191115	2942
1.294215885	86
1.295402846	1514
1.295427151	86
1.296620672	1514
1.296644852	86
1.299076667	2942
1.299101549	86
1.301465285	2942
1.301489939	86
1.303861222	2942
1.303887509	86
1.305103946	1514
1.305129670	86
1.306330297	1514
1.306357219	86
1.307492333	1514
1.307518168	86
1.308724634	1514
1.308750202	86
1.309970505	1514
1.309996613	86
1.311182962	1514
1.311208429	86
1.313612304	2942
1.313638441	86
1.314774886	1514
1.314800855	86
1.316029671	1514
1.316055239	86
1.317206848	1514
1.317233120	86
1.318452974	1514
1.318478599	86
1.320837519	2942
1.320863214	86
1.322079580	1514
1.322105190	86
1.323296259	1514
1.323321809	86
1.324478340	1514
1.324504015	86
1.325705686	1514
1.325731131	86
1.326865098	1514
1.326890810	86
1.328113889	1514
1.328139311	86
1.329315035	1514
1.329339377	86
1.330526006	1514
1.330550409	86
1.331712638	1514
1.331736948	86
1.332959874	1514
1.332984169	86
1.334149912	1514
1.334174457	86
1.335362661	1514
1.335387231	86
1.336585732	1514
1.336610027	86
1.337830133	1514
1.337854933	86
1.340229191	2942
1.340253786	86
1.341404547	1514
1.341430035	86
1.342614859	1514
1.342639236	86
1.343851372	1514
1.343875750	86
1.345082781	1514
1.345107138	86
1.346241805	1514
1.346266080	86
1.347484306	1514
1.347508901	86
1.348664300	1514
1.348688730	86
1.349916701	1514
1.349941073	86
1.351110377	1514
1.351135189	86
1.352335038	1514
1.352359383	86
1.354736826	2942
1.354761581	86
1.357152968	2942
1.357177561	86
1.359571783	2942
1.359600963	86
1.362031763	2942
1.362061723	86
1.364477010	2942
1.364507138	86
1.365612150	1514
1.365641877	86
1.368079857	2942
1.368109599	86
1.370486827	2942
1.370517442	86
1.372922849	2942
1.372952921	86
1.374133745	1514
1.374163375	86
1.375335849	1514
1.375365294	86
1.376520893	1514
1.376550425	86
1.377735744	1514
1.377765739	86
1.379009990	1514
1.379039732	86
1.380190424	1514
1.380220239	86
1.381407423	1514
1.381430605	98
1.382603736	1514
1.382627014	98
1.383851380	1514
1.383874245	98
1.385036331	1514
1.385060936	98
1.387456264	2942
1.387480464	98
1.388670555	1514
1.388693640	98
1.389881229	1514
1.389904651	98
1.391091975	1514
1.391114575	98
1.392328854	1514
1.392352458	98
1.393487400	1514
1.393510155	98
1.394757283	1514
1.394780771	98
1.395936942	1514
1.395959552	98
1.397151196	1514
1.397174588	98
1.398350980	1514
1.398373475	98
1.399531329	1514
1.399554784	98
1.400736293	1514
1.400758862	98
1.401979001	1514
1.402002623	98
1.403190030	1514
1.403213517	98
1.404400841	1514
1.404424311	98
1.406832606	2942
1.406856783	98
1.408026242	1514
1.408048850	98
1.409238668	1514
1.409262081	98
1.410461825	1514
1.410484874	98
1.411672591	1514
1.411695986	98
1.412892019	1514
1.412916017	98
1.414102773	1514
1.414126556	98
1.415278932	1514
1.415301432	98
1.416486676	1514
1.416510158	98
1.417728229	1514
1.417751159	98
1.418950195	1514
1.418973623	98
1.421361968	2942
1.421385613	98
1.423770016	2942
1.423793910	98
1.426209043	2942
1.426232348	98
1.428612051	2942
1.428635683	98
1.431093515	2942
1.431116932	98
1.432234864	1514
1.432257214	98
1.434658362	2942
1.434682029	98
1.437110509	2942
1.437134289	98
1.439524671	2942
1.439548304	98
1.440735448	1514
1.440758525	98
1.441966754	1514
1.441989106	98
1.443149820	1514
1.443173095	98
1.444349576	1514
1.444371934	98
1.445599212	1514
1.445622657	98
1.446785949	1514
1.446808451	98
1.448024420	1514
1.448048270	98
1.449236076	1514
1.449258771	98
1.450470332	1514
1.450495537	98
1.451610619	1514
1.451636559	86
1.452865100	1514
1.452890655	86
1.454078471	1514
1.454102696	86
1.455315952	1514
1.455340334	86
1.456484143	1514
1.456508508	86
1.457702300	1514
1.457726460	86
1.458948638	1514
1.458972808	86
1.460144737	1514
1.460169064	86
1.461345961	1514
1.461370606	86
1.462557869	1514
1.462582122	86
1.463775366	1514
1.463799576	86
1.464976037	1514
1.465000269	86
1.466183408	1514
1.466207668	86
1.467361405	1514
1.467385750	86
1.468600276	1514
1.468624863	86
1.469831412	1514
1.469856346	86
1.471031648	1514
1.471056495	86
1.472235429	1514
1.472259639	86
1.473455990	1514
1.473480315	86
1.474651162	1514
1.474676619	86
1.475878433	1514
1.475907768	86
1.478280721	2942
1.478310600	86
1.479489114	1514
1.479518846	86
1.480712658	1514
1.480742433	86
1.483113588	2942
1.483143750	86
1.484351849	1514
1.484381404	86
1.485535053	1514
1.485564590	86
1.487415197	1514
1.487444814	86
1.490997378	1514
1.491026768	86
1.492261079	1514
1.492290626	86
1.493450135	1514
1.493479710	86
1.494600202	1514
1.494630142	86
1.495847593	1514
1.495875805	86
1.497023595	1514
1.497053155	86
1.498328115	1514
1.498357895	86
1.499493567	1514
1.499510754	86
1.500746128	1514
1.500775620	86
1.501828527	1514
1.501858037	86
1.503129290	1514
1.503159240	86
1.504353282	1514
1.504382881	86
1.505601473	1514
1.505631052	86
1.506706477	1514
1.506735914	86
1.508004010	1514
1.508033645	86
1.509218801	1514
1.509243129	86
1.510433070	1514
1.510457510	86
1.511610209	1514
1.511635524	86
1.512764445	1514
1.512788663	86
1.514060946	1514
1.514085056	86
1.515278657	1514
1.515302677	86
1.516398672	1514
1.516422989	86
1.517566208	1514
1.517590510	86
1.518785624	1514
1.518809832	86
1.520064030	1514
1.520088872	86
1.521274956	1514
1.521299469	86
1.522406046	1514
1.522430343	86
1.523665399	1514
1.523689764	86
1.524867628	1514
1.524891898	86
1.526112051	1514
1.526136386	86
1.528456551	2942
1.528474081	86
1.529691822	1514
1.529708498	86
1.530883704	1514
1.530905686	86
1.533368409	2942
1.533394024	86
1.534571733	1514
1.534597940	86
1.535775634	1514
1.535802471	86
1.537654190	1514
1.537680682	86
1.541274911	1514
1.541300891	86
1.542552755	1514
1.542578579	86
1.543718474	1514
1.543744399	86
1.544853028	1514
1.544878665	86
1.546108804	1514
1.546134874	86
1.547305373	1514
1.547333350	86
1.548601443	1514
1.548627276	86
1.549742903	1514
1.549768515	86
1.551014278	2942
1.551040050	86
1.552062316	1514
1.552087836	86
1.553395181	1514
1.553420823	86
1.554646829	1514
1.554673369	86
1.555885388	1514
1.555911333	86
1.556969743	1514
1.556995455	86
1.558267946	1514
1.558293281	86
1.559521382	1514
1.559547224	86
1.560703558	1514
1.560729195	86
1.561844965	1514
1.561870662	86
1.563002067	1514
1.563027686	86
1.564334482	1514
1.564361332	86
1.565559005	1514
1.565584990	86
1.566613088	1514
1.566638777	86
1.567779197	1514
1.567805619	86
1.568985223	1514
1.569010455	86
1.570313128	1514
1.570337686	86
1.571486210	1514
1.571510507	86
1.572613144	1514
1.572637899	86
1.573897092	1514
1.573921845	86
1.575078416	1514
1.575102701	86
1.576311947	1514
1.576336215	86
1.578699328	2942
1.578724027	86
1.579930621	1514
1.579954998	86
1.581103850	1514
1.581128065	86
1.583593845	2942
1.583621769	86
1.584813998	1514
1.584838411	86
1.586023874	1514
1.586048272	86
1.587943513	1514
1.587967956	86
1.591609706	1514
1.591651969	86
1.592828468	1514
1.592852823	86
1.593984417	1514
1.594008767	86
1.595112981	1514
1.595137264	86
1.596411662	1514
1.596435819	86
1.597585708	1514
1.597610306	86
1.598907386	1514
1.598932051	86
1.599986348	1514
1.600010503	86
1.601288929	2942
1.601314079	86
1.602367914	2942
1.602392963	86
1.603663358	1514
1.603694316	86
1.604926527	1514
1.604950812	86
1.606143359	1514
1.606167716	86
1.607271858	1514
1.607296338	86
1.608557406	1514
1.608582696	86
1.609750763	1514
1.609775200	86
1.612076801	2942
1.612101685	86
1.613239317	1514
1.613263407	86
1.614593967	1514
1.614618297	86
1.615856876	1514
1.615881098	86
1.616806617	1514
1.616830731	86
1.618039162	1514
1.618063430	86
1.619231886	1514
1.619256131	86
1.620518327	1514
1.620542442	86
1.621716886	1514
1.621741156	86
1.622856718	1514
1.622881295	86
1.624161268	1514
1.624185378	86
1.625319055	1514
1.625348535	86
1.626539821	1514
1.626569121	86
1.628929349	2942
1.628959588	86
1.631336094	2942
1.631366488	86
1.633828960	2942
1.633859013	86
1.635026242	1514
1.635056259	86
1.636325570	1514
1.636355072	86
1.638179882	1514
1.638209541	86
1.641808720	1514
1.641838518	86
1.643101433	1514
1.643130956	86
1.644281650	1514
1.644310097	86
1.645375239	1514
1.645404839	86
1.646696980	1514
1.646726680	86
1.647848944	1514
1.647877281	86
1.649174192	1514
1.649203874	86
1.650288561	1514
1.650318254	86
1.651605547	2942
1.651633787	86
1.652674947	2942
1.652700704	86
1.653955947	1514
1.653980507	86
1.655224163	1514
1.655248460	86
1.656400060	1514
1.656424529	86
1.657559026	1514
1.657583856	86
1.658872939	1514
1.658897229	86
1.660010008	1514
1.660034218	86
1.662343961	2942
1.662368831	86
1.663476528	1514
1.663500963	86
1.664848053	1514
1.664872135	86
1.666139214	1514
1.666164594	86
1.668269651	2942
1.668294386	86
1.669388033	1514
1.669412228	86
1.670736298	1514
1.670760493	86
1.671928464	1514
1.671952857	86
1.673040421	1514
1.673065214	86
1.674409094	1514
1.674433661	86
1.675555761	1514
1.675580113	86
1.676792549	1514
1.676818086	86
1.679192872	2942
1.679218924	86
1.681564992	2942
1.681591517	86
1.684042926	2942
1.684069506	86
1.685269570	1514
1.685295307	86
1.686591971	1514
1.686617201	86
1.688454300	1514
1.688480494	86
1.692071036	1514
1.692097421	86
1.693332972	1514
1.693358444	86
1.694491466	1514
1.694517181	86
1.695637740	1514
1.695664122	86
1.696985120	1514
1.697011250	86
1.698103687	2942
1.698130277	86
1.699469705	1514
1.699495564	86
1.700570634	1514
1.700596009	86
1.701857737	2942
1.701883750	86
1.702962249	2942
1.702988417	86
1.704232213	1514
1.704258023	86
1.705519528	1514
1.705543983	86
1.706630935	1514
1.706655330	86
1.707860311	1514
1.707884381	86
1.709109712	1514
1.709133922	86
1.710292264	1514
1.710316441	86
1.712624389	2942
1.712649474	86
1.713723564	1514
1.713747956	86
1.715149309	1514
1.715173508	86
1.716442489	1514
1.716466554	86
1.718492350	2942
1.718516974	86
1.719606391	1514
1.719630701	86
1.720937112	1514
1.720961524	86
1.722146948	1514
1.722171343	86
1.723277300	1514
1.723302137	86
1.724624870	1514
1.724649135	86
1.725766552	1514
1.725790839	86
1.726960961	1514
1.726985465	86
1.729418000	2942
1.729445455	86
1.731797798	2942
1.731826893	86
1.734264340	2942
1.734294165	86
1.735531128	1514
1.735560548	86
1.736877191	1514
1.736906813	86
1.738736678	1514
1.738766333	86
1.742337477	1514
1.742367026	86
1.743554375	1514
1.743583895	86
1.744686205	1514
1.744716097	86
1.745945621	1514
1.745976358	86
1.747208861	1514
1.747238161	86
1.748342230	2942
1.748372693	86
1.749686771	1514
1.749716553	86
1.750817133	1514
1.750846727	86
1.752048686	2942
1.752078463	86
1.753269312	2942
1.753299175	86
1.754483781	1514
1.754513228	86
1.755798622	1514
1.755827219	86
1.756860861	1514
1.756890974	86
1.758162829	1514
1.758192552	86
1.759332036	1514
1.759361631	86
1.760573407	1514
1.760603072	86
1.762887953	2942
1.762917925	86
1.763941703	1514
1.763966255	86
1.765444694	1514
1.765468864	86
1.766712645	1514
1.766737110	86
1.768714746	2942
1.768740090	86
1.769795613	1514
1.769819742	86
1.771145913	1514
1.771170313	86
1.772366826	1514
1.773450928	1514
1.773474633	86
1.774843958	1514
1.775939410	1514
1.775963283	86
1.777152349	1514
1.779649756	2942
1.779725946	86
1.781969224	2942
1.782044941	86
1.784495058	2942
1.784567558	86
1.785735295	1514
1.787170042	1514
1.787193864	86
1.788994359	1514
1.792607722	1514
1.792633092	86
1.793778676	1514
1.794882206	1514
1.794907313	86
1.796210879	1514
1.797449317	1514
1.797475124	86
1.798555519	2942
1.798612901	86
1.799909027	1514
1.801038611	1514
1.801063723	86
1.802291495	2942
1.802348394	86
1.803585465	2942
1.803641182	86
1.804746144	1514
1.806089335	1514
1.806114587	86
1.807084555	1514
1.808465960	1514
1.808491730	86
1.809596156	1514
1.810848807	1514
1.810872785	86
1.813114661	2942
1.813186286	86
1.814188658	1514
1.815747509	1514
1.815771354	86
1.816996966	1514
1.818991686	2942
1.819064625	86
1.819960211	1514
1.821383894	1514
1.821407994	86
1.823640687	2942
1.823721887	86
1.826119169	2942
1.826191201	86
1.829966404	2942
1.829966632	2942
1.830038286	86
1.832276767	2942
1.832352342	86
1.834827716	2942
1.834899623	86
1.837452985	2942
1.837526157	86
1.842903003	2942
1.842974127	86
1.845089722	2942
1.845164224	86
1.847720308	2942
1.847795712	86
1.848768403	2942
1.848846927	86
1.851233852	2942
1.851310167	86
1.852602237	2942
1.852676997	86
1.853923185	2942
1.853996117	86
1.856359753	2942
1.856432992	86
1.858773148	2942
1.858847282	86
1.861127231	2942
1.861199785	86
1.866036237	2942
1.866036457	2942
1.866112082	86
1.869321099	2942
1.869394733	86
1.871628104	2942
1.871703646	86
1.873870071	2942
1.873945673	86
1.876373160	2942
1.876449615	86
1.880285069	2942
1.880285292	2942
1.880360214	86
1.882634485	2942
1.882708117	86
1.885139184	2942
1.885214648	86
1.887797342	2942
1.887873917	86
1.893235310	2942
1.893310035	86
1.895446847	2942
1.895521416	86
1.898078328	2942
1.898151817	86
1.899027168	2942
1.899027421	1514
1.899098375	86
1.901491036	2942
1.901568885	86
1.902960310	2942
1.903032802	86
1.904234621	2942
1.904308863	86
1.906703625	2942
1.906775982	86
1.909127735	2942
1.909202262	86
1.911481558	2942
1.911557440	86
1.916398388	2942
1.916398612	2942
1.916471485	86
1.919620852	2942
1.919703404	86
1.921965260	2942
1.922037217	86
1.924119376	2942
1.924192343	86
1.926650591	2942
1.926724988	86
1.930649334	2942
1.930649557	2942
1.930725841	86
1.932962902	2942
1.933037474	86
1.935497044	2942
1.935572786	86
1.938159802	2942
1.938234247	86
1.943595265	2942
1.943670017	86
1.945770717	2942
1.945845809	86
1.948433965	2942
1.948508025	86
1.949273957	2942
1.949342694	86
1.951769374	2942
1.951769634	1514
1.951843683	86
1.953301532	2942
1.953375217	86
1.955532064	2942
1.955615633	86
1.957938704	2942
1.958013043	86
1.960359884	2942
1.960434746	86
1.962798091	2942
1.962870731	86
1.966713233	2942
1.966787962	86
1.967592131	2942
1.967668381	86
1.970035259	2942
1.970109976	86
1.972455296	2942
1.972528671	86
1.974885501	2942
1.974960041	86
1.977310571	2942
1.977385263	86
1.980930720	2942
1.981005254	86
1.982179481	2942
1.982254300	86
1.984601358	2942
1.984675790	86
1.987021100	2942
1.987095865	86
1.989440938	2942
1.989515615	86
1.993955788	2942
1.994030300	86
1.996063408	2942
1.996137912	86
1.998750205	2942
1.998824945	86
1.999545527	2942
1.999616437	86
2.002086736	2942
2.002159701	86
2.003976720	2942
2.004051222	86
2.005186679	1514
2.007582934	2942
2.007659016	86
2.009988127	2942
2.010060566	86
2.012400077	2942
2.012474436	86
2.014850986	2942
2.014925473	86
2.017293859	2942
2.017366271	86
2.019688336	2942
2.019763023	86
2.022123089	2942
2.022199061	86
2.024528449	2942
2.024600511	86
2.026989604	2942
2.027063998	86
2.029362781	2942
2.029436883	86
2.031807191	2942
2.031881071	86
2.034259048	2942
2.034332368	86
2.036642414	2942
2.036716770	86
2.039102106	2942
2.039176452	86
2.041526341	2942
2.041601545	86
2.044311083	2942
2.044385450	86
2.046378693	2942
2.046452107	86
2.049071006	2942
2.049143403	86
2.051215013	2942
2.051287047	86
2.053610383	2942
2.053684842	86
2.056023163	2942
2.056097450	86
2.058481340	2942
2.058555532	86
2.059617007	1514
2.062076999	2942
2.062151789	86
2.064486599	2942
2.064560711	86
2.066928561	2942
2.067003006	86
2.069359314	2942
2.069438706	86
2.071727219	2942
2.071799656	86
2.074185259	2942
2.074261798	86
2.076612114	2942
2.076686423	86
2.079024221	2942
2.079096426	86
2.081460579	2942
2.081532745	86
2.083906196	2942
2.083977248	86
2.086340416	2942
2.086413553	86
2.088761263	2942
2.088837333	86
2.091182848	2942
2.091258363	86
2.093583358	2942
2.093657280	86
2.095983741	2942
2.096057215	86
2.098451600	2942
2.098524015	86
2.100831988	2942
2.100906915	86
2.103293805	2942
2.103365950	86
2.105708578	2942
2.105782642	86
2.108139040	2942
2.108210977	86
2.110560603	2942
2.110634437	86
2.112956138	2942
2.113030562	86
2.114147827	1514
2.114228759	86
2.116588624	2942
2.116663594	86
2.119015871	2942
2.119089038	86
2.121402017	2942
2.121476041	86
2.123856456	2942
2.123930498	86
2.126235639	2942
2.126310074	86
2.128690891	2942
2.128764646	86
2.131111199	2942
2.131184328	86
2.133525261	2942
2.133599003	86
2.135963864	2942
2.135986626	98
2.138361569	2942
2.138386171	98
2.140841333	2942
2.140865048	98
2.143262906	2942
2.143286691	98
2.145661613	2942
2.146791320	98
2.148107476	2942
2.149257805	98
2.150530745	2942
2.151660305	98
2.152910816	2942
2.154040393	98
2.155374050	2942
2.156503412	98
2.157772090	2942
2.158902037	98
2.160212088	2942
2.161342997	98
2.162642305	2942
2.163773547	98
2.165056933	2942
2.166190799	98
2.166204749	1514
2.167348443	98
2.168644464	2942
2.169790741	98
2.171117929	2942
2.172249376	98
2.173515282	2942
2.174649578	98
2.175956704	2942
2.177102743	98
2.178379296	2942
2.179523343	98
2.180778179	2942
2.181925013	98
2.183232716	2942
2.184363730	98
2.185654404	2942
2.186785390	98
2.188075518	2942
2.189206175	98
2.190499028	2942
2.190527021	86
2.191655740	1514
2.194106947	2942
2.194132347	86
2.197009361	1514
2.199504256	1514
2.199529300	86
2.201888213	2942
2.201943908	86
2.204320198	1514
2.206755291	2942
2.206813543	86
2.209104054	1514
2.211586703	1514
2.211641675	86
2.214002283	2942
2.214057838	86
2.216449075	1514
2.217607682	1514
2.217663114	86
2.220010802	1514
2.227341411	2942
2.227397133	86
2.229760471	2942
2.229816096	86
2.232110487	2942
2.232166164	86
2.234627883	2942
2.234683443	86
2.237004011	2942
2.237059861	86
2.239451396	2942
2.239507058	86
2.240788684	2942
2.240845066	86
2.244415958	2942
2.244472350	86
2.249817818	2942
2.249873458	86
2.257096563	2942
2.257118866	98
2.257096788	2942
2.257140038	98
2.261926081	2942
2.261949821	98
2.264328371	2942
2.265474432	98
2.267945382	2942
2.269093094	98
2.277684387	2942
2.278831393	98
2.280085082	2942
2.281232928	98
2.282355253	2942
2.283501857	98
2.284945316	2942
2.286091888	98
2.287273612	2942
2.288403841	98
2.289749759	2942
2.289749981	2942
2.290890403	98
2.291077814	2942
2.291596326	98
2.294646004	2942
2.295793803	98
2.300130064	2942
2.301276528	98
2.307409891	2942
2.307410118	2942
2.307446153	86
2.312226161	1514
2.315736613	2942
2.315761043	86
2.319376407	1514
2.329105409	1514
2.329130216	86
2.331518214	2942
2.331605271	86
2.333761030	1514
2.336354276	1514
2.336427771	86
2.341102844	2942
2.341103072	1514
2.341162484	86
2.341836696	2942
2.341892278	86
2.346084731	2942
2.346140880	86
2.351566281	2942
2.351622325	86
2.357710249	2942
2.357710474	2942
2.357768576	86
2.366047906	2942
2.366104006	86
2.379417234	2942
2.379473061	86
2.381864031	2942
2.381920216	86
2.386715646	2942
2.386774158	86
2.391357310	2942
2.391357533	2942
2.391416317	86
2.392106822	2942
2.392162989	86
2.396426676	2942
2.396482388	86
2.401910826	2942
2.401966498	86
2.407984745	2942
2.407984965	2942
2.408045157	86
2.416357219	2942
2.416413068	86
2.429735389	2942
2.429791054	86
2.432187234	2942
2.432243009	86
2.437016452	2942
2.437074096	86
2.441682423	2942
2.441682643	2942
2.441740822	86
2.442431512	2942
2.442489299	86
2.446739268	2942
2.446794783	86
2.452248364	2942
2.452304098	86
2.458331487	2942
2.458331710	2942
2.458404987	86
2.480073710	2942
2.480073932	2942
2.480074002	2942
2.480149979	86
2.482528382	2942
2.482603859	86
2.487357429	2942
2.487432139	86
2.492029678	2942
2.492029928	2942
2.492105442	86
2.492716930	2942
2.492791770	86
2.497064826	2942
2.497140176	86
2.502572554	2942
2.502646636	86
2.508692015	2942
2.508692242	2942
2.508765299	86
2.530440502	2942
2.530440725	4370
2.530518464	86
2.532855809	2942
2.532929996	86
2.537702462	2942
2.537776201	86
2.542365008	2942
2.542365258	2942
2.542441000	86
2.543044716	2942
2.543118923	86
2.547423631	2942
2.547499801	86
2.552935571	2942
2.553009683	86
2.559008307	2942
2.559008535	2942
2.559081677	86
2.580813447	2942
2.580813672	2942
2.580813742	2942
2.580890856	86
2.583214277	2942
2.583289731	86
2.588059707	2942
2.588134336	86
2.592729923	2942
2.592730173	2942
2.592805663	86
2.593354506	2942
2.593431098	86
2.597763307	2942
2.597838416	86
2.603297024	2942
2.603372823	86
2.609352445	2942
2.609352673	2942
2.609430452	86
2.631177247	4370
2.631177472	2942
2.631255139	86
2.633559737	2942
2.633633814	86
2.638410417	2942
2.638485091	86
2.643095380	2942
2.643095630	2942
2.643173605	86
2.643629144	2942
2.643704974	86
2.648100142	2942
2.648172091	86
2.653625182	2942
2.653699388	86
2.659718302	2942
2.659718528	2942
2.659792522	86
2.681528702	2942
2.681528927	2942
2.681529014	2942
2.681606789	86
2.683917089	2942
2.683991146	86
2.688743867	2942
2.688818617	86
2.693442013	2942
2.693442263	2942
2.693517723	86
2.693916995	2942
2.693989582	86
2.698460797	2942
2.698535066	86
2.703979882	2942
2.704053693	86
2.710045780	2942
2.710046003	4370
2.710122105	86
2.731894594	2942
2.731894817	2942
2.731894887	2942
2.731972044	86
2.734242412	2942
2.734317777	86
2.739057185	2942
2.739131404	86
2.743810140	2942
2.743810365	2942
2.743886347	86
2.744228720	2942
2.744303224	86
2.748821707	2942
2.748895891	86
2.754342497	2942
2.754416834	86
2.760390803	2942
2.760391025	2942
2.760464867	86
2.782247242	2942
2.782247469	2942
2.782247539	2942
2.782247607	2942
2.782326634	86
2.784603197	2942
2.784679039	86
2.789419277	2942
2.789493694	86
2.794158673	2942
2.794158923	2942
2.794236223	86
2.794519905	2942
2.794595002	86
2.799176862	1514
2.799250923	86
2.804689724	2942
2.804764064	86
2.810728135	2942
2.810728363	2942
2.810805392	86
2.832617342	2942
2.832617564	2942
2.832617634	2942
2.832617702	2942
2.832696416	86
2.834965357	2942
2.835041769	86
2.839765400	2942
2.839841299	86
2.844522233	2942
2.844522481	2942
2.844599125	86
2.844738129	2942
2.844812213	86
2.849520419	2942
2.849595754	86
2.855050967	2942
2.855124574	86
2.861049861	2942
2.861050083	2942
2.861125043	86
2.882987487	2942
2.882987692	2942
2.882987762	2942
2.882987829	2942
2.883065044	86
2.885304727	2942
2.885379064	86
2.890092873	2942
2.890093100	1514
2.890167257	86
2.894888020	2942
2.894888245	2942
2.894964415	86
2.894980632	2942
2.895019362	86
2.899846477	2942
2.899899959	86
2.905395542	2942
2.905468736	86
2.911410568	2942
2.911410796	2942
2.911484255	86
2.933335459	2942
2.933335684	2942
2.933335752	2942
2.933335822	2942
2.933415144	86
2.935662597	2942
2.935738434	86
2.940454370	2942
2.940528942	86
2.945238201	2942
2.945238423	2942
2.945238493	2942
2.945314398	86
2.950183637	2942
2.950260569	86
2.955730409	2942
2.955805541	86
2.961728286	2942
2.961728511	2942
2.961728581	2942
2.961806360	86
2.983705829	2942
2.983706052	4370
2.983706142	2942
2.983784306	86
2.986024957	2942
2.986099639	86
2.990767175	2942
2.990843445	86
2.995604665	2942
2.995604938	2942
2.995605028	2942
2.995683097	86
3.000546130	2942
3.000622047	86
3.006092439	2942
3.006168566	86
3.012038356	2942
3.012038581	2942
3.012038651	2942
3.012116243	86
3.034076404	2942
3.034076624	2942
3.034076694	2942
3.034076761	2942
3.034156181	86
3.036379935	2942
3.036457139	86
3.041106181	2942
3.041182335	86
3.045973160	2942
3.045973408	2942
3.045973475	2942
3.046052000	86
3.050907112	2942
3.050981189	86
3.056443635	1514
3.062384726	2942
3.062384949	2942
3.062385019	2942
3.062461308	86
3.084450749	2942
3.084450986	2942
3.084451059	2942
3.084451126	2942
3.084493671	2942
3.084531038	86
3.086715875	2942
3.086791409	86
3.091468805	2942
3.091545198	86
3.096335050	2942
3.096335275	2942
3.096335343	2942
3.096414072	86
3.101247847	2942
3.101322107	86
3.112702887	2942
3.112703112	2942
3.112703179	2942
3.112779566	86
3.134776522	2942
3.134776757	2942
3.134776827	2942
3.134776894	2942
3.134818504	2942
3.134818664	1514
3.134855841	86
3.137049665	2942
3.137122547	86
3.141829883	2942
3.141904703	86
3.146703608	2942
3.146703830	2942
3.146703900	2942
3.146778977	86
3.151604557	2942
3.151679332	86
3.163020680	2942
3.163020902	2942
3.163020972	2942
3.163097436	86
3.185122909	2942
3.185123147	2942
3.185123214	2942
3.185123284	2942
3.185167074	2942
3.185167239	2942
3.185200304	86
3.187405383	2942
3.187481695	86
3.192152478	2942
3.192228915	86
3.197054138	2942
3.197054363	2942
3.197054433	2942
3.197131202	86
3.201964532	2942
3.202038874	86
3.213361112	2942
3.213361337	4370
3.213436547	86
3.235497039	2942
3.235497274	2942
3.235497344	2942
3.235497412	2942
3.235540604	2942
3.235540751	2942
3.235540821	2942
3.235576549	86
3.237741278	2942
3.237815815	86
3.242514583	2942
3.242591045	86
3.247418400	2942
3.247418638	2942
3.247418705	2942
3.247496847	86
3.252326282	2942
3.252400292	86
3.263647405	2942
3.263647630	2942
3.263724830	86
3.285884536	2942
3.285884756	2942
3.285884826	2942
3.285884894	2942
3.285929224	2942
3.285929376	2942
3.285929466	4370
3.285963499	86
3.288090180	2942
3.288165223	86
3.292879596	2942
3.292954068	86
3.297786615	2942
3.297786863	2942
3.297786930	2942
3.297864425	86
3.302674392	2942
3.302748837	86
3.313947768	2942
3.313947993	2942
3.314023315	86
3.336226197	2942
3.336226434	2942
3.336226504	2942
3.336226574	2942
3.336271241	2942
3.336271379	2942
3.336271449	2942
3.336271519	2942
3.336305931	86
3.338450033	2942
3.338524478	86
3.343243766	2942
3.343318495	86
3.348157908	2942
3.348158145	2942
3.348158213	2942
3.348232947	86
3.353003690	1514
3.353078162	86
3.364306441	2942
3.364306671	2942
3.364381943	86
3.386604442	2942
3.386604664	2942
3.386604734	2942
3.386604802	2942
3.386648609	2942
3.386648764	2942
3.386648834	2942
3.386648904	2942
3.386684393	86
3.388806660	2942
3.388881603	86
3.393581849	2942
3.393656548	86
3.398507523	2942
3.398507760	2942
3.398507828	2942
3.398583592	86
3.403362275	2942
3.403436817	86
3.414599066	2942
3.414599289	2942
3.414674816	86
3.436967434	2942
3.436967671	2942
3.436967741	2942
3.436967811	2942
3.437013381	4370
3.437013539	2942
3.437013609	2942
3.437013679	2942
3.437048818	86
3.439165008	2942
3.439238435	86
3.443940011	2942
3.444013353	86
3.448874790	2942
3.448875028	2942
3.448875095	2942
3.448952644	86
3.453701873	2942
3.453775932	86
3.464896072	2942
3.464896299	2942
3.464972468	86
3.487351079	2942
3.487351314	2942
3.487351381	2942
3.487351451	2942
3.487395291	2942
3.487395429	2942
3.487395499	2942
3.487395566	2942
3.487430538	86
3.489505686	2942
3.489579733	86
3.494282363	2942
3.494282586	1514
3.494356878	86
3.499246033	2942
3.499246295	2942
3.499246368	2942
3.499321339	86
3.504012301	2942
3.504087215	86
3.515255617	2942
3.515255844	2942
3.515331188	86
3.537717896	2942
3.537718134	2942
3.537718204	2942
3.537718274	2942
3.537763113	2942
3.537763238	2942
3.537763308	2942
3.537763378	2942
3.537797553	86
3.539861481	2942
3.539936453	86
3.544646226	2942
3.544646448	2942
3.544719805	86
3.549587163	2942
3.549587388	2942
3.549587458	2942
3.549663395	86
3.554371568	2942
3.554446710	86
3.565571557	2942
3.565571782	1514
3.565646121	86
3.588069724	2942
3.588069959	2942
3.588070026	2942
3.588070096	2942
3.588117501	2942
3.588117629	2942
3.588117716	2942
3.588117786	2942
3.588148946	86
3.588171313	86
3.590179546	2942
3.590253330	86
3.595010039	2942
3.595010266	2942
3.595086168	86
3.599948878	2942
3.599949148	2942
3.599949220	2942
3.600025452	86
3.604730408	2942
3.604805215	86
3.615846985	2942
3.615847210	2942
3.615920839	86
3.638429989	2942
3.638430226	2942
3.638463676	98
3.638430294	2942
3.638482251	98
3.638430364	2942
3.638493053	98
3.638500776	4370
3.638500891	2942
3.638500961	2942
3.639637260	98
3.640535576	2942
3.641666495	98
3.645349646	2942
3.645349871	2942
3.646497330	98
3.650316780	2942
3.650317005	2942
3.650317075	2942
3.651463574	98
3.655088953	2942
3.656220487	98
3.666202730	2942
3.666202953	2942
3.667334062	98
3.688766324	2942
3.688766571	2942
3.688766659	2942
3.688807821	86
3.688766729	1514
3.689906031	2942
3.689930811	86
3.689906253	2942
3.689906323	1514
3.689982655	86
3.691906951	1514
3.696789348	2942
3.696789601	1514
3.696865048	86
3.701735477	2942
3.701809454	86
3.706510475	2942
3.706584630	86
3.717592157	2942
3.717592380	2942
3.717668230	86
3.739101287	2942
3.739101511	2942
3.739101581	2942
3.739177596	86
3.740213236	2942
3.740213461	2942
3.740213531	2942
3.740291038	86
3.747152981	2942
3.747153203	2942
3.747229515	86
3.752090845	2942
3.752164792	86
3.756870593	2942
3.756946645	86
3.767945018	2942
3.767945242	2942
3.768021342	86
3.789445359	2942
3.789445607	2942
3.789445694	2942
3.789522231	86
3.790512149	2942
3.790512374	2942
3.790512446	2942
3.790588661	86
3.797515223	2942
3.797515451	2942
3.797591340	86
3.802454225	2942
3.802530217	86
3.807228788	2942
3.807302982	86
3.818308380	2942
3.818308603	2942
3.818382127	86
3.839821379	2942
3.839821617	2942
3.839821689	2942
3.839821757	2942
3.839899444	86
3.840877487	2942
3.840877711	2942
3.840877779	2942
3.840952261	86
3.847848888	2942
3.847849111	2942
3.847924505	86
3.852813780	2942
3.852886542	86
3.857576190	2942
3.857651085	86
3.868669972	2942
3.868670195	2942
3.868743852	86
3.890183169	2942
3.890183404	2942
3.890183472	2942
3.890183542	2942
3.890260579	86
3.891240464	2942
3.891240689	2942
3.891240756	2942
3.891240826	1514
3.891317851	86
3.898212021	2942
3.898212248	2942
3.898287675	86
3.903173452	2942
3.903248984	86
3.907937573	2942
3.908011657	86
3.919030507	2942
3.919030735	2942
3.919106197	86
3.940528637	2942
3.940528874	2942
3.940528942	2942
3.940529012	2942
3.940606204	86
3.941556829	2942
3.941557047	2942
3.941557117	2942
3.941635049	86
3.948575678	2942
3.948575898	2942
3.948653065	86
3.953521545	2942
3.953594240	86
3.958276796	2942
3.958351107	86
3.969383900	2942
3.969384122	2942
3.969458742	86
3.990902879	2942
3.990903114	2942
3.990903182	2942
3.990903252	4370
3.990980959	86
3.991882784	2942
3.991883007	2942
3.991883074	2942
3.991960141	86
3.998945793	2942
3.998946023	2942
3.999021310	86
4.003879188	2942
4.003953292	86
4.008634965	2942
4.008712492	86
4.019745705	2942
4.019745927	2942
4.019820490	86
4.041277984	2942
4.041301024	98
4.041278221	2942
4.041320749	98
4.041278309	2942
4.041333774	98
4.041278379	2942
4.042243797	2942
4.042244019	2942
4.042244089	2942
4.042453795	98
4.049293643	2942
4.049293866	2942
4.050442858	98
4.054205078	2942
4.055350509	98
4.058995658	2942
4.060143350	98
4.070105690	4370
4.071252919	98
4.091596734	2942
4.091596977	2942
4.091633076	86
4.091597044	1514
4.092743791	2942
4.092768423	86
4.092744013	1514
4.100740508	2942
4.100766655	86
4.100740738	2942
4.100801357	86
4.105634340	2942
4.105690170	86
4.110400265	2942
4.110456035	86
4.121531615	2942
4.121531835	1514
4.121589364	86
4.141922792	2942
4.141923037	2942
4.141980749	86
4.143010102	2942
4.143063559	86
4.151055168	2942
4.151055391	2942
4.151055461	2942
4.151116088	86
4.155974863	2942
4.156030992	86
4.160716998	2942
4.160773243	86
4.171879505	2942
4.171879725	2942
4.171937897	86
4.192224092	2942
4.192224360	2942
4.192284550	86
4.193327182	2942
4.193382914	86
4.201390121	2942
4.201390351	2942
4.201390421	2942
4.201452060	86
4.206269768	2942
4.206325618	86
4.211059271	2942
4.211114908	86
4.222190515	2942
4.222190760	2942
4.222249497	86
4.242575517	2942
4.242575740	2942
4.242651984	86
4.243664577	2942
4.243739614	86
4.251702151	2942
4.251702429	2942
4.251702499	2942
4.251778071	86
4.256612371	2942
4.256686720	86
4.261378711	2942
4.261454228	86
4.272534750	2942
4.272534978	2942
4.272609805	86
4.292897480	2942
4.292897728	2942
4.292973225	86
4.294010405	2942
4.294082919	86
4.302071451	2942
4.302071671	2942
4.302071764	4370
4.302148391	86
4.306969533	2942
4.307045458	86
4.311742669	2942
4.311816980	86
4.322897643	2942
4.322897868	2942
4.322973492	86
4.343261210	2942
4.343261433	2942
4.343337152	86
4.344342370	2942
4.344417054	86
4.352441784	2942
4.352442006	2942
4.352442076	2942
4.352518838	86
4.357308561	2942
4.357383680	86
4.362068704	2942
4.362143256	86
4.373252175	2942
4.373252398	2942
4.373326055	86
4.393631545	2942
4.393631790	2942
4.393707877	86
4.394684655	2942
4.394760092	86
4.402807104	2942
4.402807326	2942
4.402807396	2942
4.402884856	86
4.407674233	2942
4.407674506	1514
4.407747288	86
4.412427824	2942
4.412502283	86
4.423615088	2942
4.423615313	2942
4.423693120	86
4.443972030	2942
4.443972275	2942
4.444047007	86
4.444980863	2942
4.445054137	86
4.453139579	2942
4.453139804	2942
4.453139871	2942
4.453216658	86
4.458016494	2942
4.458016744	2942
4.458092570	86
4.462782039	2942
4.462856336	86
4.473940775	2942
4.473940998	2942
4.474016998	86
4.494311863	2942
4.494312110	2942
4.494386650	86
4.495335443	2942
4.495407912	86
4.503510259	2942
4.503510481	2942
4.503510551	2942
4.503601353	86
4.508384546	2942
4.508384783	2942
4.508459478	86
4.524306510	4370
4.524306743	2942
4.524383082	86
4.544656173	2942
4.544656420	2942
4.544656510	2942
4.544732745	86
4.545637663	2942
4.545709040	86
4.553891309	2942
4.553891533	2942
4.553891621	2942
4.553966878	86
4.558733046	2942
4.558733271	2942
4.558808733	86
4.574635268	2942
4.574635493	2942
4.574710348	86
4.595022983	2942
4.595023230	2942
4.595023303	2942
4.595100727	86
4.595948086	2942
4.596020783	86
4.604254371	2942
4.604254596	2942
4.604254666	2942
4.604331525	86
4.609062466	2942
4.609062691	2942
4.609062761	1514
4.609138325	86
4.624963391	2942
4.624963613	2942
4.625038905	86
4.645371733	2942
4.645371978	2942
4.645372046	2942
4.645448347	86
4.646255942	2942
4.646329909	86
4.654606621	2942
4.654606841	2942
4.654606931	2942
4.654682175	86
4.659435116	2942
4.659435341	2942
4.659435411	2942
4.659511543	86
4.675327551	2942
4.675327773	2942
4.675402700	86
4.695737875	2942
4.695738123	2942
4.695738211	2942
4.695816840	86
4.696589177	2942
4.696661919	86
4.704945949	2942
4.704946174	2942
4.704946261	2942
4.705022903	86
4.709804196	2942
4.709804449	4370
4.709879768	86
4.725672768	2942
4.725672991	2942
4.725673061	2942
4.725750323	86
4.746064196	2942
4.746064418	2942
4.746064488	2942
4.746141515	86
4.746860115	2942
4.746932399	86
4.755311394	2942
4.755311616	2942
4.755311686	2942
4.755389618	86
4.760133726	2942
4.760133996	2942
4.760209583	86
4.776006451	2942
4.776006674	2942
4.776006761	2942
4.776083378	86
4.796432496	2942
4.796432738	2942
4.796432806	2942
4.796510643	86
4.797187652	2942
4.797259945	86
4.805662569	2942
4.805662791	2942
4.805662859	4370
4.805739688	86
4.810499584	2942
4.810499819	2942
4.810575425	86
4.826375171	2942
4.826375394	2942
4.826375464	2942
4.826451323	86
4.846759328	2942
4.846759576	2942
4.846759643	2942
4.846836355	86
4.847499628	2942
4.847573660	86
4.856005416	2942
4.856005639	2942
4.856005729	2942
4.856005796	2942
4.856083653	86
4.860859874	2942
4.860860124	2942
4.860935866	86
4.876741349	2942
4.876741573	2942
4.876741641	2942
4.876818795	86
4.897089814	2942
4.897090056	2942
4.897090126	2942
4.897166453	86
4.897852088	1514
4.906381689	2942
4.906381934	2942
4.906382001	2942
4.906382071	2942
4.906457140	86
4.911225661	2942
4.911225886	2942
4.911299118	86
4.927098028	2942
4.927098251	2942
4.927098321	2942
4.927098388	2942
4.927175063	86
4.947458248	2942
4.947458471	2942
4.947458538	2942
4.947535970	86
4.956750306	2942
4.956750529	2942
4.956750596	2942
4.956750666	2942
4.956827633	86
4.961574851	2942
4.961575089	2942
4.961650516	86
4.977456733	2942
4.977456939	2942
4.977457029	2942
4.977457096	4370
4.977534008	86
4.997831558	2942
4.997831803	2942
4.997831873	2942
4.997907813	86
5.007118596	2942
5.007118818	2942
5.007118886	2942
5.007118956	2942
5.007196575	86
5.011929911	2942
5.011930181	2942
5.012005728	86
5.027820776	2942
5.027821011	2942
5.027821078	2942
5.027821148	2942
5.027899763	86
5.048193146	2942
5.048193383	2942
5.048193453	2942
5.048193523	2942
5.048271165	86
5.057474601	2942
5.057474823	2942
5.057474893	2942
5.057474961	2942
5.057550768	86
5.062247349	4370
5.062322564	86
5.078139321	2942
5.078139541	2942
5.078139611	2942
5.078139679	2942
5.078217073	86
5.098568411	2942
5.098568651	2942
5.098568736	2942
5.098568806	2942
5.098609193	2942
5.098644620	86
5.107843174	2942
5.107843396	2942
5.107843466	2942
5.107843534	2942
5.107920085	86
5.112611156	2942
5.112685136	86
5.128515341	2942
5.128515566	2942
5.128515636	2942
5.128515704	2942
5.128592896	86
5.148942031	2942
5.148942266	2942
5.148942336	2942
5.148942403	4370
5.148983950	2942
5.149019060	86
5.158180646	2942
5.158180869	2942
5.158180959	2942
5.158181026	2942
5.158256061	86
5.162971999	2942
5.163045598	86
5.178883776	2942
5.178883999	2942
5.178884069	2942
5.178884136	2942
5.178961868	86
5.199316915	2942
5.199317141	2942
5.199317208	2942
5.199317278	2942
5.199357663	2942
5.199394872	86
5.208546644	2942
5.208546869	2942
5.208546954	2942
5.208547021	2942
5.208624766	86
5.213309249	2942
5.213309502	2942
5.213384799	86
5.229229686	1514
5.229229911	2942
5.229229979	2942
5.229230049	2942
5.229306230	86
5.249675273	2942
5.249675513	2942
5.249675580	2942
5.249675650	2942
5.249718095	2942
5.249753235	86
5.258920191	2942
5.258920413	2942
5.258920483	2942
5.258920551	2942
5.258998403	86
5.263674451	2942
5.263674727	2942
5.263750344	86
5.279599259	2942
5.279599481	2942
5.279599551	2942
5.279599619	2942
5.279678181	86
5.300022791	2942
5.300023028	2942
5.300023098	2942
5.300023168	2942
5.300064213	4370
5.300101900	86
5.309268881	2942
5.309269104	2942
5.309269194	2942
5.309269261	2942
5.309347028	86
5.314004082	2942
5.314004329	2942
5.314080069	86
5.329969161	2942
5.329969384	2942
5.329969471	2942
5.329969541	2942
5.330048033	86
5.350372866	2942
5.350373106	2942
5.350373176	2942
5.350373246	2942
5.350414968	2942
5.350452215	86
5.359640801	2942
5.359641036	2942
5.359641106	2942
5.359641173	2942
5.359719190	86
5.364369042	2942
5.364369294	2942
5.364369364	1514
5.364447214	86
5.380338529	2942
5.380338763	2942
5.380338831	2942
5.380338901	2942
5.380418448	86
5.400748253	2942
5.400748491	2942
5.400748558	2942
5.400748628	2942
5.400789423	2942
5.400828642	86
5.410000428	2942
5.410000654	2942
5.410000721	2942
5.410000791	2942
5.410079265	86
5.414720539	2942
5.414720802	2942
5.414720872	2942
5.414799029	86
5.430668836	2942
5.430669061	2942
5.430669129	2942
5.430669199	2942
5.430746696	86
5.451127110	2942
5.451127333	2942
5.451127400	4370
5.451127470	2942
5.451205315	86
5.460374641	2942
5.460374863	2942
5.460374951	2942
5.460375021	2942
5.460453608	86
5.465057389	2942
5.465057624	2942
5.465057694	2942
5.465135724	86
5.480999461	2942
5.480999684	2942
5.480999751	2942
5.480999821	2942
5.481076868	86
5.501478001	2942
5.501478238	2942
5.501478328	2942
5.501478395	2942
5.501518955	2942
5.501556730	86
5.510733216	2942
5.510733438	2942
5.510733506	2942
5.510733576	2942
5.510774266	1514
5.510810818	86
5.515431142	2942
5.515431409	2942
5.515431497	2942
5.515510386	86
5.531370304	2942
5.531370526	2942
5.531370596	2942
5.531370664	2942
5.531449268	86
5.551838586	2942
5.551838826	2942
5.551838898	2942
5.551838966	2942
5.551881335	2942
5.551918130	86
5.561064476	2942
5.561064696	2942
5.561064786	2942
5.561064853	2942
5.561144098	86
5.565802739	2942
5.565802989	2942
5.565803059	2942
5.565881104	86
5.581739166	2942
5.581739389	2942
5.581739456	2942
5.581739526	4370
5.581819823	86
5.602211995	2942
5.602212230	2942
5.602212300	2942
5.602212368	2942
5.602253083	2942
5.602292560	86
5.611434964	2942
5.611435184	2942
5.611435254	2942
5.611435321	2942
5.611513415	86
5.616133707	2942
5.616133982	2942
5.616134052	2942
5.616212396	86
5.632087496	2942
5.632087734	2942
5.632087821	2942
5.632087891	2942
5.632128211	2942
5.632166353	86
5.652594198	2942
5.652594435	2942
5.652594503	2942
5.652594573	2942
5.652635120	1514
5.652672697	86
5.661807976	2942
5.661808203	2942
5.661808288	2942
5.661808356	2942
5.661885398	86
5.666503154	2942
5.666503392	2942
5.666503459	2942
5.666581041	86
5.682462366	2942
5.682462586	2942
5.682462656	2942
5.682462724	2942
5.682505571	2942
5.682505718	2942
5.682541523	86
5.702962820	2942
5.702963057	2942
5.702963125	2942
5.702963195	2942
5.703042860	86
5.712174723	2942
5.712174951	2942
5.712175021	2942
5.712175091	2942
5.712254180	86
5.716865517	2942
5.716865767	1514
5.716865837	2942
5.716865907	2942
5.716943684	86
5.732841358	2942
5.732841584	2942
5.732841671	2942
5.732841741	2942
5.732884763	2942
5.732884898	2942
5.732922483	86
5.753327115	2942
5.753327352	2942
5.753327440	2942
5.753327510	2942
5.753404395	86
5.762548171	2942
5.762548393	2942
5.762548483	2942
5.762548551	2942
5.762627818	86
5.767233609	2942
5.767233849	2942
5.767233917	2942
5.767311854	86
5.783225426	2942
5.783225646	2942
5.783225716	2942
5.783225783	4370
5.783267703	2942
5.783267838	2942
5.783305890	86
5.803699710	2942
5.803699947	2942
5.803700015	2942
5.803700085	2942
5.803779162	86
5.812917598	2942
5.812917820	2942
5.812917890	2942
5.812917958	2942
5.812997410	86
5.817533717	2942
5.817533945	2942
5.817534012	2942
5.817611722	86
5.833595023	2942
5.833595246	2942
5.833595316	2942
5.833595383	2942
5.833637355	2942
5.833637505	2942
5.833637575	2942
5.833676560	86
5.854074500	2942
5.854074725	4370
5.854074792	2942
5.854152812	86
5.863290405	2942
5.863290631	2942
5.863290701	2942
5.863290768	2942
5.863366455	86
5.867907105	2942
5.867907369	2942
5.867907437	2942
5.867907507	2942
5.867984737	86
5.883975263	2942
5.883975498	2942
5.883975568	2942
5.883975635	2942
5.884018348	2942
5.884018480	2942
5.884018568	2942
5.884056452	86
5.904436805	2942
5.904437050	2942
5.904437137	2942
5.904514757	86
5.913650696	2942
5.913650953	2942
5.913651043	4370
5.913651110	2942
5.913730540	86
5.918220315	2942
5.918220540	2942
5.918220607	2942
5.918220677	2942
5.918299994	86
5.934336450	2942
5.934336673	2942
5.934336763	2942
5.934336830	2942
5.934380348	2942
5.934380478	2942
5.934380565	2942
5.934422817	86
5.954805652	2942
5.954805875	2942
5.954805945	2942
5.954883954	86
5.963999158	2942
5.963999381	2942
5.963999451	2942
5.963999518	2942
5.964077218	86
5.968567970	2942
5.968568190	2942
5.968568277	4370
5.968568347	2942
5.968647759	86
5.984719885	2942
5.984720110	2942
5.984720180	2942
5.984720250	2942
5.984764828	2942
5.984764975	2942
5.984765045	2942
5.984801977	86
6.005152172	2942
6.005152422	2942
6.005152495	2942
6.005230427	86
6.014346676	2942
6.014346898	2942
6.014346966	2942
6.014347036	2942
6.014426490	86
6.018941987	2942
6.018942235	2942
6.018942305	2942
6.018942372	2942
6.018982145	2942
6.019021792	86
6.035101588	2942
6.035101808	4370
6.035101878	2942
6.035101945	2942
6.035143810	2942
6.035143935	2942
6.035181567	86
6.055519567	2942
6.055519815	2942
6.055519882	2942
6.055611254	86
6.064721955	2942
6.064722178	2942
6.064722245	2942
6.064722315	2942
6.064800790	86
6.069289392	2942
6.069289612	2942
6.069289680	2942
6.069289750	2942
6.069330070	2942
6.069368454	86
6.085453043	2942
6.085453263	2942
6.085453330	2942
6.085453400	2942
6.085495990	2942
6.085496128	4370
6.085533752	86
6.105901705	2942
6.105901930	2942
6.105901997	2942
6.105902067	2942
6.105979982	86
6.115093980	2942
6.115094203	2942
6.115094270	2942
6.115094340	2942
6.115173350	86
6.119659400	2942
6.119659622	2942
6.119659692	2942
6.119659760	2942
6.119700602	2942
6.119738839	86
6.135829658	2942
6.135829895	2942
6.135829963	2942
6.135830033	2942
6.135873562	2942
6.135873720	2942
6.135908795	86
6.156275149	2942
6.156275372	2942
6.156275439	1514
6.156275509	2942
6.156275575	2942
6.156355689	86
6.165449063	2942
6.165449283	2942
6.165449353	2942
6.165449420	2942
6.165528188	86
6.170008612	2942
6.170008820	2942
6.170008887	2942
6.170008957	2942
6.170050735	2942
6.170095694	86
6.186204558	2942
6.186204782	2942
6.186204850	2942
6.186204920	2942
6.186246557	2942
6.186246705	2942
6.186284142	86
6.206599000	2942
6.206599235	2942
6.206599302	2942
6.206599372	2942
6.206640130	2942
6.206679949	86
6.215821430	4370
6.215821675	2942
6.215821745	2942
6.215900512	86
6.220394600	2942
6.220394835	2942
6.220394905	2942
6.220394972	2942
6.220435124	2942
6.220475069	86
6.236546925	2942
6.236547130	2942
6.236547200	2942
6.236547268	2942
6.236589065	2942
6.236589220	2942
6.236626415	86
6.256960632	2942
6.256960872	2942
6.256960940	2942
6.256961010	2942
6.257004044	2942
6.257004172	2942
6.257041681	86
6.266193543	2942
6.266193763	2942
6.266193833	4370
6.266271995	86
6.270764125	2942
6.270764355	2942
6.270764422	2942
6.270764492	2942
6.270805807	2942
6.270843307	86
6.286925250	2942
6.286925470	2942
6.286925540	2942
6.286925608	2942
6.286968312	2942
6.286968475	2942
6.287005637	86
6.307337012	2942
6.307337235	2942
6.307337302	2942
6.307337372	2942
6.307378714	2942
6.307378867	2942
6.307417254	86
6.316564138	2942
6.316564363	2942
6.316564448	2942
6.316641815	86
6.321124560	2942
6.321124777	4370
6.321124847	2942
6.321124915	2942
6.321166089	2942
6.321204799	86
6.337286743	2942
6.337286965	2942
6.337287035	2942
6.337287103	2942
6.337330940	2942
6.337331070	2942
6.337366194	86
6.357709539	2942
6.357709747	2942
6.357709817	2942
6.357709885	2942
6.357751277	2942
6.357751432	2942
6.357788776	86
6.366934905	2942
6.366935128	2942
6.366935198	2942
6.367011890	86
6.371499687	2942
6.371499939	2942
6.371500007	2942
6.371500077	4370
6.371541617	2942
6.371594514	86
6.387662947	2942
6.387663180	2942
6.387663247	2942
6.387663317	2942
6.387709432	2942
6.387709592	2942
6.387742102	86
6.408064340	2942
6.408064577	2942
6.408064647	2942
6.408064717	2942
6.408106959	2942
6.408107109	2942
6.408141011	86
6.417287775	2942
6.417288000	2942
6.417288085	2942
6.417364402	86
6.421886782	2942
6.421887034	2942
6.421887104	2942
6.421887174	2942
6.421928419	2942
6.421928559	1514
6.421967429	86
6.438039660	2942
6.438039877	2942
6.438039947	2942
6.438040015	2942
6.438080684	2942
6.438080827	2942
6.438119672	86
6.458444032	2942
6.458444269	2942
6.458444337	2942
6.458444407	2942
6.458486049	2942
6.458486187	2942
6.458523304	86
6.467655460	2942
6.467655708	2942
6.467655775	2942
6.467732397	86
6.472206637	2942
6.472206862	2942
6.472206932	2942
6.472207002	2942
6.472248022	2942
6.472248169	2942
6.472285234	86
6.488405255	2942
6.488405477	4370
6.488405545	2942
6.488405615	2942
6.488447649	2942
6.488447782	2942
6.488484587	86
6.508819544	2942
6.508819749	2942
6.508819819	2942
6.508819887	2942
6.508861151	2942
6.508861304	2942
6.508899729	86
6.518019933	2942
6.518020157	2942
6.518020245	2942
6.518098539	86
6.522581880	2942
6.522582084	2942
6.522582154	2942
6.522582222	2942
6.522624159	2942
6.522624304	2942
6.522660511	86
6.538790269	2942
6.538790492	2942
6.538790582	1514
6.538790649	2942
6.538790717	2942
6.538837367	2942
6.538837472	2942
6.538870706	86
6.559203421	2942
6.559203654	2942
6.559203721	2942
6.559203791	2942
6.559245164	2942
6.559245304	2942
6.559281711	86
6.568364958	2942
6.568365180	2942
6.568365290	2942
6.568441880	86
6.572942225	2942
6.572942459	2942
6.572942529	2942
6.572942597	2942
6.572984899	2942
6.572985047	2942
6.573018881	86
6.589142544	2942
6.589142764	2942
6.589142834	2942
6.589142902	4370
6.589188842	2942
6.589188997	2942
6.589223409	86
6.609564919	2942
6.609565159	2942
6.609565226	2942
6.609565296	2942
6.609607144	2942
6.609607284	2942
6.609641681	86
6.618735878	2942
6.618736100	2942
6.618736170	2942
6.618812135	86
6.623313472	2942
6.623313722	2942
6.623313792	2942
6.623313862	2942
6.623354729	2942
6.623354862	2942
6.623392739	86
6.639523304	2942
6.639523529	2942
6.639523614	2942
6.639523682	2942
6.639566112	4370
6.639566247	2942
6.639616581	86
6.659910899	2942
6.659911137	2942
6.659911204	2942
6.659911274	2942
6.659957784	2942
6.659957901	2942
6.659957971	2942
6.659992804	86
6.669058185	2942
6.669058408	2942
6.669058475	2942
6.669134610	86
6.673670517	2942
6.673670767	2942
6.673670834	2942
6.673670904	2942
6.673711549	2942
6.673711684	2942
6.673750471	86
6.689917647	2942
6.689917874	2942
6.689917942	2942
6.689918012	2942
6.689959889	4370
6.689960034	2942
6.689998003	86
6.710247679	2942
6.710247899	2942
6.710247969	2942
6.710248037	2942
6.710293769	2942
6.710293921	2942
6.710293991	2942
6.710327821	86
6.719424943	2942
6.719425188	2942
6.719425278	2942
6.719501395	86
6.724018070	2942
6.724018334	2942
6.724018407	2942
6.724018474	2942
6.724059789	2942
6.724059929	2942
6.724096574	86
6.760633647	2942
6.760633881	2942
6.760633949	2942
6.760634019	2942
6.760680694	4370
6.760680836	2942
6.760680924	2942
6.760680994	2942
6.760702509	2942
6.760702601	2942
6.760702671	2942
6.760702741	2942
6.760715971	86
6.760718158	2942
6.760741058	86
6.769796703	2942
6.769796943	2942
6.769797010	2942
6.769872277	86
6.774369289	2942
6.774369512	2942
6.774369579	2942
6.774369649	2942
6.774414774	2942
6.774414924	2942
6.774414992	1514
6.774455846	86
6.811020964	2942
6.811021189	2942
6.811021256	2942
6.811021326	2942
6.811066599	2942
6.811066761	2942
6.811066831	2942
6.811066901	2942
6.811088156	2942
6.811088241	2942
6.811088331	2942
6.811088398	2942
6.811100466	2942
6.811101071	86
6.811125583	86
6.820169215	2942
6.820169475	2942
6.820169545	2942
6.820245642	86
6.824748069	2942
6.824748304	2942
6.824748374	2942
6.824748442	2942
6.824790446	2942
6.824790582	2942
6.824790652	2942
6.824828531	86
6.861356144	2942
6.861356381	2942
6.861356449	2942
6.861356519	4370
6.861402584	2942
6.861402724	2942
6.861402811	2942
6.861402881	2942
6.861424054	2942
6.861424164	2942
6.861424236	2942
6.861424306	2942
6.861436316	2942
6.861438441	86
6.861463783	86
6.870493188	2942
6.870493413	2942
6.870493485	2942
6.870569092	86
6.875125309	2942
6.875125529	2942
6.875125599	2942
6.875125667	2942
6.875167296	2942
6.875167439	2942
6.875203254	86
6.876583506	2942
6.876659908	86
6.911695549	2942
6.911695774	2942
6.911695842	1514
6.911695912	2942
6.911695977	2942
6.911746499	2942
6.911746621	2942
6.911746691	2942
6.911746759	2942
6.911766064	2942
6.911766156	2942
6.911766244	2942
6.911766311	2942
6.911775924	86
6.911777561	2942
6.911801209	86
6.920860455	2942
6.920860708	2942
6.920860778	2942
6.920936522	86
6.925469502	2942
6.925469724	2942
6.925469794	2942
6.925544194	86
6.926239906	2942
6.926313148	86
6.928647339	2942
6.928722481	86
6.931082711	2942
6.931157641	86
6.933485241	2942
6.933560123	86
6.962067901	2942
6.962068127	4370
6.962068197	2942
6.962068264	2942
6.962114544	2942
6.962114681	2942
6.962114754	2942
6.962114821	2942
6.962137426	2942
6.962137519	2942
6.962137589	2942
6.962148486	86
6.962178443	86
6.963786657	2942
6.963862144	86
6.966208297	2942
6.966283244	86
6.971225090	2942
6.971225313	2942
6.971300175	86
6.973453432	2942
6.973529944	86
6.975822867	2942
6.975897664	86
6.978319886	2942
6.978391343	86
6.980718616	2942
6.980792283	86
6.983161404	2942
6.983237536	86
6.985587341	2942
6.985660693	86
6.987983724	2942
6.988057803	86
6.990432946	2942
6.990505648	86
6.991596365	1514
7.012456166	2942
7.012456391	2942
7.012489004	98
7.012456461	2942
7.012508203	98
7.012456529	2942
7.012519669	98
7.012526716	2942
7.012526848	2942
7.012526918	2942
7.012526988	2942
7.013415282	2942
7.013645083	98
7.015825862	2942
7.016972841	98
7.018285734	2942
7.019432166	98
7.020712259	2942
7.021850116	98
7.023133952	2942
7.024266711	98
7.025554431	2942
7.026701053	98
7.027976769	2942
7.029124253	98
7.030404299	2942
7.031551393	98
7.032820329	2942
7.033968920	98
7.035244874	2942
7.035619681	98
7.037615747	2942
7.038746843	98
7.040071284	2942
7.041217128	98
7.042445892	2942
7.043596468	98
7.043677310	1514
7.044807005	98
7.046145335	2942
7.047277827	98
7.062749384	2942
7.062749609	2942
7.062749679	2942
7.062749747	2942
7.062794979	86
7.062804644	1514
7.063926646	2942
7.063950961	86
7.063926868	2942
7.064000243	86
7.064241371	2942
7.064312378	86
7.065522762	1514
7.067924832	2942
7.067996999	86
7.069677824	1514
7.072107151	1514
7.072179786	86
7.074548019	2942
7.074624193	86
7.076968321	1514
7.079410704	2942
7.079483646	86
7.081837029	1514
7.084255373	1514
7.084325041	86
7.085908134	2942
7.085981111	86
7.088966527	1514
7.091499246	1514
7.091551786	86
7.095058110	1514
7.097485805	2942
7.097539587	86
7.113069907	2942
7.113070127	2942
7.113070197	2942
7.113070265	2942
7.113147466	86
7.114181247	2942
7.114181472	4370
7.114255546	86
7.114483667	2942
7.114555419	86
7.118270999	2942
7.118345482	86
7.122463909	2942
7.122537318	86
7.124886091	2942
7.124960058	86
7.129769039	2942
7.129769261	2942
7.129845175	86
7.134558099	2942
7.134630241	86
7.136235247	2942
7.136306716	86
7.141836806	2942
7.141909056	86
7.147726149	2942
7.147726376	2942
7.147798883	86
7.163440652	2942
7.163440875	2942
7.163440967	2942
7.163441035	2942
7.163519699	86
7.164518282	2942
7.164518507	2942
7.164591166	86
7.164737798	2942
7.164807995	86
7.168627497	2942
7.168701444	86
7.172822202	2942
7.172876916	86
7.175246604	2942
7.175246829	1514
7.175323321	86
7.180131631	2942
7.180131886	2942
7.180214833	86
7.184876107	2942
7.184952109	86
7.186588369	2942
7.186661361	86
7.192185936	2942
7.192259358	86
7.197959549	2942
7.197959804	2942
7.198034029	86
7.213809440	2942
7.213809664	2942
7.213809732	2942
7.213809802	2942
7.213888589	86
7.214856322	2942
7.214856544	2942
7.214930924	86
7.214956666	2942
7.214999021	86
7.218983822	2942
7.219054494	86
7.223075942	2942
7.223153672	86
7.225607309	2942
7.225607531	2942
7.225684224	86
7.230436874	2942
7.230437111	2942
7.230514463	86
7.235232649	2942
7.235307394	86
7.236910977	2942
7.236984532	86
7.242545116	4370
7.242620013	86
7.248218867	2942
7.248219095	2942
7.248292612	86
7.264170535	2942
7.264170755	2942
7.264170845	2942
7.264170912	2942
7.264249194	86
7.265213622	2942
7.265213847	2942
7.265213914	2942
7.265287844	86
7.269311557	2942
7.269387482	86
7.273354520	2942
7.273430477	86
7.275966631	2942
7.275966854	2942
7.276043061	86
7.280798429	2942
7.280798651	2942
7.280875238	86
7.285567772	2942
7.285644096	86
7.287263474	2942
7.287336357	86
7.292884244	2942
7.292958186	86
7.298472601	2942
7.298472828	2942
7.298549215	86
7.314541394	2942
7.314541619	1514
7.314541689	2942
7.314541759	2942
7.314541827	2942
7.314619941	86
7.315570127	2942
7.315570349	2942
7.315570419	2942
7.315630734	86
7.319621313	2942
7.319690752	86
7.323637034	2942
7.323710853	86
7.326302719	2942
7.326302952	2942
7.326378764	86
7.331165109	2942
7.331165359	2942
7.331240188	86
7.335916272	2942
7.335991909	86
7.337606125	2942
7.337677482	86
7.343238609	2942
7.343312733	86
7.348751872	2942
7.348752099	2942
7.348827121	86
7.364894105	2942
7.364894327	2942
7.364894397	2942
7.364894465	2942
7.364935234	2942
7.364974891	86
7.365870297	4370
7.365870520	2942
7.365944552	86
7.369923658	2942
7.369997580	86
7.373910852	2942
7.373987026	86
7.376664974	2942
7.376665214	2942
7.376741864	86
7.381530594	2942
7.381530816	2942
7.381605203	86
7.386278110	2942
7.386352136	86
7.387959180	2942
7.388031309	86
7.393533274	2942
7.393533497	2942
7.393606326	86
7.399028697	2942
7.399028922	2942
7.399109491	86
7.415265882	2942
7.415266104	2942
7.415266174	2942
7.415266242	2942
7.415311084	2942
7.415349644	86
7.416193830	2942
7.416194055	2942
7.416268222	86
7.420280568	2942
7.420280793	1514
7.420354190	86
7.424177825	2942
7.424254699	86
7.427028479	2942
7.427028707	2942
7.427104976	86
7.431862272	2942
7.431862524	2942
7.431938729	86
7.436637145	2942
7.436714616	86
7.438300985	2942
7.438375184	86
7.443889714	2942
7.443889942	2942
7.443962191	86
7.449296408	2942
7.449296633	2942
7.449371822	86
7.465625119	2942
7.465625324	2942
7.465625394	2942
7.465625462	2942
7.465670944	98
7.466539938	2942
7.466564302	98
7.466540163	2942
7.466582722	98
7.470592846	2942
7.471720063	98
7.474457330	2942
7.475605565	98
7.477364624	2942
7.477364849	2942
7.477364917	1514
7.478511348	98
7.482221691	2942
7.482221914	2942
7.483368338	98
7.486998562	2942
7.488129619	98
7.488641492	2942
7.489787477	98
7.494215387	2942
7.494215614	2942
7.495346501	98
7.499605055	2942
7.499605278	2942
7.500736335	98
7.515919747	2942
7.515919965	2942
7.515920035	2942
7.515920102	2942
7.516743704	2942
7.516771234	86
7.516743929	1514
7.522007111	2942
7.522031378	86
7.525850093	1514
7.528804459	2942
7.528829314	86
7.528804711	2942
7.528881243	86
7.533645529	2942
7.533720768	86
7.538423844	2942
7.538499209	86
7.540070547	1514
7.545617439	1514
7.545690387	86
7.550971868	2942
7.550972116	2942
7.551049278	86
7.567069584	2942
7.567069809	4370
7.567069894	2942
7.567069962	2942
7.567148466	86
7.572288084	2942
7.572288309	2942
7.572361931	86
7.579111347	2942
7.579111574	2942
7.579186936	86
7.583947772	2942
7.584023609	86
7.588785337	2942
7.588857771	86
7.595955185	2942
7.596027759	86
7.601320933	2942
7.601321156	2942
7.601321243	2942
7.601399135	86
7.617422924	2942
7.617423144	2942
7.617423214	2942
7.617423281	2942
7.617502224	86
7.622626099	2942
7.622626321	2942
7.622701566	86
7.629456182	2942
7.629456402	2942
7.629532126	86
7.634313012	2942
7.634313262	1514
7.634389931	86
7.639140602	2942
7.639215929	86
7.646295387	2942
7.646368934	86
7.651685783	2942
7.651686006	2942
7.651686076	2942
7.651764240	86
7.667748382	2942
7.667748602	2942
7.667748672	2942
7.667748739	2942
7.667807939	86
7.672967884	2942
7.672968109	2942
7.673044796	86
7.679814504	2942
7.679814727	2942
7.679890406	86
7.684678192	2942
7.684678439	2942
7.684755276	86
7.689487037	2942
7.689562354	86
7.696651490	2942
7.696725429	86
7.702036541	2942
7.702036766	2942
7.702036833	2942
7.702114183	86
7.718051067	2942
7.718051290	2942
7.718051360	4370
7.718129439	86
7.723326167	2942
7.723326397	2942
7.723401941	86
7.730179242	2942
7.730179469	2942
7.730254999	86
7.735039892	2942
7.735040114	2942
7.735116504	86
7.739846824	2942
7.739921436	86
7.746940565	2942
7.747013770	86
7.752367233	2942
7.752367459	2942
7.752367543	2942
7.752444028	86
7.768411917	2942
7.768412140	2942
7.768412230	2942
7.768412297	2942
7.768490164	86
7.773684982	2942
7.773685209	2942
7.773760696	86
7.780542032	2942
7.780542259	2942
7.780618939	86
7.785392869	2942
7.785393117	2942
7.785468219	86
7.790156207	1514
7.790231669	86
7.797275631	2942
7.797347737	86
7.802730076	2942
7.802730298	2942
7.802730388	2942
7.802808581	86
7.818782895	2942
7.818783112	2942
7.818783202	2942
7.818783270	2942
7.818862054	86
7.824030772	2942
7.824030999	2942
7.824106596	86
7.830905869	2942
7.830906092	2942
7.830983346	86
7.835733989	2942
7.835734277	2942
7.835810001	86
7.840517562	2942
7.840592882	86
7.847611676	2942
7.847684948	86
7.853046076	2942
7.853046299	2942
7.853046369	2942
7.853124156	86
7.869111480	2942
7.869111700	2942
7.869111767	2942
7.869111837	4370
7.869190919	86
7.874390542	2942
7.874390764	2942
7.874464566	86
7.881255029	2942
7.881255252	2942
7.881332681	86
7.886053680	2942
7.886053930	2942
7.886129777	86
7.890878907	2942
7.890954232	86
7.897899571	2942
7.897973468	86
7.903414381	2942
7.903414606	2942
7.903414674	2942
7.903491801	86
7.919484842	2942
7.919485067	2942
7.919485137	2942
7.919485205	2942
7.919564504	86
7.924726224	2942
7.924726447	2942
7.924803411	86
7.931615127	2942
7.931615379	2942
7.931690934	86
7.936407787	2942
7.936408012	2942
7.936408079	1514
7.936485042	86
7.941197137	2942
7.941272497	86
7.948253746	2942
7.948326558	86
7.953779401	2942
7.953779624	2942
7.953779694	2942
7.953857246	86
7.969855027	2942
7.969855252	2942
7.969855322	2942
7.969855392	2942
7.969934406	86
7.975087197	2942
7.975087424	2942
7.975163191	86
7.981927457	2942
7.981927685	2942
7.982001684	86
7.986777290	2942
7.986777527	2942
7.986777614	2942
7.986855467	86
7.991561865	2942
7.991637977	86
7.998570776	2942
7.998645596	86
8.004145446	2942
8.004145669	2942
8.004145739	2942
8.004223121	86
8.020224632	2942
8.020224857	4370
8.020224930	2942
8.020303559	86
8.025434607	2942
8.025434834	2942
8.025510009	86
8.032283372	2942
8.032283595	2942
8.032359347	86
8.037100535	2942
8.037100782	2942
8.037100852	2942
8.037177752	86
8.041918257	2942
8.041994779	86
8.048897084	2942
8.048970516	86
8.054493474	2942
8.054493696	2942
8.054493764	2942
8.054493834	2942
8.054571883	86
8.070574202	2942
8.070574427	2942
8.070574495	2942
8.070652229	86
8.075784002	2942
8.075784227	2942
8.075861731	86
8.082649412	2942
8.082649635	2942
8.082649705	1514
8.082726497	86
8.087473125	2942
8.087473422	2942
8.087473492	2942
8.087551572	86
8.092276927	2942
8.092353534	86
8.099253832	2942
8.099327376	86
8.104843879	2942
8.104844101	2942
8.104844169	2942
8.104844239	2942
8.104922303	86
8.120900905	2942
8.120901127	2942
8.120901197	2942
8.120978122	86
8.126130002	2942
8.126152632	98
8.132976457	2942
8.133000232	98
8.132976682	2942
8.133018454	98
8.137837490	2942
8.137837712	2942
8.137837780	2942
8.137837850	2942
8.138984486	98
8.142626118	2942
8.143753782	98
8.149588137	2942
8.150734694	98
8.155208106	4370
8.155208331	2942
8.155208401	2942
8.156356820	98
8.171268180	2942
8.171268405	2942
8.171268472	2942
8.172415592	98
8.176360863	2942
8.177506935	98
8.183284615	2942
8.183312163	86
8.183284840	1514
8.189260287	1514
8.189285999	86
8.194023922	2942
8.194079237	86
8.200981009	2942
8.201036717	86
8.206635286	2942
8.206635506	2942
8.206635576	2942
8.206635646	1514
8.206698816	86
8.222693157	2942
8.222693384	2942
8.222693454	2942
8.222771511	86
8.227777710	2942
8.227853790	86
8.233584663	2942
8.233660188	86
8.239573545	2942
8.239650094	86
8.244365707	2942
8.244441284	86
8.251321870	2942
8.251396089	86
8.256941949	2942
8.256942174	2942
8.256942244	2942
8.257017183	86
8.273044360	2942
8.273066935	98
8.273044585	2942
8.273086187	98
8.278117688	2942
8.278141798	98
8.278117915	2942
8.279286787	98
8.283942726	2942
8.285089847	98
8.289907572	2942
8.291054297	98
8.294694308	2942
8.295830694	98
8.301679892	2942
8.302826511	98
8.307304624	2942
8.307304849	2942
8.307304916	2942
8.308453578	98
8.323360278	2942
8.323360500	2942
8.323396277	86
8.328346586	1514
8.329556728	1514
8.329580447	86
8.335379620	2942
8.335455430	86
8.341317485	1514
8.346114403	1514
8.346189172	86
8.358748716	2942
8.358748966	2942
8.358749051	2942
8.358826085	86
8.373683290	2942
8.373683515	1514
8.373759492	86
8.379842605	2942
8.379916580	86
8.385741043	2942
8.385817277	86
8.396477912	2942
8.396553687	86
8.409099651	2942
8.409099876	2942
8.409099943	2942
8.409100013	2942
8.409177610	86
8.424029050	2942
8.424105037	86
8.430146801	2942
8.430220898	86
8.436062971	2942
8.436136913	86
8.446835917	2942
8.446910572	86
8.459470086	2942
8.459470311	2942
8.459470378	2942
8.459470448	2942
8.459548243	86
8.474387130	2942
8.474462902	86
8.480476821	2942
8.480552301	86
8.486394111	2942
8.486469788	86
8.497184690	2942
8.497259207	86
8.509825681	2942
8.509825903	2942
8.509825971	2942
8.509826043	1514
8.509826111	2942
8.509903520	86
8.524744623	2942
8.524820512	86
8.530838579	2942
8.530915286	86
8.536751273	2942
8.536826135	86
8.547544195	2942
8.547619885	86
8.560186646	2942
8.560186871	2942
8.560186958	2942
8.560187028	2942
8.560227221	2942
8.560265850	86
8.575099393	2942
8.575175507	86
8.581176104	2942
8.581252913	86
8.587108473	2942
8.587182638	86
8.597905498	2942
8.597980592	86
8.610558878	2942
8.610559101	2942
8.610559168	2942
8.610559238	2942
8.610600031	2942
8.610637945	86
8.625449765	2942
8.625524400	86
8.631539991	2942
8.631616071	86
8.637445068	2942
8.637521023	86
8.648226253	1514
8.660886471	2942
8.660886694	2942
8.660886764	2942
8.660886831	2942
8.660925561	2942
8.660964941	86
8.675797316	2942
8.675872753	86
8.681898779	2942
8.681974248	86
8.687801593	2942
8.687824151	98
8.711261643	2942
8.711285891	98
8.711261866	2942
8.711304336	98
8.711261936	2942
8.711262003	2942
8.711322176	2942
8.712429700	98
8.726138291	2942
8.727287135	98
8.732251104	2942
8.733397313	98
8.738103372	2942
8.739249778	98
8.753437435	1514
8.753461343	98
8.761562159	1514
8.761587001	86
8.761562382	2942
8.761644418	86
8.762716206	2942
8.762716430	1514
8.762790497	86
8.777564218	2942
8.777619078	86
8.783683716	2942
8.783741336	86
8.789510724	2942
8.789565839	86
8.803738983	1514
8.811875797	1514
8.811876017	2942
8.811934836	86
8.827881918	2942
8.827882166	2942
8.827939778	86
8.834007689	2942
8.834063018	86
8.839815359	2942
8.839871596	86
8.862181275	2942
8.862181495	2942
8.862181565	2942
8.862243327	86
8.878184619	2942
8.878184884	2942
8.878242416	86
8.884307687	2942
8.884363276	86
8.890153314	2942
8.890208804	86
8.912533502	2942
8.912533740	2942
8.912533810	2942
8.912594859	86
8.928529879	2942
8.928530126	2942
8.928590531	86
8.934637567	2942
8.934693964	86
8.940489929	2942
8.940545849	86
8.962881332	2942
8.962881560	2942
8.962881630	1514
8.962940429	86
8.978879354	2942
8.978879599	2942
8.978937071	86
8.984957340	2942
8.985012682	86
8.990828400	2942
8.990904599	86
9.013150883	2942
9.013151105	2942
9.013151175	2942
9.013227947	86
9.029195634	2942
9.029195882	2942
9.029271616	86
9.035302155	2942
9.035377552	86
9.041170725	2942
9.041246834	86
9.063518540	2942
9.063518763	2942
9.063518833	2942
9.063608640	86
9.079561957	2942
9.079562204	2942
9.079639583	86
9.085663447	2942
9.085739814	86
9.091526545	2942
9.091614282	86
9.113881853	2942
9.113882078	2942
9.113882145	2942
9.113882215	2942
9.113956790	86
9.129887712	4370
9.129961991	86
9.135970390	2942
9.136045380	86
9.141865065	2942
9.141939185	86
9.164244170	2942
9.164244393	2942
9.164244463	2942
9.164244530	2942
9.164322667	86
9.180248397	2942
9.180248644	2942
9.180325416	86
9.186335358	2942
9.186410935	86
9.192182903	2942
9.192258995	86
9.214601728	2942
9.214601950	2942
9.214602020	2942
9.214602088	2942
9.214678512	86
9.230596617	2942
9.230596862	2942
9.230672656	86
9.236695245	2942
9.236770107	86
9.242541313	2942
9.242616855	86
9.264953928	2942
9.264954150	2942
9.264954220	2942
9.264954288	4370
9.265033142	86
9.280923037	2942
9.280923282	2942
9.280998921	86
9.292854968	2942
9.292877683	98
9.315325478	2942
9.315349533	98
9.315325715	2942
9.315367518	98
9.315325783	2942
9.315325853	2942
9.315386760	2942
9.316507672	98
9.331289249	2942
9.331289475	2942
9.332435749	98
9.343157631	2942
9.344290183	98
9.357401290	1514
9.357425143	98
9.365636443	1514
9.365661100	86
9.365636678	2942
9.365718377	86
9.366762430	2942
9.366835357	86
9.382670725	2942
9.382670952	2942
9.382747329	86
9.394574638	2942
9.394649663	86
9.407710028	1514
9.415926906	4370
9.416002588	86
9.417101560	2942
9.417174664	86
9.433003420	2942
9.433003645	1514
9.433079399	86
9.444914729	2942
9.444988933	86
9.466291958	2942
9.466292181	2942
9.466292251	2942
9.466369333	86
9.467457970	2942
9.467531062	86
9.483366270	2942
9.483442139	86
9.495269161	2942
9.495344968	86
9.516661633	2942
9.516661871	2942
9.516661943	2942
9.516662011	2942
9.516740848	86
9.517806273	2942
9.517880000	86
9.533732117	2942
9.533808217	86
9.545613109	2942
9.545689118	86
9.567032283	2942
9.567032506	2942
9.567032576	2942
9.567032643	2942
9.567111213	86
9.568150740	2942
9.568224485	86
9.584056105	2942
9.584131712	86
9.595968066	2942
9.596043558	86
9.617388443	2942
9.617388688	1514
9.617388756	2942
9.617388826	2942
9.617466860	86
9.618507165	2942
9.618581160	86
9.634416475	2942
9.634492465	86
9.646286524	2942
9.646362288	86
9.667721204	2942
9.667721441	2942
9.667721509	2942
9.667721579	2942
9.667799076	86
9.668847793	2942
9.668920722	86
9.684781025	2942
9.684856179	86
9.696643694	2942
9.696720034	86
9.718046514	2942
9.718046736	2942
9.718046806	2942
9.718046874	2942
9.718124653	86
9.719200463	2942
9.719273385	86
9.735141915	2942
9.735218029	86
9.747002894	2942
9.747077881	86
9.768413466	2942
9.768413689	2942
9.768413759	2942
9.768413826	4370
9.768493088	86
9.769542673	2942
9.769615808	86
9.785489190	2942
9.785565284	86
9.797338331	2942
9.797414541	86
9.818785326	2942
9.818785564	2942
9.818785651	2942
9.818785721	2942
9.818826638	2942
9.818864851	86
9.819872213	2942
9.819944630	86
9.835846600	2942
9.835922709	86
9.847649857	2942
9.847726004	86
9.869113814	2942
9.869114054	2942
9.869114121	2942
9.869114191	2942
9.869154994	2942
9.869193343	86
9.870210968	2942
9.870285118	86
9.886197823	2942
9.886273980	86
9.898010742	2942
9.898086831	86
9.919492579	2942
9.919492816	2942
9.919492884	4370
9.919492954	2942
9.919571698	86
9.920565738	2942
9.920638558	86
9.936564878	2942
9.936565128	2942
9.936642269	86
9.948367604	2942
9.948442871	86
9.969866209	2942
9.969866434	2942
9.969866501	2942
9.969866571	2942
9.969945198	86
9.970862631	2942
9.970935451	86
9.986933217	2942
9.986933465	2942
9.987010974	86
9.998723889	2942
9.998799039	86
10.020239631	2942
10.020239866	2942
10.020239933	2942
10.020240003	2942
10.020281713	2942
10.020315943	86
10.021206534	2942
10.021281164	86
10.037277570	2942
10.037277818	2942
10.037354429	86
10.049057777	1514
10.070595674	2942
10.070595891	2942
10.070595961	2942
10.070596029	2942
10.070635676	2942
10.070676468	86
10.071549557	2942
10.071625111	86
10.087641860	2942
10.087642150	2942
10.087717824	86
10.120957953	2942
10.120958176	2942
10.120958243	2942
10.120958313	2942
10.121000678	2942
10.121000811	2942
10.121038700	86
10.121824445	2942
10.121898052	86
10.138004340	2942
10.138004630	2942
10.138004720	1514
10.138082285	86
10.171330064	2942
10.171330301	2942
10.171330368	2942
10.171330438	2942
10.171374666	2942
10.171374808	2942
10.171411148	86
10.172152780	2942
10.172227867	86
10.188376232	2942
10.188376480	2942
10.188376570	1514
10.188452789	86
10.202795505	87
10.202891615	86
10.202948224	87
10.221706803	2942
10.221743138	74
10.221707023	2942
10.221764250	74
10.221707091	2942
10.221774515	74
10.221707161	2942
10.221783133	74
10.221789930	2942
10.221796370	74
10.221790035	2942
10.221804938	74
10.222424543	2942
10.222447425	74
10.238715302	2942
10.238739005	74
10.238715550	2942
10.238759015	74
10.238715620	2942
10.238773265	74
10.253133018	86
10.253205307	90
10.253205537	370
10.253279280	86
10.253290297	86
10.253313684	74
10.253379851	90
10.253392134	413
10.253403659	87
10.303632462	86
10.303632712	87
10.303632807	86
10.303733649	86
10.353876313	86
