0.000000000	94
0.000042262	94
0.010290987	86
0.010291206	123
0.010360188	86
0.010443783	87
0.020566551	86
0.020635722	90
0.020635849	210
0.020676919	86
0.020705557	87
0.031027007	94
0.031061349	94
0.041265605	86
0.041265833	123
0.041337125	86
0.042386375	87
0.042404154	87
0.052614783	86
0.052615003	2942
0.052656090	86
0.052615073	2942
0.052674178	86
0.052615140	2942
0.052683107	86
0.052615208	2942
0.052691590	98
0.062953131	2942
0.062977793	98
0.062953353	2942
0.062997885	98
0.062953423	2942
0.063012615	98
0.062953493	2942
0.063021873	98
0.063028480	4370
0.063035852	98
0.063028595	4370
0.063044545	98
0.072564123	1514
0.072588548	98
0.073198316	1514
0.073224766	86
0.073198534	1514
0.073245611	86
0.073198604	4370
0.073258888	98
0.073198674	4370
0.073268203	98
0.073272728	1514
0.073292638	98
0.082873746	1514
0.082897576	98
0.083511882	2942
0.083536319	98
0.083512102	1514
0.083558809	86
0.083512169	2942
0.083512242	1514
0.083615231	86
0.093165774	1514
0.093190436	86
0.093801654	2942
0.093826879	86
0.093801872	2942
0.093849459	86
0.093801942	2942
0.093862897	86
0.103442247	1514
0.103466844	86
0.104033330	2942
0.104058318	86
0.104033548	2942
0.104079040	86
0.104033618	2942
0.104092975	86
0.104033688	1514
0.104117275	86
0.113751485	1514
0.113776555	86
0.114285881	2942
0.114308878	98
0.114286106	2942
0.114330283	98
0.114286173	1514
0.114343598	98
0.124031450	1514
0.124055345	98
0.124582744	2942
0.124608254	98
0.124582966	2942
0.124630374	86
0.134340058	1514
0.134364868	86
0.134817227	2942
0.134841857	86
0.134817452	2942
0.134861854	86
0.144625054	1514
0.144651628	86
0.145059956	2942
0.145086270	86
0.145060180	2942
0.145110975	86
0.145060250	1514
0.145128907	86
0.154935396	1514
0.154961174	86
0.155265684	2942
0.155292114	86
0.155265919	2942
0.155317336	86
0.155265989	1514
0.155334766	86
0.165229079	1514
0.165254576	86
0.165448870	2942
0.165474998	86
0.165449093	2942
0.165499607	86
0.165449160	1514
0.165517767	86
0.175527352	1514
0.175553152	86
0.175624751	2942
0.175640944	86
0.175624921	2942
0.175662509	86
0.175683304	1514
0.175699016	86
0.185844292	2942
0.185870805	86
0.185844510	2942
0.185896554	86
0.185844580	2942
0.185911387	86
0.185844650	2942
0.185923367	86
0.196166418	2942
0.196192925	86
0.196166655	2942
0.196218532	86
0.196166745	2942
0.196233682	86
0.196166815	2942
0.196244885	86
0.206488248	2942
0.206514137	86
0.206488470	2942
0.206535792	86
0.206488538	2942
0.206548775	86
0.206488608	2942
0.206572107	86
0.216765873	2942
0.216791373	86
0.216766098	2942
0.216813183	86
0.216892682	2942
0.216917775	86
0.216892905	2942
0.216937835	86
0.227084428	2942
0.227109778	86
0.227084663	2942
0.227131678	86
0.227084731	2942
0.227144511	98
0.227084801	2942
0.227167760	98
0.237398839	2942
0.237423326	98
0.237399059	2942
0.237443343	98
0.237399129	2942
0.237456276	98
0.237399196	1514
0.237468923	98
0.247690959	1514
0.247717401	86
0.247691189	4370
0.247739246	86
0.247691256	2942
0.247752071	86
0.247691326	1514
0.247759486	86
0.258024009	4370
0.258049579	86
0.258024239	2942
0.258072336	86
0.258024307	2942
0.258085226	86
0.258024377	1514
0.258108141	86
0.268311839	2942
0.268337942	86
0.268312065	2942
0.268359449	98
0.268312132	2942
0.268373797	98
0.278631570	2942
0.278656220	98
0.278631790	2942
0.278676834	98
0.278631877	1514
0.278692032	98
0.288902725	1514
0.288929065	86
0.288902948	4370
0.288951367	86
0.288903015	1514
0.288964597	86
0.299196601	4370
0.299222173	86
0.299196858	2942
0.299244303	86
0.299196928	1514
0.299256635	86
0.309498066	2942
0.309523136	86
0.309498289	2942
0.309545106	86
0.309498359	2942
0.309558210	86
0.319808469	2942
0.319833729	86
0.319808714	2942
0.319855879	86
0.319808804	2942
0.319869108	86
0.330125917	2942
0.330151091	86
0.330126141	2942
0.330172921	86
0.330126209	2942
0.330186209	86
0.340444647	2942
0.340469732	86
0.340444874	2942
0.340492526	86
0.350760112	2942
0.350783127	98
0.350760359	2942
0.350803347	98
0.361069175	2942
0.361096470	86
0.361069400	2942
0.361117944	86
0.371389870	2942
0.371414627	86
0.371390087	2942
0.371435915	86
0.371390157	1514
0.371447789	86
0.381674911	2942
0.381699825	86
0.381675133	2942
0.381721665	86
0.381675221	1514
0.381734020	86
0.391995051	2942
0.392019720	86
0.391995271	2942
0.392041335	86
0.402307398	2942
0.402330266	98
0.402307616	2942
0.402351171	98
0.412609934	1514
0.412636009	86
0.412610159	2942
0.412658133	86
0.422926829	4370
0.422952141	86
0.422927079	1514
0.422973404	86
0.433241607	2942
0.433271974	86
0.433241832	2942
0.433293684	86
0.443542757	2942
0.443572859	86
0.443543002	2942
0.443619229	86
0.453850897	2942
0.453880650	86
0.453851125	2942
0.453927334	86
0.464162963	2942
0.464192747	86
0.474476723	2942
0.474499625	98
0.484761728	2942
0.484793786	86
0.495060726	4370
0.495098341	86
0.505366436	2942
0.505391724	86
0.505366661	2942
0.505444581	86
0.515677902	2942
0.515678122	2942
0.515754616	86
0.526035611	2942
0.526035834	2942
0.526111014	86
0.536362792	2942
0.536437891	86
0.572576797	1514
0.572599212	98
0.788572584	1514
0.788597358	98
0.798881997	2942
0.798907664	98
0.809195249	1514
0.809222572	86
0.809195469	2942
0.809244936	86
0.819515412	4370
0.819540932	86
0.819515634	1514
0.819562874	86
0.829789217	2942
0.829814352	86
0.829789440	1514
0.829834437	86
0.829789510	1514
0.829849832	86
0.840113133	2942
0.840138172	86
0.840113380	2942
0.840160145	86
0.850426613	2942
0.850451955	86
0.850426838	2942
0.850473638	86
0.860734176	2942
0.860759241	86
0.860734401	2942
0.860781215	86
0.860734471	2942
0.860794835	86
0.871052496	2942
0.871077801	86
0.871052721	2942
0.871129443	86
0.881352081	2942
0.881352306	2942
0.881352396	2942
0.881428393	86
0.891715846	2942
0.891716111	2942
0.891716181	2942
0.891793478	86
0.902082856	2942
0.902083106	2942
0.902083176	2942
0.902083246	2942
0.902160253	86
0.912415436	2942
0.912415681	2942
0.912415751	2942
0.912415821	2942
0.912493140	86
0.922783673	2942
0.922783921	2942
0.922784011	2942
0.922784081	2942
0.922862323	86
0.933141411	2942
0.933164473	98
0.933141636	2942
0.933185618	98
0.933141706	2942
0.933198868	98
0.943438446	2942
0.943438671	1514
0.943474621	98
0.943438741	1514
0.943492948	98
0.953772781	2942
0.953797054	98
0.953773004	1514
0.953773074	1514
0.953827366	86
0.953773144	1514
0.964092722	2942
0.964118054	86
0.964092969	2942
0.964169253	86
0.974409129	2942
0.974409352	2942
0.974409422	2942
0.974486341	86
0.984754452	2942
0.984754674	2942
0.984754744	2942
0.984830864	86
0.995104184	2942
0.995104407	2942
0.995138124	98
1.005377525	2942
1.005401750	98
1.005377760	2942
1.005421927	98
1.015681758	2942
1.015709305	86
1.015681983	2942
1.015762902	86
1.026056705	2942
1.026056952	2942
1.026057022	1514
1.026131294	86
1.036419542	2942
1.036419767	2942
1.036419835	1514
1.036492552	86
1.046781245	2942
1.046781492	2942
1.046781565	1514
1.046857247	86
1.057150005	2942
1.057150230	2942
1.057150300	1514
1.057225964	86
1.067515434	2942
1.067515704	2942
1.067515774	2942
1.067515844	1514
1.067593369	86
1.077860009	2942
1.077860232	2942
1.077860302	2942
1.077860372	1514
1.077935699	86
1.088228252	2942
1.088228494	1514
1.088228564	2942
1.088228632	2942
1.088305566	86
1.098594172	2942
1.098594392	2942
1.098594462	2942
1.098594532	1514
1.098672004	86
1.108948584	2942
1.108948804	2942
1.108948872	2942
1.108948942	2942
1.108989186	1514
1.109026429	86
1.119314009	2942
1.119314231	2942
1.119314301	2942
1.119314371	2942
1.119392008	86
1.144536009	1514
1.144558388	98
1.154852744	2942
1.154877229	98
1.154852967	2942
1.154897821	98
1.154853034	2942
1.154853104	2942
1.155551544	98
1.164560323	1514
1.164587038	86
1.165056780	1514
1.165817794	2942
1.165842567	86
1.174876589	1514
1.174899024	98
1.176120032	1514
1.176144842	98
1.176120267	2942
1.176163649	98
1.185182097	1514
1.185206491	98
1.186426460	1514
1.186452435	86
1.186426680	2942
1.186503554	86
1.195477559	1514
1.196727823	4370
1.196804132	86
1.207091028	2942
1.207091253	2942
1.207091323	1514
1.207167332	86
1.217453910	2942
1.217454138	2942
1.217454208	1514
1.217530297	86
1.227822820	2942
1.227846122	98
1.227823045	1514
1.227866777	98
1.238132263	2942
1.238156868	98
1.238132488	1514
1.238179277	98
1.248401789	1514
1.248428716	86
1.248402011	2942
1.248481068	86
1.258715669	1514
1.258715894	1514
1.258748728	98
1.269018901	2942
1.269043186	98
1.279299142	2942
1.279326219	86
1.289614370	4370
1.289639637	86
1.299921428	1514
1.299921655	1514
1.299954307	98
1.310222968	1514
1.310246280	98
1.320485808	1514
1.320511691	86
1.544527725	1514
1.544552179	86
1.554838897	1514
1.554860770	98
1.565129165	1514
1.565152723	98
1.575421848	1514
1.575447975	86
1.585741283	1514
1.585763336	98
1.596044791	1514
1.596067983	98
1.604550272	1514
1.604575794	86
1.606346271	1514
1.606370379	86
1.614858985	1514
1.614882515	86
1.616628484	1514
1.616652344	86
1.625166323	1514
1.625190248	86
1.626927710	1514
1.626951252	86
1.635470020	1514
1.635494058	86
1.637231820	1514
1.637255835	86
1.645755661	1514
1.645779191	86
1.647471461	1514
1.647495338	86
1.656062649	1514
1.657772274	1514
1.657793734	98
1.668083024	2942
1.668106994	98
1.676549228	1514
1.676575262	86
1.678386097	1514
1.686862453	1514
1.686886100	86
1.697175778	4370
1.697250978	86
1.707539583	2942
1.707612477	86
1.717878993	2942
1.717901563	98
1.728183153	1514
1.728209121	86
1.728183381	1514
1.738492651	1514
1.738517981	86
1.748788622	2942
1.748844294	86
1.759129692	2942
1.759185366	86
1.769461817	2942
1.769484419	98
1.779769484	2942
1.779793762	98
1.788548106	1514
1.788573611	98
1.790070880	1514
1.790097590	86
1.798858616	1514
1.800356793	1514
1.800382123	86
1.810663281	4370
1.810719468	86
1.820956406	2942
1.820956631	1514
1.821014355	86
1.831295191	4370
1.831351373	86
1.841634049	4370
1.841690106	86
1.851976966	4370
1.852033063	86
1.862318034	2942
1.862318254	2942
1.862318324	1514
1.862379446	86
1.872643059	2942
1.872643281	2942
1.872643349	1514
1.872705636	86
1.882990429	2942
1.882990654	1514
1.883026511	98
1.893311559	2942
1.893335139	98
1.904518765	1514
1.904544763	98
1.914833573	1514
1.914862003	86
1.914833798	1514
1.925133116	1514
1.925154741	98
1.935431791	2942
1.935455926	98
1.944517438	1514
1.944545218	86
1.945738757	1514
1.954829021	1514
1.954854015	86
1.965122324	4370
1.965178586	86
1.975429306	4370
1.975505016	86
1.985790559	4370
1.985866816	86
1.996126099	2942
1.996126346	1514
1.996201058	86
2.006486496	2942
2.006486716	2942
2.006486786	1514
2.006564656	86
2.016827381	2942
2.016827609	2942
2.016903578	86
2.027124849	2942
2.027147769	98
2.027125102	2942
2.027166266	98
2.037378997	1514
2.037405532	86
2.037379225	2942
2.037457327	86
2.047668473	4370
2.047668698	1514
2.047744035	86
2.058030738	2942
2.058105887	86
2.068374263	2942
2.068396868	98
2.078678761	2942
2.078706233	86
2.088946941	4370
2.088971693	86
2.099240984	4370
2.099266001	86
2.109527430	4370
2.109552377	86
2.119803123	4370
2.119828360	86
2.130111785	2942
2.130136345	86
2.130112008	2942
2.130112078	1514
2.130190360	86
2.140422010	1514
2.140422238	2942
2.140422308	2942
2.140498710	86
2.150784560	2942
2.150784788	2942
2.150784858	1514
2.150861430	86
2.161150695	2942
2.161150920	2942
2.161150990	1514
2.161229032	86
2.171458251	2942
2.171458471	2942
2.171458541	2942
2.171458611	1514
2.171535708	86
2.181807328	2942
2.181807550	2942
2.181807620	2942
2.181807690	1514
2.181883690	86
2.192174313	2942
2.192174533	2942
2.192174603	2942
2.192174673	1514
2.192252335	86
2.202541193	2942
2.202541418	2942
2.202541488	2942
2.202541558	1514
2.202618335	86
2.212895213	2942
2.212895430	1514
2.212895500	2942
2.212895570	2942
2.212895640	2942
2.212974615	86
2.223266098	2942
2.223266330	2942
2.223266400	2942
2.223266470	2942
2.223306692	1514
2.223344622	86
2.233634945	2942
2.233635165	2942
2.233635232	2942
2.233635302	2942
2.233675767	1514
2.233715077	86
2.244005062	2942
2.244005297	2942
2.244005387	2942
2.244005457	2942
2.244045592	1514
2.244082509	86
2.254373612	2942
2.254373832	2942
2.254408099	98
2.254373927	2942
2.254428442	98
2.254373995	2942
2.254440089	98
2.264680953	1514
2.264681175	2942
2.264681243	2942
2.264722592	98
2.264681313	1514
2.264740152	98
2.275020808	1514
2.275047035	86
2.275021030	2942
2.275021100	2942
2.275021170	1514
2.275080344	98
2.285339965	1514
2.285364085	98
2.285340185	2942
2.285384910	98
2.285340255	2942
2.286021968	98
2.295643901	1514
2.295670070	86
2.295644128	1514
2.296176874	2942
2.296201497	86
2.305959798	1514
2.306466322	2942
2.306490909	86
2.316762790	2942
2.316785225	98
2.327068520	2942
2.327095485	86
2.337378890	4370
2.337403845	86
2.347689906	2942
2.347714231	86
2.347690131	2942
2.347765973	86
2.358002776	2942
2.358003003	2942
2.358077678	86
2.368338354	2942
2.368338579	2942
2.368413971	86
2.378700713	2942
2.378700961	2942
2.378776738	86
2.404536056	1514
2.447103958	86
2.457398611	2942
2.457421408	98
2.457398841	2942
2.457442605	98
2.457398911	2942
2.457455958	98
2.467686331	2942
2.467686556	1514
2.467723301	86
2.467686624	1514
2.478014449	2942
2.478038876	86
2.478014671	2942
2.478090736	86
2.488308682	2942
2.488308907	2942
2.488308974	2942
2.488385494	86
2.498669129	2942
2.498669364	2942
2.498669434	2942
2.498749498	86
2.508980049	2942
2.508980272	2942
2.508980342	2942
2.509055261	86
2.519306427	2942
2.519306649	2942
2.519306719	2942
2.519385599	86
2.529678252	2942
2.529678459	2942
2.529678527	2942
2.529678597	2942
2.529756029	86
2.540049819	2942
2.540050024	2942
2.540050114	2942
2.540050182	2942
2.540127313	86
2.550413814	2942
2.550414022	2942
2.550414092	2942
2.550414162	2942
2.550493151	86
2.560758439	2942
2.560758664	2942
2.560758734	2942
2.560758801	2942
2.560838538	86
2.571108526	2942
2.571108734	2942
2.571108804	2942
2.571108874	2942
2.571149454	2942
2.571187883	86
2.581440362	2942
2.581440582	2942
2.581440672	2942
2.581440739	2942
2.581481451	2942
2.581520909	86
2.591802422	1514
2.591802642	2942
2.591802712	2942
2.591802779	2942
2.591802849	2942
2.591847794	1514
2.591881768	86
2.602178671	2942
2.602178894	2942
2.602178979	2942
2.602179049	2942
2.602221831	2942
2.602259691	86
2.632504544	1514
2.675102655	86
2.685367941	2942
2.685368158	2942
2.685368228	2942
2.685368298	2942
2.685409006	2942
2.685409158	2942
2.685448278	86
2.695676344	2942
2.695676564	2942
2.695676634	2942
2.695676701	2942
2.695718426	2942
2.695718548	2942
2.695757618	86
2.706049716	1514
2.706049936	2942
2.706050006	2942
2.706050074	2942
2.706050144	2942
2.706094308	2942
2.706129108	86
2.716423318	2942
2.716446648	98
2.716423541	2942
2.716468930	98
2.716423608	2942
2.716482483	98
2.716423678	2942
2.716494270	2942
2.717113413	98
2.726740864	1514
2.726767326	86
2.726741086	4370
2.726824145	86
2.727343299	2942
2.727420109	86
2.737059916	4370
2.737083396	98
2.737699081	2942
2.737723579	98
2.747370781	2942
2.747398301	86
2.747371031	1514
2.747910120	2942
2.747934487	86
2.757679367	2942
2.757704282	86
2.758155291	2942
2.758179896	86
2.758155513	2942
2.758229850	86
2.767987552	2942
2.768062384	86
2.768433451	2942
2.768433674	2942
2.768507021	86
2.778349882	2942
2.778423956	86
2.778716629	2942
2.778716849	2942
2.778793359	86
2.788688659	2942
2.788763854	86
2.789004437	2942
2.789004660	2942
2.789079372	86
2.799032084	2942
2.799115309	86
2.799263280	2942
2.799263503	2942
2.799263575	2942
2.799335780	86
2.809403659	2942
2.809445194	2942
2.809445321	2942
2.809469966	98
2.819761084	2942
2.819785354	98
2.819761302	2942
2.819805804	98
2.819761369	2942
2.820451554	98
2.828529496	1514
2.828553603	98
2.830735635	1514
2.830761592	86
2.830735857	2942
2.830735925	1514
2.830814929	86
2.838836333	1514
2.841045430	1514
2.841121287	86
2.851405590	2942
2.851405832	2942
2.851405902	2942
2.851483087	86
2.861731338	2942
2.861731562	2942
2.861731632	2942
2.861807112	86
2.872090400	2942
2.872090622	2942
2.872164757	86
2.882450067	2942
2.882473060	98
2.882450292	2942
2.882494487	98
2.892740173	2942
2.892767500	86
2.892740398	2942
2.892821562	86
2.903057996	2942
2.903058218	2942
2.903058308	1514
2.903135125	86
2.913423170	2942
2.913423393	2942
2.913423463	1514
2.913499672	86
2.923791155	2942
2.923791380	2942
2.923791450	1514
2.923867562	86
2.934157445	2942
2.934157673	2942
2.934157743	1514
2.934233662	86
2.944483178	2942
2.944483403	2942
2.944483473	1514
2.944559370	86
2.954849213	2942
2.954849437	2942
2.954882822	98
2.954849507	2942
2.954903437	98
2.965158925	2942
2.965183338	98
2.965159145	2942
2.965159215	1514
2.965213480	98
2.975460646	1514
2.975486728	86
2.975460886	1514
2.975460956	2942
2.975461026	1514
2.975541528	86
2.985779186	4370
2.985779406	2942
2.985779476	1514
2.985855155	86
3.012520749	1514
3.055104141	86
3.228516114	1514
3.228536137	98
3.238826197	2942
3.238851049	86
3.238826417	2942
3.238872556	86
3.238826487	2942
3.238885659	86
3.249142880	2942
3.249168044	86
3.249143097	2942
3.249189729	86
3.249143167	2942
3.249202712	86
3.259464127	2942
3.259489122	86
3.259464367	2942
3.259512957	86
3.259464437	2942
3.259525282	86
3.259464507	1514
3.259546717	86
3.269771245	2942
3.269795705	86
3.269771463	2942
3.269817147	86
3.269771533	2942
3.269829850	86
3.269771600	1514
3.269837792	86
3.280091753	2942
3.280116575	86
3.280091995	2942
3.280137757	86
3.280092065	2942
3.280092133	1514
3.280171235	86
3.290409905	2942
3.290410128	2942
3.290410198	2942
3.290410270	2942
3.290489020	86
3.300769488	2942
3.300769715	2942
3.300769785	2942
3.300769855	2942
3.300808678	1514
3.300849310	86
3.311100933	2942
3.311101198	2942
3.311101305	2942
3.311101398	2942
3.311154688	1514
3.311181155	86
3.321471655	2942
3.321471875	2942
3.321471943	2942
3.321512370	98
3.321472013	1514
3.321530287	98
3.331806088	2942
3.331830045	98
3.331806308	2942
3.331806378	1514
3.331860702	98
3.342122913	1514
3.342149233	86
3.342123141	1514
3.342168058	98
3.342123211	2942
3.342181628	86
3.342123278	1514
3.352401044	1514
3.352424869	86
3.352401261	5798
3.352477961	86
3.362717679	2942
3.362717899	2942
3.362750969	98
3.362717966	2942
3.362770358	98
3.373038712	2942
3.373062521	98
3.373038929	2942
3.373038999	1514
3.373091439	98
3.383336987	1514
3.383364589	86
3.383337239	1514
3.383337309	2942
3.383337379	1514
3.383405944	86
3.393655677	4370
3.393681772	86
3.403972050	2942
3.403998732	86
3.403972307	2942
3.403972377	2942
3.404032879	86
3.404052614	86
3.414284360	2942
3.414284583	2942
3.414284653	2942
3.414346025	86
3.424608370	2942
3.424608593	2942
3.424608660	2942
3.424670185	86
3.434956075	2942
3.434956298	2942
3.434956368	2942
3.435018290	86
3.445287370	2942
3.445287596	2942
3.445287688	2942
3.445287756	2942
3.445353885	86
3.455638643	2942
3.455638863	2942
3.455638933	2942
3.455639003	2942
3.455701817	86
3.465994578	2942
3.465994795	2942
3.465994885	2942
3.465994955	2942
3.466060777	86
3.476347230	2942
3.476347455	2942
3.476383980	98
3.476347525	2942
3.476410527	98
3.486684328	2942
3.486707550	106
3.486684550	2942
3.486732510	98
3.496955121	2942
3.496983686	86
3.496955341	2942
3.496955411	1514
3.497035163	86
3.507267184	2942
3.507267446	2942
3.507267514	2942
3.507343856	86
3.517588971	2942
3.517589194	2942
3.517589264	2942
3.517589331	1514
3.517667181	86
3.527955604	2942
3.527955846	2942
3.527955914	2942
3.527955984	1514
3.528034653	86
3.538324016	2942
3.538324238	2942
3.538324306	2942
3.538324376	1514
3.538403905	86
3.564509909	1514
3.607103360	86
3.617394755	2942
3.617394975	2942
3.617395043	2942
3.617395113	2942
3.617435033	1514
3.617474035	86
3.627765240	2942
3.627765463	2942
3.627765533	2942
3.627765603	1514
3.627811287	98
3.638101798	2942
3.638126123	98
3.638102020	1514
3.638146193	98
3.638102088	2942
3.638102158	2942
3.638797623	98
3.648385066	2942
3.648412058	86
3.648997114	2942
3.649021689	86
3.648997339	2942
3.649073568	86
3.658703109	2942
3.658779485	86
3.659261879	2942
3.659262115	2942
3.659262185	1514
3.659333774	86
3.669048146	2942
3.669125453	86
3.669575780	2942
3.669576002	2942
3.669576072	1514
3.669650649	86
3.679400246	2942
3.679474925	86
3.679887348	2942
3.679887568	2942
3.679887638	1514
3.679961315	86
3.689754584	2942
3.689828823	86
3.700098544	2942
3.700098764	2942
3.700098834	2942
3.700098904	1514
3.700174941	86
3.710459774	2942
3.710459994	2942
3.710460064	2942
3.710460134	1514
3.710460201	2942
3.710539368	86
3.720788469	2942
3.720788689	2942
3.720788759	2942
3.720788829	2942
3.720865798	86
3.731115489	2942
3.731138859	98
3.731115751	2942
3.731158956	98
3.731115824	2942
3.731169271	98
3.731115894	2942
3.731802049	98
3.741404589	1514
3.741430669	86
3.741404822	4370
3.741484696	86
3.741992680	2942
3.742066252	86
3.751699285	1514
3.752304833	2942
3.752327870	98
3.752305058	2942
3.752348990	98
3.762620486	2942
3.762645103	98
3.762620713	2942
3.762669462	86
3.772906586	2942
3.772931403	86
3.772906821	2942
3.772982470	86
3.783211259	2942
3.783211506	1514
3.783244396	98
3.793529701	2942
3.793553794	98
3.793529929	1514
3.793573461	98
3.803841372	2942
3.803868879	86
3.803841622	1514
3.814156044	2942
3.814180522	86
3.824441497	2942
3.824465910	86
3.824441717	2942
3.824517757	86
3.834758920	2942
3.834759137	2942
3.834835489	86
3.845107072	2942
3.845107295	2942
3.845182810	86
3.855418690	2942
3.855418918	2942
3.855495215	86
3.865783300	2942
3.865783520	2942
3.865783588	2942
3.865859867	86
3.876145175	2942
3.876145400	2942
3.876218829	86
3.886508180	2942
3.886531140	98
3.886508412	2942
3.886552342	98
3.896790268	2942
3.896817848	86
3.896790493	2942
3.896872280	86
3.907106703	2942
3.907106948	2942
3.907107018	1514
3.907184518	86
3.917441193	2942
3.917441413	1514
3.917441483	2942
3.917517920	86
3.927791333	2942
3.927814395	98
3.952502909	1514
3.952524644	106
3.962807089	2942
3.962834437	98
3.962807315	1514
3.962855767	86
3.973109560	4370
3.973134697	86
3.983407375	2942
3.983431932	86
3.983407600	2942
3.983483990	86
3.993720585	2942
3.993720810	2942
3.993795700	86
4.004076593	2942
4.004076820	2942
4.004153422	86
4.014439558	2942
4.014439783	2942
4.014513840	86
4.024778325	2942
4.024778548	2942
4.024778615	2942
4.024854775	86
4.035115208	2942
4.035115493	2942
4.035115583	2942
4.035190875	86
4.045436038	2942
4.045436266	2942
4.045436356	2942
4.045513165	86
4.055789591	2942
4.055789811	2942
4.055789881	2942
4.055864727	86
4.066154715	2942
4.066154935	2942
4.066155025	2942
4.066155095	2942
4.066233912	86
4.076523383	2942
4.076523615	2942
4.076523685	2942
4.076523755	2942
4.076601870	86
4.086888532	2942
4.086888752	2942
4.086888840	2942
4.086888910	2942
4.086966227	86
4.097209570	2942
4.097209790	2942
4.097209860	2942
4.097209930	2942
4.097286982	86
4.107579193	2942
4.107579430	2942
4.107579500	2942
4.107579568	1514
4.107579638	1514
4.107655552	86
4.117941860	2942
4.117942083	2942
4.117976055	98
4.117942153	2942
4.117997307	98
4.117942223	2942
4.118008137	98
4.118013524	1514
4.118660905	98
4.128262323	2942
4.128262548	2942
4.128262618	2942
4.128304210	86
4.128830576	1514
4.138593010	2942
4.138617743	86
4.138593230	2942
4.138593300	2942
4.138671652	86
4.148884991	2942
4.148885218	2942
4.148885286	2942
4.148885356	2942
4.148962343	86
4.159211376	2942
4.159211598	2942
4.159211666	2942
4.159211736	2942
4.159288548	86
4.169579918	2942
4.169580143	2942
4.169580213	2942
4.169580281	2942
4.169658983	86
4.179948561	2942
4.179948783	2942
4.179948851	2942
4.179948921	2942
4.180025333	86
4.190322276	2942
4.190345380	98
4.190322496	2942
4.190366668	98
4.190322566	2942
4.190379815	98
4.190322636	2942
4.191013523	98
4.200624201	2942
4.200624421	2942
4.200660968	86
4.200624516	1514
4.210952291	2942
4.210976998	86
4.210952513	2942
4.210952583	2942
4.211030123	86
4.221262976	2942
4.221263196	2942
4.221263266	2942
4.221263336	2942
4.221339416	86
4.231622996	2942
4.231623253	2942
4.231623323	2942
4.231623391	2942
4.231701266	86
4.241991198	2942
4.241991426	2942
4.241991493	2942
4.241991563	2942
4.242068683	86
4.252357141	2942
4.252357371	2942
4.252357461	2942
4.252357531	2942
4.252437005	86
4.262728991	2942
4.262729216	2942
4.262729286	2942
4.262729353	2942
4.262770573	2942
4.262807237	86
4.273094426	2942
4.273094648	2942
4.273094720	2942
4.273094790	2942
4.273135523	2942
4.273174802	86
4.304488785	1514
4.347103206	86
4.357374647	2942
4.357374872	2942
4.357374942	2942
4.357375010	2942
4.357417469	2942
4.357453487	86
4.367708117	2942
4.367708340	2942
4.367708410	2942
4.367708480	2942
4.367750314	2942
4.367786877	86
4.378087809	2942
4.378111257	98
4.378088032	2942
4.378132664	98
4.378088099	2942
4.378145734	98
4.378088169	2942
4.378795634	98
4.388412197	2942
4.388412417	2942
4.388449610	86
4.388412487	1514
4.389019415	2942
4.389043732	86
4.398740810	2942
4.398766055	86
4.398741030	2942
4.398817304	86
4.399256618	2942
4.399256888	2942
4.399332053	86
4.409053955	2942
4.409054175	2942
4.409130397	86
4.409616599	2942
4.409616816	2942
4.409692918	86
4.419982621	2942
4.419982853	2942
4.419982923	2942
4.419982993	2942
4.420060348	86
4.430349281	2942
4.430349501	2942
4.430349568	2942
4.430349638	2942
4.430426093	86
4.440695343	2942
4.440695561	2942
4.440729255	98
4.440695631	2942
4.440749633	98
4.440695701	2942
4.440759788	98
4.451031951	2942
4.451032156	2942
4.451032226	2942
4.451074050	86
4.451032296	1514
4.461345998	2942
4.461370391	86
4.461346218	2942
4.461390188	98
4.471653264	2942
4.471677516	98
4.471653484	2942
4.471697766	98
4.471653554	2942
4.472350409	98
4.480487657	1514
4.480511920	98
4.481967374	1514
4.481992914	86
4.481967602	1514
4.482639229	2942
4.482663637	86
4.490795558	1514
4.492278504	1514
4.492302217	86
4.492882165	1514
4.492882387	2942
4.492956492	86
4.502583332	2942
4.502659694	86
4.503098971	2942
4.503099216	2942
4.503172438	86
4.512942980	2942
4.513019587	86
4.513442098	2942
4.513442321	2942
4.513517395	86
4.523300337	2942
4.523377402	86
4.523702722	2942
4.523702944	2942
4.523778119	86
4.533627862	2942
4.533705447	86
4.533948372	2942
4.533948595	2942
4.533948665	2942
4.534022187	86
4.543994692	2942
4.544071742	86
4.544222535	2942
4.544222758	2942
4.544222825	2942
4.544296452	86
4.554358884	2942
4.554434524	86
4.554469633	2942
4.554493788	98
4.554469856	2942
4.554513441	98
4.564702332	1514
4.564725474	98
4.564702554	2942
4.564702624	2942
4.564757384	86
4.575022170	4370
4.575047509	86
4.575022392	2942
4.575109217	86
4.585339900	2942
4.585340125	2942
4.585340195	2942
4.585417474	86
4.595705020	2942
4.595705245	2942
4.595781734	86
4.606067072	2942
4.606090169	98
4.606067297	2942
4.606111387	98
4.616355023	2942
4.616382262	86
4.616355250	2942
4.616437007	86
4.626674850	2942
4.626675078	2942
4.626675148	1514
4.626751362	86
4.637021975	2942
4.637022200	2942
4.637022270	1514
4.637098325	86
4.647382675	2942
4.647382923	2942
4.647383013	1514
4.647459507	86
4.657752400	2942
4.657775735	98
4.657752625	1514
4.657796415	98
4.668058505	2942
4.668083065	98
4.668058730	1514
4.668105527	98
4.678369711	1514
4.678396373	86
4.678369933	2942
4.678448960	86
4.688664394	4370
4.688664618	1514
4.688741565	86
4.699028751	2942
4.699028978	2942
4.699107180	86
4.709371476	2942
4.709371703	2942
4.709448255	86
4.719694659	2942
4.719694884	2942
4.719772928	86
4.730057628	2942
4.730057854	2942
4.730057924	2942
4.730135025	86
4.740421068	2942
4.740421283	2942
4.740421353	2942
4.740498575	86
4.750785996	2942
4.750786216	2942
4.750786286	2942
4.750865453	86
4.761139111	2942
4.761139328	2942
4.761139398	2942
4.761215495	86
4.771501666	1514
4.771501898	2942
4.771501968	2942
4.771502036	2942
4.771502103	1514
4.771579640	86
4.781853763	2942
4.781853993	2942
4.781854061	2942
4.781854131	2942
4.781933048	86
4.792196566	2942
4.792196810	2942
4.792196878	2942
4.792275403	86
4.802562358	2942
4.802585390	98
4.802562583	2942
4.802608295	98
4.812855543	2942
4.812882483	86
4.812855771	1514
4.812901758	98
4.823113049	2942
4.823140256	86
4.823113326	2942
4.823191391	86
4.833434442	2942
4.833434659	2942
4.833434729	1514
4.833511131	86
4.843788134	2942
4.843788354	2942
4.843788424	2942
4.843864559	86
4.854149489	2942
4.854149709	2942
4.854149779	2942
4.854225674	86
4.864478112	2942
4.864478332	2942
4.864478402	2942
4.864555579	86
4.874848001	2942
4.874848221	2942
4.874848309	2942
4.874925181	86
4.885195802	2942
4.885196009	2942
4.885196079	2942
4.885196149	2942
4.885274091	86
4.895541059	2942
4.895541294	2942
4.895541364	2942
4.895541431	2942
4.895621291	86
4.905911624	2942
4.905911844	2942
4.905911911	2942
4.905911981	2942
4.905989248	86
4.916279476	2942
4.916279711	2942
4.916279779	1514
4.916279849	2942
4.916279916	1514
4.916358191	86
4.926653501	2942
4.926653709	2942
4.926653779	2942
4.926653849	2942
4.926693913	2942
4.926732478	86
4.937027548	2942
4.937027773	2942
4.937027846	2942
4.937027916	2942
4.937069373	2942
4.937106573	86
4.947396336	2942
4.947396558	2942
4.947430208	98
4.947396628	2942
4.947451225	98
4.947396698	2942
4.947461928	98
4.957716343	2942
4.957716563	2942
4.957716651	2942
4.957758203	86
4.957716721	1514
4.968065598	2942
4.968088138	98
4.968065821	2942
4.968109345	98
4.978378581	1514
4.978401441	98
4.978378809	2942
4.978378879	2942
4.978433048	86
4.988680631	4370
4.988705599	86
4.988680856	2942
4.988758021	86
4.998995932	2942
4.998996154	2942
4.998996224	2942
4.999089526	86
5.009373721	2942
5.009373946	2942
5.009448651	86
5.019748536	2942
5.019771484	98
5.030048416	2942
5.030073841	98
5.040471031	2942
5.040497913	86
5.050784894	2942
5.050809991	86
5.050785139	2942
5.050785206	1514
5.050863908	86
5.061084429	2942
5.061084649	2942
5.061084719	1514
5.061162454	86
5.071407787	2942
5.071408009	2942
5.071408079	1514
5.071484369	86
5.081769514	2942
5.081769734	2942
5.081845964	86
5.092104159	2942
5.092126999	98
5.092104384	2942
5.092148236	98
5.102412830	1514
5.102439049	86
5.102413050	2942
5.102492511	86
5.112721150	4370
5.112721382	1514
5.112798569	86
5.123079925	2942
5.123155882	86
5.133402685	2942
5.133425760	98
5.143654293	2942
5.143681366	86
5.153968018	4370
5.153993121	86
5.164278506	4370
5.164303469	86
5.174585086	4370
5.174610209	86
5.184897429	4370
5.184922324	86
5.195197679	2942
5.195222624	86
5.195197925	2942
5.195198015	1514
5.195276739	86
5.205505472	2942
5.205528240	98
5.205505695	1514
5.205548332	98
5.215782125	2942
5.215806215	98
5.224464507	1514
5.224489172	98
5.226083501	1514
5.226109995	86
5.226083728	1514
5.234774435	1514
5.234798075	86
5.236391408	1514
5.245070036	2942
5.245146470	86
5.255405833	2942
5.255406076	2942
5.255480758	86
5.265766736	2942
5.265842590	86
5.276102871	2942
5.276125728	98
5.286402846	2942
5.286429913	86
5.296715974	4370
5.296740669	86
5.307026117	4370
5.307051362	86
5.317295245	4370
5.317320539	86
5.327570373	4370
5.327595420	86
5.337879485	2942
5.337925203	86
5.337879778	2942
5.337879848	1514
5.337993057	86
5.348284048	2942
5.348284265	2942
5.348284335	1514
5.348361702	86
5.376459443	1514
5.419104567	86
5.429353887	2942
5.429354107	2942
5.429354175	1514
5.429430279	86
5.439694580	2942
5.439694800	2942
5.439694870	1514
5.439771880	86
5.450059652	2942
5.450059872	2942
5.450059960	1514
5.450138677	86
5.460407600	2942
5.460407822	2942
5.460407892	1514
5.460485529	86
5.470774020	2942
5.470774240	2942
5.470774330	2942
5.470774400	2942
5.470853374	86
5.481116795	2942
5.481117015	2942
5.481117082	2942
5.481117152	2942
5.481196774	86
5.491484135	2942
5.491484357	2942
5.491484425	2942
5.491484495	2942
5.491563007	86
5.501838790	2942
5.501839010	2942
5.501839080	2942
5.501839150	2942
5.501919102	86
5.512182912	2942
5.512183142	2942
5.512183212	2942
5.512183280	1514
5.512183350	1514
5.512261811	86
5.522552202	2942
5.522552422	2942
5.522552492	2942
5.522552562	2942
5.522595187	2942
5.522595332	1514
5.522632279	86
5.532908372	2942
5.532908594	2942
5.532908662	2942
5.532950607	98
5.532908732	2942
5.532969249	98
5.532974609	1514
5.532992684	98
5.543202275	2942
5.543202495	2942
5.543202565	2942
5.543202635	1514
5.543248044	98
5.553541645	1514
5.553568335	86
5.553541865	2942
5.553541935	2942
5.553542005	2942
5.553626597	86
5.563862047	4370
5.563862263	2942
5.563862333	2942
5.563862403	1514
5.563942050	86
5.574229697	2942
5.574229947	4370
5.574230017	2942
5.574230087	1514
5.574309612	86
5.584586330	2942
5.584609182	98
5.584586555	2942
5.584630712	98
5.584586625	2942
5.584643644	98
5.594907092	2942
5.594907315	2942
5.594944610	86
5.594907382	1514
5.605229343	2942
5.605253923	86
5.605229568	2942
5.605307197	86
5.615465043	2942
5.615465259	2942
5.615465329	2942
5.615544113	86
5.625831308	2942
5.625831533	2942
5.625831601	2942
5.625909408	86
5.636169928	2942
5.636170151	2942
5.636170238	2942
5.636247865	86
5.646536298	2942
5.646536521	2942
5.646536591	2942
5.646536658	1514
5.646536728	1514
5.646615003	86
5.656906403	2942
5.656906631	2942
5.656906698	2942
5.656947788	98
5.667199496	2942
5.667224283	98
5.667199718	2942
5.667244338	98
5.667199788	2942
5.667880819	98
5.676463706	1514
5.676488004	98
5.677477719	1514
5.677503346	86
5.677477947	1514
5.678031777	2942
5.678056355	86
5.686772044	1514
5.687774752	1514
5.687798532	86
5.688315423	2942
5.688315648	1514
5.688392838	86
5.698088047	2942
5.698164009	86
5.698597384	2942
5.698597606	2942
5.698672713	86
5.708429235	2942
5.708505812	86
5.708897184	2942
5.708897409	2942
5.708972381	86
5.718791402	2942
5.718868272	86
5.719193367	2942
5.719193599	2942
5.719269126	86
5.729106062	2942
5.729182904	86
5.729445755	2942
5.729445977	2942
5.729477650	98
5.739426788	2942
5.739451315	98
5.739656121	2942
5.739680456	98
5.739656346	2942
5.740322198	98
5.748459545	1514
5.748483677	98
5.749931944	1514
5.749954409	98
5.750603661	2942
5.750627844	98
5.760213474	1514
5.760240459	86
5.760213702	1514
5.760259704	98
5.760823900	2942
5.760847745	98
5.770525317	1514
5.770548709	98
5.776444932	1514
5.776470926	86
5.780819578	2942
5.780843787	86
5.791113750	2942
5.791138420	86
5.791114025	2942
5.791191872	86
5.801428376	2942
5.801428598	2942
5.801504400	86
5.811788840	2942
5.811789068	2942
5.811865233	86
5.822153228	2942
5.822153473	2942
5.822229378	86
5.832475691	2942
5.832475913	2942
5.832475983	2942
5.832554783	86
5.842847375	1514
5.842869268	98
5.842847598	2942
5.842890135	98
5.842847668	1514
5.842902615	98
5.853145718	1514
5.853145938	2942
5.853180958	86
5.853146008	1514
5.863440114	2942
5.863464281	86
5.873747691	2942
5.873772004	86
5.873747914	2942
5.873747984	1514
5.873826064	86
5.884034450	2942
5.884034720	2942
5.884111239	86
5.894401472	2942
5.894424352	98
5.894401697	2942
5.894445061	98
5.904693830	1514
5.904719387	86
5.915005747	2942
5.915030075	86
5.915005972	2942
5.915101929	86
5.925277708	2942
5.925277931	2942
5.925353522	86
5.935598391	2942
5.935675728	86
5.945964358	2942
5.945987385	98
5.956267188	2942
5.956293816	86
5.966579606	4370
5.966604578	86
5.976890429	4370
5.976914839	86
5.987155365	4370
5.987179872	86
5.997450940	1514
5.997451162	2942
5.997484857	86
6.024440527	1514
6.067103930	86
6.077378381	2942
6.077378625	2942
6.077378695	1514
6.077454530	86
6.124453309	1514
6.167103775	86
6.177390426	2942
6.177390651	2942
6.177390721	1514
6.177467498	86
6.244447312	1514
6.287104158	86
6.297394776	2942
6.297395001	2942
6.297395071	1514
6.297471745	86
6.307755896	2942
6.307756121	2942
6.307756188	1514
6.307832188	86
6.318113941	2942
6.318114163	2942
6.318114233	1514
6.318190923	86
6.328441011	2942
6.328441231	2942
6.328441301	2942
6.328441371	2942
6.328519350	86
6.338811416	2942
6.338811636	2942
6.338811706	2942
6.338811776	1514
6.338811843	1514
6.338890548	86
6.349167448	2942
6.349167671	2942
6.349167743	2942
6.349167813	2942
6.349247278	86
6.359525078	2942
6.359525313	2942
6.359525383	2942
6.359525450	2942
6.359604653	86
6.369894118	2942
6.369894340	2942
6.369894413	2942
6.369894483	2942
6.369936203	2942
6.369974695	86
6.380264055	2942
6.380264275	2942
6.380264345	2942
6.380264415	2942
6.380307107	2942
6.380343060	86
6.390630690	2942
6.390630913	2942
6.390630983	2942
6.390631050	2942
6.390671410	1514
6.390685170	98
6.400984500	2942
6.401008180	106
6.400984718	2942
6.401029402	106
6.400984808	2942
6.401683798	106
6.411288823	1514
6.411315825	98
6.411289040	2942
6.411337658	86
6.411289110	1514
6.411896894	2942
6.411921426	86
6.421583986	2942
6.421608746	86
6.421584203	2942
6.421660715	86
6.422140479	1514
6.422162696	98
6.431889164	2942
6.431913583	98
6.431889386	2942
6.431933998	98
6.442202106	2942
6.442229501	86
6.442202329	4370
6.442283333	86
6.452508922	2942
6.452509144	2942
6.452509214	2942
6.452586091	86
6.462875221	2942
6.462875447	2942
6.462875514	2942
6.462951098	86
6.473230236	2942
6.473230456	2942
6.473230526	2942
6.473307096	86
6.483598924	2942
6.483599166	2942
6.483599236	2942
6.483676711	86
6.493968789	2942
6.493969009	2942
6.493969079	2942
6.493969149	2942
6.494048798	86
6.504312336	2942
6.504312556	2942
6.504312626	2942
6.504312696	2942
6.504391406	86
6.514677776	2942
6.514677999	2942
6.514678069	2942
6.514678136	2942
6.514756885	86
6.525032634	2942
6.525032884	2942
6.525032954	2942
6.525033024	2942
6.525113085	86
6.535394229	2942
6.535394451	2942
6.535394521	2942
6.535394591	2942
6.535435688	1514
6.535448508	98
6.545740336	2942
6.545764766	98
6.545740558	2942
6.545785426	98
6.545740628	2942
6.545740696	2942
6.546436578	98
6.556029734	1514
6.556056691	86
6.556029959	2942
6.556111671	86
6.556674647	2942
6.556674869	2942
6.556751464	86
6.566345474	1514
6.566345697	2942
6.566422214	86
6.566932742	2942
6.566932965	1514
6.566964120	98
6.576674949	2942
6.576699332	98
6.577212258	2942
6.577238378	98
6.577212483	2942
6.577879388	98
6.586982697	1514
6.587008007	98
6.587508178	1514
6.587534725	86
6.587508406	1514
6.588058547	2942
6.588082859	86
6.597273502	1514
6.598349979	2942
6.598374729	86
6.598350199	2942
6.598426759	86
6.608634270	2942
6.608634493	2942
6.608634563	2942
6.608712164	86
6.636439586	1514
6.679101994	86
6.689386545	2942
6.689386767	2942
6.689386837	2942
6.689465722	86
6.699755347	2942
6.699755574	2942
6.699755644	2942
6.699830412	86
6.710113157	2942
6.710113382	2942
6.710113449	2942
6.710192169	86
6.720439370	2942
6.720439592	2942
6.720439665	2942
6.720439735	2942
6.720481084	1514
6.720519712	86
6.730813109	2942
6.730813332	2942
6.730813402	2942
6.730813472	2942
6.730853644	1514
6.730892542	86
6.741174277	2942
6.741174499	2942
6.741174569	2942
6.741215524	98
6.741174637	1514
6.741233677	98
6.751502587	2942
6.751527362	98
6.751502815	2942
6.751502905	2942
6.751502975	1514
6.751561832	98
6.761816315	1514
6.761843334	86
6.761816537	2942
6.761816607	2942
6.761816677	1514
6.761900384	86
6.772113503	4370
6.772113748	2942
6.772113815	2942
6.772192459	86
6.782475728	2942
6.782475953	2942
6.782476023	2942
6.782476093	1514
6.782554287	86
6.792845837	2942
6.792846057	2942
6.792846127	2942
6.792846197	1514
6.792926312	86
6.803188528	2942
6.803188748	2942
6.803188818	2942
6.803188888	1514
6.803267232	86
6.813536073	2942
6.813536297	2942
6.813536393	2942
6.813536463	2942
6.813577680	1514
6.813616579	86
6.823902650	2942
6.823902875	2942
6.823902945	2942
6.823903015	2942
6.823944372	1514
6.823982597	86
6.834273420	2942
6.834273642	2942
6.834273712	2942
6.834273782	2942
6.834314987	1514
6.834353524	86
6.844612212	2942
6.844612432	2942
6.844612502	2942
6.844653382	98
6.844612572	1514
6.844673107	98
6.854947282	2942
6.854971642	98
6.854947507	2942
6.854947577	2942
6.855614678	98
6.865255050	1514
6.865255275	1514
6.865806064	2942
6.865806289	2942
6.865893195	98
6.876166839	1514
6.876194278	86
6.876167081	2942
6.876167171	2942
6.876167241	1514
6.876252715	86
6.886481516	2942
6.886481741	2942
6.886481811	2942
6.886481879	1514
6.886559606	86
6.896823789	2942
6.896824009	2942
6.896824079	2942
6.896824149	2942
6.896902668	86
6.924433279	1514
6.967102859	86
6.977393440	2942
6.977393662	2942
6.977393730	2942
6.977393800	2942
6.977471212	86
6.987762047	2942
6.987762270	2942
6.987762340	2942
6.987762410	2942
6.987839289	86
6.998128067	2942
6.998128287	2942
6.998128377	2942
6.998128447	2942
6.998206501	86
7.008457055	2942
7.008457275	2942
7.008457345	2942
7.008457415	2942
7.008499647	2942
7.008499784	1514
7.008537196	86
7.018830877	4370
7.018831099	2942
7.018831167	2942
7.018831237	2942
7.018878449	98
7.029111450	2942
7.029136247	98
7.029111672	2942
7.029156522	98
7.029111740	2942
7.029111810	2942
7.029807055	98
7.039392906	2942
7.039420175	86
7.039393153	1514
7.040018076	2942
7.040043021	86
7.040018298	2942
7.040090455	86
7.049707981	2942
7.049784087	86
7.050306039	2942
7.050379688	86
7.060017791	2942
7.060018011	2942
7.060018078	2942
7.060095153	86
7.060590804	2942
7.060662471	86
7.070385518	2942
7.070385743	2942
7.070385811	2942
7.070464718	86
7.070891640	2942
7.070967007	86
7.081253269	2942
7.081253492	2942
7.081253562	2942
7.081253632	2942
7.081333839	86
7.091625787	2942
7.091626009	2942
7.091626079	2942
7.091626147	2942
7.091705104	86
7.101995447	2942
7.101995669	2942
7.101995737	2942
7.101995807	2942
7.102037151	2942
7.102076661	86
7.112341292	2942
7.112341512	2942
7.112341582	2942
7.112341652	2942
7.112385576	2942
7.112419619	86
7.122710424	2942
7.122710646	2942
7.122710714	2942
7.122710784	2942
7.122751921	2942
7.122792508	86
7.133063531	1514
7.133063751	2942
7.133063821	2942
7.133063891	2942
7.133109829	98
7.133063959	1514
7.133127676	98
7.143391402	2942
7.143416012	98
7.143391637	2942
7.143391707	2942
7.143391774	2942
7.143446286	1514
7.143458506	98
7.153711009	1514
7.153737499	86
7.153711229	2942
7.153711299	2942
7.153793076	86
7.164040789	2942
7.164063672	98
7.164041009	2942
7.164085174	98
7.174350730	2942
7.174378074	86
7.174350952	2942
7.174428044	86
7.184658730	2942
7.184658947	2942
7.184659017	1514
7.184736342	86
7.195025570	2942
7.195025790	2942
7.195025860	1514
7.195115949	86
7.205396407	2942
7.205396627	2942
7.205396697	1514
7.205474124	86
7.215756200	1514
7.215756420	2942
7.215756487	2942
7.215833059	86
7.226125422	2942
7.226125642	2942
7.226125712	2942
7.226125779	1514
7.226203316	86
7.236493227	2942
7.236493447	2942
7.236527007	98
7.236493517	1514
7.236546497	98
7.246824812	2942
7.246849389	98
7.246825032	2942
7.246825122	1514
7.246879117	98
7.257098798	1514
7.257125420	86
7.257099018	2942
7.257099088	1514
7.257179144	86
7.267415428	4370
7.267492252	86
7.277769538	2942
7.277792282	98
7.288069853	2942
7.288096820	86
7.298383233	4370
7.298408091	86
7.308676199	2942
7.308700918	86
7.308676426	2942
7.308754770	86
7.318997561	2942
7.319020531	98
7.329303767	2942
7.329328184	98
7.339609457	2942
7.339636824	86
7.349924840	4370
7.349949877	86
7.360217483	4370
7.360242387	86
7.370527468	4370
7.370552493	86
7.380820861	4370
7.380845761	86
7.391106876	2942
7.391132083	86
7.391107121	2942
7.391107211	1514
7.391183753	86
7.401416892	2942
7.401417116	2942
7.401417186	1514
7.401494911	86
7.411782809	2942
7.411783034	2942
7.411783101	1514
7.411859926	86
7.422143511	2942
7.422143731	2942
7.422143801	1514
7.422221961	86
7.432475556	2942
7.432475781	2942
7.432475871	1514
7.432515963	98
7.442803156	2942
7.442827359	98
7.442803382	2942
7.442846711	98
7.452425382	1514
7.452450077	98
7.453013632	1514
7.453039990	86
7.453013852	2942
7.453092767	86
7.462733977	1514
7.463258636	2942
7.463258863	1514
7.463333553	86
7.473624588	2942
7.473624813	2942
7.473624883	1514
7.473702225	86
7.483961753	2942
7.483961978	2942
7.483962048	1514
7.484040203	86
7.494328781	2942
7.494329003	2942
7.494329073	1514
7.494405675	86
7.504672106	2942
7.504672333	2942
7.504672403	1514
7.504749070	86
7.515036833	2942
7.515037055	2942
7.515037125	2942
7.515037193	1514
7.515116700	86
7.525385613	2942
7.525385833	2942
7.525385903	2942
7.525385973	1514
7.525464987	86
7.535743565	2942
7.535743790	2942
7.535743858	2942
7.535743928	1514
7.535822145	86
7.546108913	2942
7.546109138	2942
7.546109208	2942
7.546109275	1514
7.546187612	86
7.572419087	1514
7.615103403	86
7.788412079	1514
7.788432254	98
7.798724727	2942
7.798749872	86
7.798724947	2942
7.798771254	86
7.798725017	2942
7.798784106	86
7.798725087	1514
7.798807501	86
7.809042150	2942
7.809067004	86
7.809042370	2942
7.809088937	86
7.809042440	2942
7.809102487	86
7.809042507	1514
7.809124387	86
7.819363157	2942
7.819387905	86
7.819363397	4370
7.819409069	98
7.829660250	2942
7.829683788	106
7.829660470	2942
7.829709195	98
7.839974465	1514
7.840000805	86
7.839974705	2942
7.840022783	86
7.839974775	2942
7.840035957	86
7.850292875	4370
7.850317768	86
7.850293095	2942
7.850293165	1514
7.850372338	86
7.860593968	2942
7.860594193	1514
7.860594263	2942
7.860670915	86
7.870960586	2942
7.870983198	98
7.870960833	2942
7.871003320	98
7.881250554	1514
7.881278624	86
7.881250774	4370
7.881317136	86
7.891549102	4370
7.891549324	2942
7.891607826	86
7.901892721	2942
7.901892947	2942
7.901893017	1514
7.901971774	86
7.912257756	2942
7.912257981	2942
7.912258051	1514
7.912335076	86
7.922621464	2942
7.922621684	2942
7.922621754	1514
7.922699636	86
7.932973894	2942
7.932974119	2942
7.932974189	2942
7.932974256	1514
7.933051368	86
7.943307084	2942
7.943307329	2942
7.943307396	2942
7.943307466	1514
7.943382681	86
7.953670749	1514
7.953670979	2942
7.953671046	2942
7.953671116	2942
7.953749266	86
7.964024556	2942
7.964024801	2942
7.964024871	2942
7.964024941	1514
7.964104453	86
7.988408900	1514
8.031103645	86
8.041392700	2942
8.041392928	2942
8.041393015	2942
8.041393085	1514
8.041439188	98
8.051703898	2942
8.051728351	98
8.051704123	2942
8.051748330	98
8.051704193	2942
8.052397848	98
8.060409263	1514
8.060434237	98
8.062015208	1514
8.062041736	86
8.062015428	2942
8.062096300	86
8.062632026	2942
8.062709079	86
8.070719790	1514
8.072305244	1514
8.072305464	2942
8.072379078	86
8.072906479	2942
8.072982181	86
8.083268440	2942
8.083268660	2942
8.083268727	2942
8.083268797	1514
8.083346829	86
8.093627084	2942
8.093627309	2942
8.093627379	2942
8.093627447	1514
8.093707354	86
8.104000117	2942
8.104000359	2942
8.104000429	2942
8.104000497	1514
8.104079729	86
8.114368529	2942
8.114368751	2942
8.114368821	2942
8.114368891	1514
8.114445766	86
8.124673144	2942
8.124673367	2942
8.124673454	2942
8.124673524	2942
8.124714596	1514
8.124751996	86
8.135042217	2942
8.135042437	2942
8.135042527	2942
8.135042597	2942
8.135091584	1514
8.135120616	86
8.145407922	2942
8.145408142	2942
8.145408212	2942
8.145449354	98
8.145408282	2942
8.145468429	98
8.155747847	2942
8.155772419	98
8.155748064	2942
8.155748134	2942
8.155748204	1514
8.155807346	86
8.166067684	4370
8.166093119	86
8.166067917	2942
8.166068004	1514
8.166147436	86
8.176380792	2942
8.176381015	2942
8.176381085	2942
8.176381152	1514
8.176458979	86
8.186745542	2942
8.186745774	2942
8.186779437	98
8.186745844	1514
8.186800634	98
8.197062560	2942
8.197086637	98
8.197062785	2942
8.197062855	1514
8.197116157	98
8.207373827	1514
8.207400937	86
8.207374047	2942
8.207374117	1514
8.207453874	86
8.217691898	1514
8.217692120	2942
8.217725550	98
8.228010775	2942
8.228034960	98
8.236403804	1514
8.236427877	98
8.238312481	1514
8.238338448	86
8.238312711	1514
8.246712237	1514
8.246736155	86
8.248623748	1514
8.257013683	2942
8.257091007	86
8.267375930	2942
8.267376172	2942
8.267454027	86
8.277697208	2942
8.277697433	2942
8.277774777	86
8.288058533	2942
8.288058760	2942
8.288135345	86
8.298423877	2942
8.298424103	2942
8.298424170	2942
8.298502737	86
8.308771048	2942
8.308771272	2942
8.308771362	2942
8.308849107	86
8.319114623	2942
8.319114893	2942
8.319114963	2942
8.319193854	86
8.329484490	2942
8.329484712	2942
8.329484780	2942
8.329563072	86
8.339849480	2942
8.339849702	2942
8.339849770	2942
8.339927952	86
8.350213757	2942
8.350213977	1514
8.350214047	2942
8.350214117	2942
8.350214185	2942
8.350294211	86
8.360564392	2942
8.360564617	2942
8.360564687	2942
8.360564757	1514
8.360610912	98
8.370903977	2942
8.370928245	98
8.370904220	2942
8.370948399	98
8.370904290	2942
8.371599867	98
8.380402596	1514
8.380427396	98
8.381167685	2942
8.381191513	98
8.381856795	2942
8.381880768	98
8.390715416	1514
8.391358549	98
8.392124561	1514
8.392150771	86
8.392124781	2942
8.392124851	2942
8.392208263	86
8.401646842	1514
8.402430659	2942
8.402430881	2942
8.402430951	1514
8.402507506	86
8.412769146	2942
8.412769371	2942
8.412769441	2942
8.412769509	1514
8.412847381	86
8.656373868	1514
8.656393708	98
8.666683113	1514
8.666705421	98
8.666683336	2942
8.666726748	98
8.666683406	2942
8.666739783	98
8.676972886	1514
8.676999841	86
8.676973111	1514
8.677018441	86
8.687231314	2942
8.687255887	86
8.687231534	4370
8.687278422	86
8.697540392	2942
8.697565087	86
8.697540617	2942
8.697587152	86
8.697540685	1514
8.697599964	86
8.707875120	2942
8.707900007	86
8.707875385	2942
8.707921544	86
8.707875475	1514
8.707932737	86
8.718170610	2942
8.718193215	98
8.718170833	1514
8.718214032	98
8.728441248	2942
8.728465550	98
8.728441473	1514
8.728488198	98
8.738753709	1514
8.738780551	86
8.738753926	2942
8.738801548	86
8.749061156	4370
8.749086554	86
8.749061374	1514
8.759362767	2942
8.759386829	86
8.769676574	2942
8.769701237	86
8.769676794	2942
8.769753934	86
8.779966322	2942
8.779966542	2942
8.780042747	86
8.790326155	2942
8.790326375	2942
8.790326445	2942
8.790405184	86
8.800672407	2942
8.800695140	98
8.800672632	2942
8.800716629	98
8.810981752	2942
8.811006292	98
8.810981980	2942
8.811029677	86
8.821263593	2942
8.821288285	86
8.821263811	2942
8.821340672	86
8.831543968	2942
8.831544238	2942
8.831544308	1514
8.831621266	86
8.841911706	2942
8.841911928	2942
8.841911998	1514
8.841990370	86
8.872364855	1514
8.915106568	86
8.925379591	2942
8.925379816	2942
8.925379906	1514
8.925456355	86
8.935738913	2942
8.935739138	2942
8.935739206	1514
8.935817528	86
8.946108516	2942
8.946108741	2942
8.946108808	1514
8.946185428	86
8.956478151	2942
8.956478371	1514
8.956478438	2942
8.956478508	2942
8.956478575	1514
8.956557970	86
8.966849730	2942
8.966849950	2942
8.966850020	2942
8.966850090	2942
8.966928882	86
8.977220025	2942
8.977220245	2942
8.977220315	2942
8.977220385	2942
8.977299637	86
8.987590035	2942
8.987590270	2942
8.987590337	2942
8.987590407	2942
8.987669602	86
8.997956882	2942
8.997957105	2942
8.997990810	98
8.997957172	2942
8.998010960	98
8.997957242	2942
8.998021374	98
9.008262468	2942
9.008262690	2942
9.008262780	2942
9.008304350	86
9.008262850	1514
9.051103915	86
9.061377318	1514
9.061377543	2942
9.061377610	2942
9.061377680	2942
9.061377748	1514
9.061455100	86
9.071732785	2942
9.071733008	2942
9.071733078	2942
9.071733148	2942
9.071811122	86
9.082095407	2942
9.082095625	2942
9.082095715	2942
9.082174529	86
9.092464160	2942
9.092487197	98
9.092464390	2942
9.092508457	98
9.092464460	2942
9.092521152	98
9.102778940	2942
9.102805965	86
9.102779160	4370
9.102861260	86
9.113054823	2942
9.113055046	2942
9.113055116	2942
9.113133508	86
9.123419221	2942
9.123419465	2942
9.123452898	98
9.133722011	2942
9.133746383	98
9.133722228	2942
9.133766456	98
9.144030611	2942
9.144057863	86
9.144030858	2942
9.144113018	86
9.154348124	2942
9.154348349	2942
9.154348419	1514
9.154425506	86
9.164695596	2942
9.164695821	2942
9.164695891	1514
9.164773981	86
9.175057849	2942
9.175058081	2942
9.175058151	1514
9.175142543	86
9.185432688	2942
9.185432918	2942
9.185432988	1514
9.185511023	86
9.195794746	2942
9.195794971	2942
9.195795041	1514
9.195873648	86
9.206160173	2942
9.206160393	2942
9.206160461	2942
9.206160531	2942
9.206239430	86
9.216489118	2942
9.216489341	2942
9.216489413	2942
9.216489483	2942
9.216568820	86
9.226854313	2942
9.226854538	2942
9.226854611	2942
9.226854678	2942
9.226933328	86
9.237178916	2942
9.237179136	2942
9.237179206	2942
9.237179276	2942
9.237258833	86
9.264350472	1514
9.307103764	86
9.317371447	2942
9.317371670	2942
9.317371737	2942
9.317371807	2942
9.317412744	2942
9.317450961	86
9.327728192	2942
9.327728415	2942
9.327728482	2942
9.327728552	2942
9.327769527	2942
9.327808824	86
9.338103749	2942
9.338103969	2942
9.338104037	2942
9.338104109	2942
9.338145002	2942
9.338180819	86
9.348469062	2942
9.348469279	2942
9.348469347	2942
9.348469417	2942
9.348509672	2942
9.348549219	86
9.358843954	2942
9.358844174	2942
9.358844244	2942
9.358844314	2942
9.358886199	2942
9.358886329	2942
9.358925331	86
9.369215096	2942
9.369215321	2942
9.369215391	2942
9.369215461	2942
9.369257449	2942
9.369257609	2942
9.369296101	86
9.379590059	2942
9.379590294	2942
9.379623938	98
9.379590384	2942
9.379643991	98
9.379590454	2942
9.379654581	98
9.379659596	2942
9.380305916	98
9.389923169	2942
9.389923391	2942
9.389923484	2942
9.389965976	86
9.390593491	2942
9.390618464	86
9.400235921	2942
9.400261059	86
9.400236147	4370
9.400236217	1514
9.400314914	86
9.400839310	2942
9.400839537	1514
9.400913519	86
9.410610091	2942
9.410610309	2942
9.410610379	2942
9.410687561	86
9.411161052	2942
9.411161280	1514
9.411236914	86
9.420961014	2942
9.420961254	2942
9.420961324	2942
9.421039336	86
9.421466190	1514
9.421488233	98
9.431319776	2942
9.431344231	98
9.431319999	2942
9.431364346	98
9.431320069	2942
9.432000646	98
9.441630924	1514
9.441631149	2942
9.442276434	98
9.442294289	2942
9.442934960	98
9.452549422	1514
9.452575790	86
9.452549642	2942
9.452549712	1514
9.452633124	86
9.453124663	2942
9.453200998	86
9.462862275	4370
9.462939090	86
9.463412284	2942
9.463435253	98
9.473223208	2942
9.473246970	98
9.473623810	2942
9.473647792	98
9.483531678	2942
9.483558433	86
9.483821293	2942
9.483845228	86
9.494102619	1514
9.494124664	98
9.504362537	1514
9.504385669	98
9.514666075	1514
9.514690062	98
9.524937603	2942
9.524962525	98
9.535207681	1514
9.535232973	86
9.535207903	2942
9.535285493	86
9.545528724	4370
9.545528946	1514
9.545605213	86
9.555889431	2942
9.555889653	2942
9.555966553	86
9.566253621	2942
9.566253871	2942
9.566330588	86
9.576589618	2942
9.576589841	2942
9.576666958	86
9.586950971	2942
9.586951193	2942
9.586951263	2942
9.587028673	86
9.597273696	2942
9.597273916	2942
9.597273983	2942
9.597351606	86
9.607624216	2942
9.607624458	2942
9.607624528	1514
9.607624598	1514
9.607703083	86
9.617993263	2942
9.617993488	2942
9.617993556	2942
9.618071763	86
9.628361386	2942
9.628384251	98
9.628361611	2942
9.628405308	98
9.638672363	2942
9.638696746	98
9.638672588	2942
9.638719691	86
9.648971164	2942
9.648995814	86
9.648971386	2942
9.649049151	86
9.659273977	2942
9.659274202	2942
9.659274272	1514
9.659351296	86
9.669605337	2942
9.669605559	2942
9.669605627	1514
9.669683291	86
9.679972004	2942
9.679972227	2942
9.679972297	1514
9.680049513	86
9.690337474	2942
9.690337696	2942
9.690337766	2942
9.690337836	1514
9.690416428	86
9.700685809	2942
9.700686031	2942
9.700686099	2942
9.700686169	1514
9.700764878	86
9.711053444	2942
9.711053669	2942
9.711053736	2942
9.711053806	1514
9.711133006	86
9.721421496	2942
9.721421719	2942
9.721421786	2942
9.721421856	1514
9.721500926	86
9.731788001	2942
9.731788246	2942
9.731788316	2942
9.731788386	1514
9.731866271	86
9.742129339	2942
9.742129561	2942
9.742129631	2942
9.742129701	2942
9.742170376	1514
9.742209903	86
9.752460729	2942
9.752460951	2942
9.752461019	2942
9.752461089	2942
9.752501881	1514
9.752541348	86
9.762829671	2942
9.762829903	1514
9.762829971	2942
9.762830041	2942
9.762830113	2942
9.762908613	86
9.773160336	2942
9.773160556	2942
9.773160626	2942
9.773160696	2942
9.773200623	1514
9.773239873	86
9.783496549	2942
9.783496766	2942
9.783496836	2942
9.783496906	2942
9.783537221	1514
9.783576813	86
9.793873978	2942
9.793874201	2942
9.793874268	2942
9.793874338	2942
9.793916221	2942
9.793916353	2942
9.793955505	86
9.804243453	2942
9.804243676	2942
9.804243743	2942
9.804243813	2942
9.804285276	1514
9.804285436	2942
9.804324368	86
9.814614836	2942
9.814637933	98
9.814615056	2942
9.814657768	98
9.814615126	2942
9.814672078	98
9.814615196	2942
9.814682740	2942
9.815302793	98
9.824894044	1514
9.824920241	86
9.824894264	4370
9.824975646	86
9.825546772	2942
9.825546994	2942
9.825622348	86
9.835170907	4370
9.835245981	86
9.835864242	2942
9.835864462	2942
9.835864532	2942
9.835941723	86
9.845483104	2942
9.845557994	86
9.846169985	2942
9.846170209	2942
9.846170277	1514
9.846208029	98
9.855836154	2942
9.855860724	98
9.856452835	2942
9.856477250	98
9.856453058	2942
9.857116965	98
9.866145117	2942
9.866172544	86
9.866666184	2942
9.866690688	86
9.867370078	2942
9.867394628	86
9.876395698	2942
9.876420368	86
9.876871214	2942
9.876895712	86
9.877611959	2942
9.877636754	86
9.877612184	1514
9.886706253	2942
9.886731018	86
9.887098120	2942
9.887122513	86
9.887850542	2942
9.887875360	86
9.896984829	2942
9.897009731	86
9.897356284	2942
9.897380863	86
9.898124573	2942
9.898150438	86
9.898124798	1514
9.907287739	2942
9.907312296	86
9.907604077	2942
9.907629597	86
9.908412908	2942
9.908437718	86
9.917589939	2942
9.917614614	86
9.917590164	2942
9.917667416	86
9.917786200	2942
9.917858080	86
9.918719356	2942
9.918719581	1514
9.918793611	86
9.927869852	2942
9.927870077	2942
9.927945719	86
9.928035294	2942
9.928115395	86
9.928997707	2942
9.928997932	1514
9.929071994	86
9.938229517	1514
9.938229745	2942
9.938305087	86
9.939338062	2942
9.939361099	98
9.939338312	2942
9.939383191	98
9.949605942	2942
9.949630019	98
9.949606167	2942
9.949606237	2942
9.949661097	86
9.959928075	2942
9.959953057	86
9.959928332	2942
9.959928402	2942
9.960006699	86
9.970242280	2942
9.970242503	2942
9.970242573	2942
9.970242643	1514
9.970319550	86
9.980591788	2942
9.980592030	2942
9.980592100	2942
9.980592170	1514
9.980671947	86
9.990960003	2942
9.990960250	2942
9.990960337	2942
9.990960407	1514
9.991040069	86
10.001330277	2942
10.001330502	2942
10.001330572	2942
10.001330642	2942
10.001369542	1514
10.001409679	86
10.011702602	2942
10.011725419	98
10.011702827	2942
10.011748329	98
10.011702897	2942
10.011761589	98
10.011702967	1514
10.012410460	98
10.022026702	2942
10.022026922	2942
10.022063247	86
10.022026992	1514
10.022644295	1514
10.022669183	86
10.032328730	2942
10.032328953	2942
10.032404277	86
10.032862864	2942
10.032863089	1514
10.032936171	86
10.042681983	2942
10.042682205	2942
10.042757540	86
10.043165009	2942
10.043165257	1514
10.043240214	86
10.052528989	87
10.052604803	86
10.052658270	87
10.052966936	2942
10.053001343	74
10.052967158	2942
10.053022393	74
10.053444322	2942
10.053467117	74
10.053444545	1514
10.053486067	74
10.062954603	90
10.062954828	355
10.063031938	86
10.063149414	90
10.063162472	409
10.063173279	87
10.073371853	86
10.073372080	87
10.073470402	86
10.083596206	86
10.296296694	86
10.296332929	86
