0.000000000	94
0.000035366	94
1.017860562	94
1.017903927	94
1.068193042	86
1.068193295	123
1.068251420	86
1.068342590	87
1.118541485	86
1.118541732	90
1.118541802	210
1.118635945	86
1.118678636	87
1.169008107	94
1.169038484	94
1.209813966	86
1.219238310	86
1.219285837	123
1.219300400	86
1.220336677	87
1.220355080	87
1.270594978	2942
1.270625838	86
1.270595198	2942
1.270646595	86
1.270595268	2942
1.270658387	86
1.270595338	2942
1.270666602	86
1.270671555	2942
1.270678272	86
1.320929443	2942
1.320959883	86
1.320929678	2942
1.320980968	86
1.320929745	2942
1.320992943	86
1.320929815	2942
1.321001350	86
1.321009422	2942
1.321016602	98
1.321009535	2942
1.321025182	106
1.321009605	2942
1.321033865	106
1.321009675	2942
1.321041780	106
1.339115971	87
1.371262316	2942
1.371287060	106
1.371262553	2942
1.371307298	106
1.371262643	2942
1.371320958	106
1.371262713	2942
1.371331675	106
1.371340178	2942
1.371347010	106
1.371340290	2942
1.371340360	2942
1.371340430	2942
1.371366955	2942
1.371367037	2942
1.371386752	98
1.371367125	1514
1.371396570	98
1.371367195	1514
1.371404400	98
1.389390059	98
1.421598718	5798
1.421624026	98
1.421598961	1514
1.421644571	98
1.421599051	2942
1.421599121	2942
1.421663098	1514
1.421679778	86
1.471926404	2942
1.471957326	86
1.471926624	2942
1.471978758	86
1.471926694	2942
1.471990451	86
1.471926764	2942
1.471998673	86
1.472005230	2942
1.472005333	2942
1.472047295	86
1.472132587	2942
1.472163417	86
1.472132807	2942
1.472183612	86
1.472132877	2942
1.472195309	86
1.472132947	1514
1.472202857	86
1.522231039	2942
1.522262074	86
1.522231262	2942
1.522283411	86
1.522231332	2942
1.522295753	86
1.522231399	2942
1.522304506	86
1.522312353	2942
1.522319266	86
1.522312461	2942
1.522327543	86
1.522312529	2942
1.522336186	86
1.522312599	2942
1.522344238	86
1.522349096	2942
1.522356298	86
1.522349193	2942
1.522365048	86
1.572565922	2942
1.572589061	98
1.572566159	2942
1.572610286	98
1.572566229	2942
1.572624369	98
1.572566297	2942
1.572633216	98
1.572641456	2942
1.572648329	98
1.572641559	2942
1.572657716	98
1.572641631	2942
1.572665786	98
1.572641699	2942
1.572673926	98
1.572678968	2942
1.572685188	98
1.572679068	2942
1.572693616	98
1.622909484	2942
1.622933744	98
1.622909719	1514
1.622956734	86
1.622909789	7226
1.622972269	86
1.622980484	5798
1.622988606	86
1.622980584	2942
1.622997326	86
1.673213480	2942
1.673238517	86
1.673213715	2942
1.673260374	86
1.673213785	2942
1.673273472	86
1.673213855	2942
1.673281799	86
1.673289584	2942
1.673296354	86
1.673289684	4370
1.673304577	86
1.673289754	1514
1.673311836	86
1.723538732	2942
1.723566080	86
1.723538967	2942
1.723592857	86
1.723539057	2942
1.723539125	2942
1.723611707	86
1.723616939	2942
1.723617237	2942
1.723624092	86
1.723617362	2942
1.723632349	86
1.723617474	1514
1.723640087	86
1.773867483	2942
1.773895012	86
1.773867718	2942
1.773921592	86
1.773867788	2942
1.773867855	2942
1.773940285	86
1.773945445	2942
1.773945637	2942
1.773952302	86
1.773945740	2942
1.773961015	86
1.773945847	1514
1.773968719	86
1.824160961	2942
1.824188045	86
1.824161181	2942
1.824161251	2942
1.824161318	2942
1.824224380	86
1.824231457	2942
1.824231610	2942
1.824239517	86
1.824231733	2942
1.824231833	1514
1.824247820	86
1.824255257	86
1.874482243	2942
1.874507196	86
1.874482481	2942
1.874531330	86
1.874482551	2942
1.874543643	86
1.874482618	2942
1.874555228	2942
1.874555323	2942
1.874555413	2942
1.874555483	2942
1.874564600	86
1.874568413	1514
1.874581000	86
1.924796021	2942
1.924821048	86
1.924796259	2942
1.924842958	86
1.924796329	2942
1.924856066	86
1.924796396	2942
1.924864311	86
1.924872973	2942
1.924879783	86
1.924873071	2942
1.924888941	86
1.924873141	2942
1.924896583	86
1.924873211	2942
1.924904418	86
1.975130641	2942
1.975153536	98
1.975130876	2942
1.975174103	98
1.975130944	2942
1.975187481	98
1.975131014	2942
1.975197636	98
1.975205773	2942
1.975212516	98
1.975205876	2942
1.975220841	98
1.975205946	2942
1.975228518	98
1.975206016	2942
1.975236258	98
2.025445579	1514
2.025473729	86
2.025445799	4370
2.025501404	86
2.025445869	2942
2.025445937	4370
2.025521921	2942
2.025527406	86
2.025540886	86
2.075757467	4370
2.075785039	86
2.075757740	1514
2.075811124	86
2.075757810	2942
2.075757880	2942
2.075830121	86
2.075831227	2942
2.075831394	2942
2.075842414	86
2.075853729	86
2.075860929	86
2.126094937	2942
2.126122012	86
2.126095215	2942
2.126148089	86
2.126095285	2942
2.126095355	2942
2.126166942	86
2.126167222	2942
2.126167379	2942
2.126179179	86
2.126190169	86
2.176422778	2942
2.176449680	86
2.176423008	2942
2.176476192	86
2.176423078	2942
2.176423145	2942
2.176495197	86
2.176498722	2942
2.176498897	2942
2.176507254	86
2.176499014	2942
2.176515189	86
2.176526119	86
2.226727943	2942
2.226755333	86
2.226728163	2942
2.226781153	98
2.226728233	2942
2.226797577	98
2.226728300	2942
2.226810310	98
2.226820452	1514
2.226830909	98
2.226820662	2942
2.226839887	98
2.226820782	1514
2.226848484	98
2.277061573	2942
2.277087195	98
2.277061778	2942
2.277109428	98
2.277061873	2942
2.277126008	86
2.277061938	4370
2.277135668	86
2.327393446	2942
2.327418738	86
2.327393686	2942
2.327439005	98
2.327393756	2942
2.327452845	98
2.327393823	1514
2.327475385	98
2.377736223	2942
2.377763591	86
2.428029961	2942
2.428054854	86
2.478315657	4370
2.478338577	98
2.528624832	1514
2.528651552	86
2.528625077	2942
2.528673274	86
2.578935947	2942
2.578960817	86
2.578936203	2942
2.578980637	98
2.629251708	2942
2.629275575	98
2.629251928	2942
2.629295238	98
2.645817800	1514
2.645842212	98
2.679573143	2942
2.679596608	98
2.696125553	1514
2.696148011	98
2.729862213	1514
2.729888673	86
2.729862436	2942
2.729909728	86
2.746422313	1514
2.746446593	86
2.780168449	2942
2.780199421	86
2.796708837	2942
2.796739136	86
2.796709079	1514
2.796757344	86
2.830485762	2942
2.830510507	86
2.847034969	2942
2.847059554	86
2.847035239	1514
2.847079309	86
2.897314400	2942
2.897339060	86
2.897314675	2942
2.897361369	86
2.897314745	1514
2.897373667	86
2.947633433	2942
2.947658578	86
2.947633655	2942
2.947680632	86
2.997949388	2942
2.997972160	98
2.997949636	2942
2.997992618	98
3.048262243	1514
3.048288326	86
3.048262468	4370
3.048310373	86
3.098556964	4370
3.098582059	86
3.098557249	2942
3.098603196	86
3.148869452	2942
3.148894226	86
3.148869722	1514
3.148913714	98
3.199185425	2942
3.199209422	98
3.217791352	1514
3.217815870	98
3.249498807	1514
3.249525387	86
3.249499055	1514
3.249543257	86
3.268092962	1514
3.268117342	86
3.299799375	2942
3.299826332	86
3.318386593	2942
3.318413173	86
3.350112118	2942
3.350138780	86
3.368678913	2942
3.368706168	86
3.400427328	2942
3.400453643	86
3.418961919	2942
3.418988371	86
3.450715284	2942
3.450741786	86
3.501031369	2942
3.501058001	86
3.501031612	2942
3.501031682	2942
3.501093431	86
3.501115279	86
3.551347282	2942
3.551373972	86
3.551347529	2942
3.551347619	2942
3.551409289	86
3.551428134	86
3.601666147	2942
3.601692707	86
3.601666387	2942
3.601666455	2942
3.601729177	86
3.601750694	86
3.651969778	2942
3.651996473	86
3.651970008	2942
3.651970078	2942
3.652031047	86
3.652051589	86
3.702293073	2942
3.702320120	86
3.702293290	2942
3.702293358	2942
3.702293428	2942
3.702355618	86
3.702374895	86
3.752614013	2942
3.752640568	86
3.752614256	2942
3.752614326	1514
3.752614396	2942
3.752614463	1514
3.752675985	86
3.752694718	86
3.802928909	2942
3.802955816	86
3.802929129	2942
3.802929196	2942
3.802929266	2942
3.802991851	86
3.803011263	86
3.853253039	2942
3.853279399	86
3.853253284	2942
3.853253351	2942
3.853253421	2942
3.853314903	86
3.853334073	86
3.903551699	2942
3.903578472	86
3.903551934	2942
3.903552024	2942
3.903552092	2942
3.903613146	86
3.903618189	2942
3.903635776	86
3.953858467	2942
3.953885647	86
3.953858685	2942
3.953858755	2942
3.953858822	2942
3.953921332	86
3.953924532	2942
3.953944704	86
4.004167060	2942
4.004191630	86
4.004167295	2942
4.004167365	2942
4.004167435	2942
4.004224847	2942
4.004248137	86
4.054481413	2942
4.054505913	86
4.054481635	2942
4.054481703	2942
4.054481773	2942
4.054539442	2942
4.054561562	86
4.104769053	2942
4.104793838	86
4.104769301	2942
4.104769371	2942
4.104769441	2942
4.104827305	2942
4.104827423	2942
4.104850743	86
4.155097401	2942
4.155121936	86
4.155097641	2942
4.155097709	2942
4.155097779	2942
4.155155781	2942
4.155155898	2942
4.155173493	86
4.155196750	86
4.205417261	2942
4.205441864	86
4.205417484	2942
4.205417551	2942
4.205417621	1514
4.205417689	2942
4.205479836	2942
4.205479953	1514
4.205496661	86
4.205521036	86
4.255726917	2942
4.255751821	86
4.255727154	2942
4.255727224	2942
4.255780866	98
4.255727292	2942
4.255792231	98
4.255797216	2942
4.255804506	98
4.306030905	2942
4.306031125	2942
4.306031195	2942
4.306031265	2942
4.306076249	86
4.306085517	1514
4.347119794	86
4.356367327	2942
4.356391904	86
4.356367565	2942
4.356367632	2942
4.356367702	2942
4.356446447	86
4.397408372	2942
4.397432740	86
4.406680508	2942
4.406704982	86
4.406680728	2942
4.406680798	2942
4.406680868	2942
4.406760305	86
4.447705355	2942
4.447729785	86
4.456966771	4370
4.456967041	2942
4.457000553	98
4.456967131	1514
4.457019120	98
4.497972586	2942
4.497996561	98
4.507291588	2942
4.507291836	2942
4.507291906	2942
4.507291973	1514
4.507336398	98
4.825749760	1514
4.825771655	106
5.337737297	1514
5.337758969	106
5.388041340	2942
5.388065772	98
5.388041585	2942
5.388086109	98
5.388041655	2942
5.388099127	98
5.388041722	2942
5.388107714	98
5.388112717	2942
5.388119309	98
5.438330435	2942
5.438354835	98
5.438330668	2942
5.438374090	98
5.438330738	2942
5.438386937	98
5.438330805	2942
5.438397465	98
5.438403472	2942
5.438409702	98
5.488626971	2942
5.488651091	98
5.488627203	2942
5.488670740	98
5.488627273	2942
5.488683665	98
5.488627341	2942
5.488692893	98
5.488697728	2942
5.488705440	98
5.538915501	2942
5.538939746	98
5.538915734	2942
5.538959748	98
5.538915804	2942
5.538915874	2942
5.538977033	2942
5.540100665	98
5.589232234	2942
5.589232474	2942
5.590376653	98
5.590394750	2942
5.590394966	2942
5.590395038	2942
5.591540590	98
5.640617799	2942
5.640618026	2942
5.641766266	98
5.641784286	2942
5.641784506	2942
5.641784578	2942
5.642913077	98
5.692045689	2942
5.692045944	2942
5.693171215	2942
5.693171438	2942
5.693171508	2942
5.693209930	98
5.743496993	2942
5.743497226	2942
5.743497296	4370
5.743497366	2942
5.744643945	98
5.794916146	2942
5.794916391	2942
5.794916458	2942
5.794916528	2942
5.794953031	2942
5.796048190	98
5.846294966	2942
5.846295201	2942
5.846295271	2942
5.846295341	2942
5.846331385	2942
5.847429233	98
5.897695511	2942
5.897695743	2942
5.897695813	2942
5.897695881	2942
5.898826885	98
5.949119090	2942
5.949119323	2942
5.949119393	2942
5.949119460	2942
5.950266035	106
6.000553715	2942
6.000553958	2942
6.001700914	98
6.393709301	1514
6.393742935	86
6.444012851	1514
6.444042956	86
6.444013099	1514
6.444063606	86
6.494286109	5798
6.494317109	86
6.544552287	2942
6.544577350	86
6.544552532	2942
6.544599442	86
6.544552602	2942
6.544613107	86
6.544552670	1514
6.544620847	86
6.594872353	2942
6.594897420	86
6.594872595	2942
6.594918130	86
6.594872665	2942
6.594931257	86
6.594872735	1514
6.594939272	86
6.645197065	2942
6.645222148	86
6.645197310	2942
6.645243688	86
6.645197378	2942
6.645257125	86
6.645197448	1514
6.645266250	86
6.695492448	2942
6.695517303	86
6.695492683	2942
6.695538786	86
6.695492773	2942
6.695551735	86
6.695492843	2942
6.695559973	86
6.695564503	1514
6.695581265	86
6.745772894	2942
6.745797866	86
6.745773131	2942
6.745819839	86
6.745773221	2942
6.745832883	86
6.745773291	2942
6.745841673	1514
6.745856403	86
6.745871736	86
6.796077332	2942
6.796102359	86
6.796077569	2942
6.796124106	86
6.796077639	2942
6.796136791	86
6.796077707	2942
6.796144476	1514
6.796158469	86
6.796173684	86
6.846395260	2942
6.846422662	86
6.846395480	2942
6.846448994	86
6.846395547	2942
6.846464089	86
6.846395617	2942
6.846475384	86
6.846482639	2942
6.846492951	86
6.896695238	2942
6.896721945	86
6.896695470	2942
6.896748305	86
6.896695560	2942
6.896763695	86
6.896695630	2942
6.896774747	86
6.896781849	2942
6.896793237	86
6.947013038	2942
6.947039770	86
6.947013273	2942
6.947066652	86
6.947013343	2942
6.947082867	86
6.947013410	2942
6.947099640	2942
6.947099802	1514
6.947109897	86
6.947123800	86
6.997344063	2942
6.997390170	86
6.997344383	2942
6.997418340	86
6.997344453	2942
6.997344520	4370
6.997435402	2942
6.997437075	86
6.997448997	86
7.047677798	2942
7.047704538	86
7.047678026	2942
7.047730765	86
7.047678096	2942
7.047746575	86
7.047678163	2942
7.047757955	86
7.047766620	2942
7.047784152	86
7.047766783	2942
7.047801835	86
7.097993846	2942
7.098019558	86
7.097994083	2942
7.098041876	86
7.097994151	2942
7.098054373	86
7.097994221	2942
7.098064928	2942
7.098065038	2942
7.098065108	1514
7.098077378	86
7.098094238	86
7.148306456	2942
7.148331131	86
7.148306696	2942
7.148353356	86
7.148306766	2942
7.148366423	86
7.148306834	2942
7.148375016	86
7.148382428	2942
7.148389426	86
7.148382541	2942
7.148397193	86
7.148382611	1514
7.148416431	86
7.198629974	2942
7.198654744	86
7.198630212	4370
7.198676466	86
7.198630302	2942
7.198689169	86
7.198630369	2942
7.198697146	86
7.198703431	2942
7.198709661	86
7.198703541	2942
7.198717341	86
7.198703611	1514
7.198735448	86
7.248931929	2942
7.248956569	86
7.248932167	2942
7.248978447	86
7.248932239	2942
7.248990864	86
7.248932307	2942
7.248998916	86
7.249005206	2942
7.249011576	86
7.249005302	2942
7.249019386	86
7.249005389	1514
7.249037694	98
7.299225430	2942
7.299249960	98
7.299225650	2942
7.299270195	98
7.299225720	2942
7.299283414	106
7.299225790	2942
7.299296129	2942
7.300406646	106
7.317718924	1514
7.317749203	106
7.349498546	1514
7.349531078	98
7.349498788	2942
7.349552730	86
7.349498858	2942
7.349593790	86
7.350689267	2942
7.350689492	2942
7.350754004	86
7.368031321	1514
7.368087438	86
7.399829933	4370
7.399830181	2942
7.399908940	86
7.401017157	2942
7.401017385	2942
7.401093507	86
7.418351301	1514
7.450177676	2942
7.450202681	86
7.450177926	2942
7.450255985	86
7.451367645	2942
7.451390245	98
7.451367887	2942
7.451409802	98
7.500466956	2942
7.500490794	98
7.500467184	2942
7.500509749	98
7.501648175	2942
7.501648403	1514
7.501683925	98
7.550796734	1514
7.550822429	86
7.550796977	2942
7.550797047	1514
7.550879284	86
7.551965216	2942
7.551965441	1514
7.552042215	86
7.601109010	2942
7.601131629	98
7.602324831	2942
7.602348995	98
7.602325058	2942
7.602367290	98
7.602325128	1514
7.603508637	98
7.651417440	2942
7.652567097	98
7.652583014	1514
7.652603856	86
7.652583231	1514
7.653788508	1514
7.653811932	86
7.702856972	1514
7.704096208	2942
7.704118838	98
7.704096438	1514
7.704138700	98
7.754402953	2942
7.754426676	98
7.754403203	1514
7.754449855	86
7.804719741	1514
7.804741888	98
7.804719986	2942
7.804766088	86
7.855032036	4370
7.855059394	86
7.855032282	1514
7.895117493	86
7.905348307	2942
7.905348532	2942
7.905407039	86
7.955688004	2942
7.955688244	2942
7.955688312	1514
7.955751029	86
8.006040469	2942
8.006040729	2942
8.006040819	1514
8.006104524	86
8.056394332	2942
8.056394577	2942
8.056394667	2942
8.056394734	1514
8.056457862	86
8.106740117	2942
8.106740337	2942
8.106740425	2942
8.106740495	1514
8.106805627	86
8.157095337	2942
8.157095582	2942
8.157095652	2942
8.157095720	1514
8.157159559	86
8.207427975	2942
8.207428220	2942
8.207428290	2942
8.207428357	1514
8.207493534	86
8.257738200	2942
8.257738435	2942
8.257738503	2942
8.257738573	2942
8.257790650	1514
8.257803005	86
8.299116855	86
8.308075433	2942
8.308075678	2942
8.308075748	2942
8.308137542	86
8.349402413	1514
8.349424763	98
8.358422608	2942
8.358446760	98
8.358422828	2942
8.358465263	98
8.358422895	2942
8.359607259	98
8.399708321	1514
8.399735444	98
8.408716271	1514
8.408745078	86
8.408716513	2942
8.408782670	86
8.409854913	2942
8.409911212	86
8.449981137	1514
8.459075393	2942
8.459152245	86
8.460177050	2942
8.460177275	1514
8.460254022	86
8.509445076	2942
8.509467683	98
8.510516883	2942
8.510540070	106
8.559752826	2942
8.559777016	106
8.610022364	1514
8.610022612	1514
8.611169383	106
8.661453071	1514
8.661479084	98
8.661453321	1514
8.661501354	86
8.711775347	5798
8.711800664	86
8.762067685	2942
8.762091990	86
8.762067955	2942
8.762068025	1514
8.762145769	86
8.812415437	2942
8.812415685	2942
8.812415752	1514
8.812493749	86
8.862782350	2942
8.862782575	2942
8.862782662	1514
8.862859844	86
8.913120933	2942
8.913121177	2942
8.913121247	2942
8.913121315	1514
8.913199417	86
8.963487082	2942
8.963487305	2942
8.963520337	98
8.963487375	1514
8.963538375	98
9.013826107	2942
9.013852655	86
9.013826360	2942
9.013906384	86
9.064144273	1514
9.064144495	2942
9.064144565	2942
9.064220920	86
9.114489893	2942
9.114490121	2942
9.114490191	1514
9.114568420	86
9.164857666	2942
9.164857913	2942
9.164857980	1514
9.164935675	86
9.215222440	2942
9.215222685	2942
9.215222775	2942
9.215222845	1514
9.215301315	86
9.265586715	2942
9.265586938	2942
9.265587008	2942
9.265587078	1514
9.265664255	86
9.315938300	2942
9.315938548	2942
9.315938615	2942
9.315938685	1514
9.316016910	86
9.366266073	2942
9.366266296	2942
9.366266366	2942
9.366266436	1514
9.366345585	86
9.416605601	2942
9.416605823	4370
9.416605893	2942
9.416605963	2942
9.416685030	86
9.466977606	2942
9.467000393	98
9.466977831	2942
9.467021638	98
9.466977898	2942
9.467034593	98
9.466977968	1514
9.468171952	98
9.517303368	2942
9.517303613	2942
9.517339771	86
9.517303703	1514
9.518452470	1514
9.518475922	86
9.567615489	2942
9.567615731	2942
9.567692553	86
9.568695096	2942
9.568695321	1514
9.568772003	86
9.617948859	2942
9.617949082	2942
9.618026421	86
9.619053861	2942
9.619054086	1514
9.619131660	86
9.668294367	2942
9.668294587	2942
9.668370511	86
9.669404266	2942
9.669404491	1514
9.669481075	86
9.718659559	2942
9.718659782	2942
9.718736041	86
9.719762978	1514
9.719763206	2942
9.719838550	86
9.769004629	2942
9.769004857	2942
9.769082061	86
9.770081244	2942
9.770081469	2942
9.770158278	86
9.820401424	2942
9.820401671	2942
9.820434931	98
9.820401739	2942
9.820456864	98
9.820401809	1514
9.820466556	98
9.870737364	2942
9.870737589	2942
9.870737684	2942
9.870778609	86
9.921053677	2942
9.921076632	98
9.921053899	2942
9.921098224	98
9.921053987	1514
9.921110964	98
9.971374642	2942
9.971374862	2942
9.971413932	86
10.021693410	2942
10.021720287	86
10.021693658	2942
10.021693748	1514
10.021754860	86
10.063117292	86
10.072005508	2942
10.072005751	2942
10.072064463	86
10.113402315	1514
10.122350876	2942
10.122351120	2942
10.122409312	86
10.172691108	2942
10.172691331	2942
10.172691401	1514
10.172753125	86
10.223038633	2942
10.223038856	2942
10.223038923	2942
10.223115413	86
10.273401038	2942
10.273424001	98
10.273401281	2942
10.273445335	98
10.273401371	2942
10.273459063	98
10.323696941	1514
10.323724803	86
10.323697181	2942
10.323762696	86
10.374024611	4370
10.374047666	98
10.424331514	1514
10.424360699	86
10.424331762	1514
10.467119347	86
10.474619770	1514
10.517408007	2942
10.517435024	86
10.567721132	4370
10.567798357	86
10.618042295	4370
10.618120437	86
10.668409235	2942
10.668409458	2942
10.668409548	1514
10.668486882	86
10.718774855	2942
10.718775123	2942
10.718775210	1514
10.718853259	86
10.769123588	2942
10.769123810	2942
10.769123878	1514
10.769201077	86
10.819483183	2942
10.819483428	2942
10.819483515	1514
10.819560667	86
10.869851483	2942
10.869851730	2942
10.869851798	2942
10.869851868	1514
10.869930227	86
10.920228583	2942
10.920251600	98
10.920228830	2942
10.920272792	98
10.920228900	1514
10.920285427	98
10.970499906	2942
10.970500131	2942
10.970536205	86
11.257605202	1514
11.257624717	98
11.271114129	87
11.271210646	86
11.271262916	87
11.307915190	2942
11.307952572	74
11.307915438	2942
11.307977377	74
11.321493069	86
11.321493299	86
11.321527224	74
11.321550586	90
11.363117797	86
12.921579569	375
12.921603522	86
12.921727576	90
12.921743981	414
12.921755053	87
12.971989699	86
12.971989949	87
12.971990022	86
12.972093208	86
13.022240987	86
